-2.010360241e+00 1.178407431e+00 8.279311657e-01 4.989866018e-01 -9.888702631e-01 1.359393239e+00 2.186337709e+00 4.890532792e-01 -1.065973639e+00 1.431452036e+00 1.541029096e+00 7.063192129e-01
-1.819473505e+00 1.453920007e+00 4.716730416e-01 1.903360784e-01 2.078949064e-01 1.602842569e+00 1.310371459e-01 1.252549887e+00 1.292916059e+00 1.755408287e+00 6.142098308e-01 1.349602580e+00
1.864111185e+00 1.477625728e+00 8.402123451e-01 1.060265064e+00 1.183214426e+00 1.547924399e+00 8.145112395e-01 7.929147482e-01 7.681822777e-01 1.648713827e+00 5.351163149e-01 1.068987250e+00
1.005470276e+00 1.396566033e+00 -3.697702289e-01 1.223699450e+00 9.184752703e-01 1.472064257e+00 -1.252763569e-01 8.649387956e-01 1.042148232e+00 1.556231141e+00 -1.839562804e-01 1.562290192e+00
1.120856404e+00 1.760172725e+00 -2.905620635e-02 1.781785131e+00 1.680020094e+00 1.903017879e+00 3.079943359e-01 2.011388540e+00 7.490721345e-01 1.954011679e+00 6.518515944e-01 1.766053319e+00
1.078805208e+00 2.174721956e+00 -5.588128567e-01 2.462850809e+00 6.578764319e-01 2.325409651e+00 1.498492435e-03 1.623249531e+00 9.103451967e-01 2.427845240e+00 7.766182423e-01 1.897118807e+00
2.421111345e+00 1.891711116e+00 2.195496112e-01 2.738828421e+00 1.066037178e+00 1.946326137e+00 -3.784981789e-03 1.284731627e+00 1.880645156e+00 1.872969508e+00 4.040699601e-01 1.717296243e+00
2.153871775e+00 1.602025390e+00 7.080298066e-01 2.113085985e+00 1.349982619e+00 1.764281511e+00 -5.424209833e-01 1.265593052e+00 2.128550291e+00 1.754683614e+00 -6.330474615e-01 2.343505621e+00
2.143832445e+00 1.963488698e+00 -2.114353031e-01 2.702879667e+00 1.523991585e+00 2.067565918e+00 2.485118806e-01 1.294122696e+00 5.911747217e-01 2.215677977e+00 -4.661552012e-01 2.923326731e+00
1.396683574e+00 2.073370695e+00 -1.122894645e+00 2.068642139e+00 1.612693071e+00 2.108196497e+00 -7.649753094e-01 1.836138964e+00 1.022630334e+00 2.138318539e+00 -1.779628247e-01 2.646211624e+00
1.145077050e-01 1.943190455e+00 2.274369150e-01 1.420606136e+00 8.361510634e-01 1.905878901e+00 -1.607172489e-01 1.612059116e+00 1.379694700e+00 1.859651208e+00 -2.596576512e-01 1.973920822e+00
2.522977889e-01 1.754935265e+00 -6.815282702e-01 1.372161865e+00 6.943333745e-01 1.665853500e+00 -5.314571857e-01 1.363912702e+00 1.532628894e+00 1.559402943e+00 -2.962063551e-01 1.716364384e+00
4.658405781e-01 1.068082690e+00 -1.203565970e-01 7.582466602e-01 3.529776335e-01 1.027182102e+00 -2.676325142e-01 7.657383680e-01 1.589563251e+00 9.766036868e-01 -2.593888938e-01 1.003313780e+00
7.626534700e-01 5.722339749e-01 -4.037053883e-01 4.585037529e-01 5.479057431e-01 5.653383136e-01 -1.552613825e-01 4.176137745e-01 5.967107415e-01 5.335005522e-01 -2.146289945e-01 3.916413784e-01
1.770399809e-01 5.251786709e-01 -5.700101852e-01 2.794906497e-01 5.926773325e-02 4.862573147e-01 -8.794062585e-02 3.207442462e-01 6.993687749e-01 4.213145673e-01 4.793884456e-01 3.435058594e-01
1.068339050e-01 3.151593506e-01 1.098649502e+00 -2.322189510e-03 4.342515171e-01 2.772867680e-01 7.812289596e-01 9.119784087e-02 5.706246495e-01 2.575559318e-01 -3.069622815e-02 1.633244902e-01
5.331333876e-01 1.504811496e-01 1.471633315e-01 5.654444546e-02 8.839876652e-01 8.990313113e-02 3.346196711e-01 1.328510046e-01 4.408538342e-01 8.202016354e-02 4.345100522e-01 4.366613552e-02
1.670830399e-01 5.285374075e-02 2.979868650e-01 -4.204822239e-03 -8.932721615e-02 3.118642606e-02 -2.715767026e-01 -4.310064018e-03 2.036365271e-01 3.110544197e-02 -6.367872357e-01 2.059865370e-02
-1.672701240e-01 2.256806940e-02 -5.014339685e-01 -5.335361697e-03 1.515082121e-01 -1.874341164e-03 3.993920088e-01 2.660610341e-02 2.501653740e-03 -2.767718211e-02 3.001093119e-02 4.590978473e-02
5.698838830e-01 -1.173837334e-01 2.660914361e-01 8.653479069e-02 3.070545197e-01 -1.370698214e-01 1.281451583e-01 7.342571020e-02 7.390780747e-02 -1.168983206e-01 4.369919896e-01 7.623453438e-02
7.880190015e-01 -2.047761530e-01 -1.186677068e-01 1.113654152e-01 1.798683703e-01 -2.314980030e-01 -2.655934989e-01 9.700376540e-02 7.195132375e-01 -2.365669310e-01 3.280027509e-01 7.237231731e-02
2.013786584e-01 -1.606106013e-01 1.849018633e-01 -3.229310736e-02 1.065737963e+00 -2.454115748e-01 3.968053460e-01 1.381152570e-01 7.657905221e-01 -2.717125416e-01 4.063213989e-02 1.339664459e-01
4.763295352e-01 -1.300911605e-01 -5.448938608e-01 1.027565226e-01 7.667287588e-01 -1.531706899e-01 -5.946046710e-01 1.784166992e-01 7.730441689e-01 -1.231953725e-01 2.405916005e-01 1.214259714e-01
6.034854650e-01 -8.777423203e-02 2.027917206e-01 8.143693209e-02 5.136924982e-01 -1.057262868e-01 -6.353625562e-03 7.156572491e-02 1.511783749e-01 -8.540891856e-02 -3.580193818e-01 -7.622703165e-02
1.824492812e-01 6.872491911e-03 -3.881679177e-01 -2.877391875e-02 2.756587863e-01 4.896200728e-03 -8.506122231e-02 4.180067033e-02 2.726578116e-01 1.524667442e-02 -2.821930349e-01 -3.600354120e-02
2.409851998e-01 -2.138598263e-02 -1.602886319e-01 -5.389834289e-03 6.023668051e-01 -2.602902427e-02 -3.628377989e-02 -1.877391338e-02 5.637017488e-01 -8.150044084e-02 8.928026259e-02 -1.215646975e-02
2.603640556e-01 8.711238205e-02 -1.578874514e-02 2.755003572e-01 6.552932262e-01 1.390939951e-01 -5.163733959e-01 3.171496689e-01 8.934376836e-01 5.451019108e-02 -4.651890695e-01 2.387422174e-01
2.034566104e-01 1.062933169e-02 -6.484163404e-01 1.042593196e-01 3.788571656e-01 5.963723361e-02 -3.250086904e-01 2.124132067e-01 3.353779018e-01 2.672502026e-02 7.498427294e-04 1.388263851e-01
9.289283752e-01 2.092340738e-01 1.547039114e-02 3.868048191e-01 6.041020751e-01 2.307148427e-01 -4.215122163e-01 3.893375993e-01 5.570981503e-01 2.709308565e-01 -5.787945986e-01 2.361625731e-01
7.108278275e-01 9.375829250e-03 -4.488428831e-01 1.454473138e-01 6.874346137e-01 6.211874541e-03 -1.674019396e-01 8.105079085e-02 5.007693172e-01 -1.145026088e-02 -4.594272673e-01 -2.515243366e-02
5.615246296e-01 5.981820822e-01 -7.319160104e-01 7.287510633e-01 4.908107221e-01 6.323262453e-01 -9.088174701e-01 5.444697142e-01 7.975265384e-01 6.699180603e-01 -1.021435857e+00 6.495599747e-01
2.377712578e-01 5.669891238e-01 -8.266025782e-01 3.697825372e-01 4.776125252e-01 5.528802276e-01 -4.942587912e-01 4.343954921e-01 9.642620683e-01 5.523601174e-01 9.539395571e-02 5.565389395e-01
-3.077628314e-01 3.655036986e-01 1.810691655e-01 -1.900013536e-01 2.854520679e-01 4.053525627e-01 -1.235969514e-01 1.122194007e-01 1.980714500e-01 4.324841499e-01 8.393534273e-02 2.659721673e-01
4.432749748e-02 3.453086913e-01 2.214519978e-01 -7.131494582e-02 5.564701557e-01 3.136400580e-01 -1.364434361e-01 -9.165289253e-02 4.055550098e-01 3.000990450e-01 -6.360597610e-01 6.234212965e-02
2.635895275e-02 7.436362505e-01 -1.530582011e-01 -3.713891655e-02 4.537006915e-01 7.749593854e-01 -4.776356518e-01 -3.685881943e-02 5.354790688e-01 5.897138715e-01 -7.388707995e-01 2.635485530e-01
9.485334903e-02 5.576186180e-01 7.548956275e-01 -1.756169368e-03 3.342003226e-01 5.871875882e-01 3.779044747e-01 8.463244140e-02 1.191462636e+00 4.872649014e-01 3.307103515e-01 2.772766948e-01
-1.404933482e-01 7.387879491e-01 1.753842682e-01 6.701639891e-01 1.456297338e-01 7.798885703e-01 5.404650569e-01 6.330594420e-01 1.022370577e+00 7.977337241e-01 3.869710267e-01 8.869459033e-01
-2.888240814e-01 3.854935765e-01 2.117347121e-01 2.401492745e-01 3.356691301e-01 4.058482647e-01 -8.103293180e-02 3.746639788e-01 5.630349517e-01 4.601513743e-01 8.574093226e-04 5.532600284e-01
3.891535401e-01 2.877183855e-01 6.747855991e-02 3.195329010e-02 3.920068145e-01 2.875653505e-01 3.708515167e-01 1.704012305e-01 9.314297885e-02 3.882180452e-01 6.412621737e-01 1.961434484e-01
9.877959490e-01 1.574407965e-01 -1.014244258e-01 -1.125344448e-02 5.994920731e-01 6.837482750e-02 5.223295093e-01 -7.106868178e-02 6.353538632e-01 1.107332036e-01 2.563515604e-01 -1.392802000e-01
4.511596560e-01 5.054866150e-02 2.726885676e-01 5.962058157e-02 6.089952588e-01 -1.517716050e-02 5.203832313e-02 -6.786810607e-02 6.777826548e-01 -2.325970680e-02 -1.737740934e-01 -1.371979564e-01
7.140998244e-01 -8.536614478e-02 -2.943683267e-01 1.363390833e-01 5.277177691e-01 -1.241688430e-01 6.741815805e-02 1.472095028e-04 4.357133210e-01 -1.118953004e-01 4.092378020e-01 -3.470151871e-02
8.615715504e-01 1.137878895e-01 9.264091849e-01 2.892020047e-01 6.596745849e-01 8.385231346e-02 6.634011865e-01 2.037569731e-01 7.824090719e-01 9.737204760e-03 7.471557856e-01 1.903889179e-01
2.667916417e-01 1.836301088e-01 6.971121430e-01 -6.961037219e-02 3.758507669e-01 1.747054607e-01 2.757149041e-01 -7.275494188e-02 6.067625880e-01 1.911883652e-01 -5.008385181e-01 1.236756146e-01
5.114179254e-01 8.058547974e-02 -2.903763354e-01 4.124118015e-02 4.220585525e-01 3.773146495e-02 2.222056128e-02 6.456357241e-02 3.730108142e-01 4.892382026e-02 2.183893025e-01 -3.709767479e-03
5.967146158e-01 1.055222303e-01 7.175653428e-02 -9.040265530e-02 7.113084793e-01 3.689649701e-02 3.095441684e-02 -7.640606165e-02 3.665967584e-01 5.714000389e-02 -2.344747074e-02 -8.926924318e-02
9.904718995e-01 1.384553313e-02 -3.272572160e-01 -2.865514457e-01 7.729950547e-01 1.181348693e-03 -5.638428330e-01 -1.688647568e-01 9.081527591e-01 5.425737798e-02 -1.612540185e-01 -6.546464562e-02
1.176984072e+00 2.545420080e-02 1.845152825e-01 -5.357496440e-02 8.730987906e-01 -2.381030843e-02 4.489461333e-02 3.060020506e-03 7.471712828e-01 -5.131420121e-02 2.602159381e-01 9.296034463e-03
1.182432771e+00 3.996184841e-02 5.090368167e-02 1.462958604e-01 3.949788809e-01 -1.868491061e-02 2.041667253e-01 1.448591053e-01 9.209218621e-01 -5.602608249e-02 -4.275491089e-02 1.289576590e-01
9.177889228e-01 6.265959702e-03 -6.544457674e-01 1.318616569e-01 7.705782652e-01 -5.635142699e-02 -8.836591244e-01 1.106325760e-01 5.539543629e-01 -7.656436414e-02 -3.156877458e-01 1.193137020e-01
7.917769551e-01 2.326326072e-02 9.883625433e-03 2.186619341e-01 5.515773296e-01 -2.352679893e-02 -4.859312251e-02 1.778713167e-01 5.104678869e-01 -5.485085398e-02 -4.551498592e-01 8.721316606e-02
9.493373632e-01 7.824975252e-02 -1.557414979e-01 1.745233238e-01 9.302549958e-01 4.068544880e-02 -1.545333564e-01 2.365178913e-01 6.616926789e-01 3.226408362e-02 -2.804769874e-01 1.713939756e-01
4.872893393e-01 -3.636367619e-04 -7.737820596e-02 1.135445610e-01 3.955374062e-01 -1.627658308e-02 1.169338971e-01 1.480141431e-01 6.588696837e-01 1.853798749e-03 -5.534829944e-02 9.463415295e-02
5.584501624e-01 5.592933670e-02 -2.433630824e-01 1.280068010e-01 2.674331665e-01 5.711919069e-02 1.848650426e-01 1.782715917e-01 4.913628697e-01 8.496180922e-02 -2.372210920e-01 7.045996934e-02
6.390247345e-01 8.573147655e-02 5.005383119e-02 1.733264625e-01 8.880580664e-01 8.427915722e-02 2.436053455e-01 2.138897628e-01 6.493110061e-01 8.015891165e-02 9.088280797e-02 1.750211120e-01
2.844532728e-01 1.194425672e-01 -8.517783135e-02 1.753531098e-01 6.236830950e-01 9.874707460e-02 4.005979002e-01 2.394623458e-01 9.004055262e-01 1.501991749e-01 4.542090297e-01 3.897643089e-01
6.790620089e-01 1.381918490e-01 1.192329451e-02 2.452319860e-01 7.158969641e-01 8.770462871e-02 2.550878823e-01 3.263265193e-01 2.871307433e-01 1.189021692e-01 3.310326487e-02 2.035001218e-01
1.172953486e+00 1.395725757e-01 2.288301438e-01 3.922904432e-01 1.051501989e+00 6.633143127e-02 3.090873659e-01 3.542601168e-01 6.888111830e-01 1.257613301e-01 2.240197510e-01 3.592792153e-01
8.583256602e-01 2.572824061e-02 -1.988572534e-03 1.012140810e-01 8.711966276e-01 1.043608040e-02 -1.449026763e-01 1.986040324e-01 1.008556604e+00 1.799508557e-02 -1.104703248e-01 2.732497454e-01
5.796272159e-01 5.519037321e-02 2.271556258e-01 1.787969619e-01 4.626645148e-01 1.564687677e-02 -3.601011261e-02 2.067689300e-01 5.824897885e-01 2.573046833e-02 -2.371109575e-01 2.823897004e-01
2.549741864e-01 3.051421419e-02 4.377436638e-02 1.462879330e-01 -2.753534019e-01 -1.233794540e-02 6.713978648e-01 1.446575969e-01 2.404766083e-01 -3.025264107e-02 9.639061093e-01 1.901667118e-01
-1.515352167e-02 2.570109442e-02 -3.016365692e-03 8.242567629e-02 1.048515886e-01 3.337257728e-02 1.119056121e-01 1.085371226e-01 4.639620893e-03 3.928502649e-02 -5.492005944e-01 1.415403783e-01
6.199907660e-01 8.954671025e-02 -1.820118874e-01 2.207006067e-01 5.769187808e-01 6.821542978e-02 6.557149440e-02 1.771931797e-01 6.739429384e-02 2.855783515e-02 2.615978755e-02 9.914632142e-02
2.351352870e-01 -1.251463871e-02 2.943944931e-01 8.935240656e-02 4.273318350e-01 -4.893264920e-02 3.050246835e-01 4.761546850e-02 2.836133540e-01 -1.431816816e-01 -3.825621903e-01 -7.792375982e-05
5.950561911e-02 -8.479695022e-02 -3.861394897e-02 3.908218443e-02 7.351523638e-01 -8.365397900e-02 3.179144561e-01 5.932452530e-02 9.771000147e-01 -1.740037799e-01 6.156279147e-02 1.613958031e-01
8.545933366e-01 3.630404547e-02 -1.415723003e-02 1.061555073e-01 7.615475655e-01 3.837920353e-02 -1.527975500e-01 1.115411520e-01 7.261459231e-01 -5.327418447e-02 -1.105168834e-01 3.005608171e-02
9.868309498e-01 -4.807551578e-02 -2.856524885e-01 -6.684676558e-02 1.000000715e+00 -7.725966722e-02 -1.304447204e-01 -3.817324340e-02 6.671597362e-01 -1.813329756e-01 3.092621863e-01 -3.196961805e-02
4.450839162e-01 -9.687674046e-02 8.352692127e-01 -1.768399924e-01 4.317341745e-01 -1.061609089e-01 6.620424390e-01 -1.221139282e-01 4.932384491e-01 -1.445463896e-01 1.666354537e-01 3.631018102e-02
7.103169560e-01 -1.131179780e-01 -4.655227661e-01 -4.190931320e-01 6.716114879e-01 -7.521929592e-02 3.246690929e-01 -2.973618805e-01 4.663315117e-01 -8.839038014e-02 3.296494484e-01 -2.653989494e-01
5.219336748e-01 -8.366134763e-02 -3.739355206e-01 -1.951125115e-01 4.794544876e-01 -7.892193645e-02 -3.213374615e-01 -1.495334953e-01 6.721548438e-01 -1.240919977e-01 -1.750181615e-01 -1.877802610e-01
1.416508198e+00 -1.961296350e-01 1.116379350e-01 3.320364654e-02 1.128836036e+00 -2.178745121e-01 -2.874844968e-01 -1.316387355e-01 5.839287043e-01 -2.898834348e-01 -1.864909381e-01 -9.778116643e-02
1.029815793e+00 4.945174754e-01 2.760131955e-01 1.714819819e-01 6.566140652e-01 4.466868341e-01 1.666053653e+00 3.890951872e-01 1.602711916e+00 4.089403749e-01 3.543907166e+00 3.626854718e-01
2.567998648e+00 -6.230924651e-02 1.759867311e+00 3.872202635e-01 1.087204695e+00 -1.306879967e-01 -1.002413988e+00 2.995610051e-02 -5.663030148e-01 -1.073650047e-01 -3.166712284e+00 -2.964231670e-01
-9.281445146e-01 2.647640407e-01 -2.648701429e+00 1.422609203e-03 -6.042366028e-01 3.827241957e-01 -1.271474957e+00 3.243612498e-02 4.088853300e-01 5.052710176e-01 -1.999333501e-01 3.552083373e-01
9.703151584e-01 2.630504668e-01 -9.154218435e-02 2.443181574e-01 1.003730178e+00 3.308557868e-01 8.192481995e-01 3.210992515e-01 8.840592206e-02 4.258107841e-01 1.044157505e+00 3.833136261e-01
-2.895204425e-01 4.091099203e-01 -4.287828878e-02 1.987596005e-01 1.105457172e-01 5.037306547e-01 -4.717583656e-01 2.936910987e-01 5.516973790e-03 5.792405009e-01 -5.814064145e-01 4.782494009e-01
-1.174366176e-01 2.563264966e-01 -2.123239785e-01 5.719346553e-02 -7.071156986e-03 3.625492752e-01 -4.207175225e-02 2.129282653e-01 3.325917125e-01 4.643242359e-01 8.059771359e-02 4.862270653e-01
-4.399799705e-01 2.548430562e-01 -6.694303155e-01 1.254915260e-03 4.202895463e-01 3.299973309e-01 -8.650724292e-01 2.582536638e-01 6.286399364e-01 3.753353059e-01 -8.215278387e-01 3.729149699e-01
-5.883501172e-01 5.483065844e-01 -5.923946854e-03 1.806265116e-01 -5.306730866e-01 6.585328579e-01 8.483005166e-01 2.329969704e-01 -3.510955572e-01 7.494636178e-01 7.370339632e-01 5.430566669e-01
-2.109123170e-01 5.202799439e-01 -9.120608866e-02 1.920680106e-01 -1.953288019e-01 6.371088624e-01 1.095340699e-01 4.436862171e-01 -5.744357780e-02 7.120439410e-01 6.161209345e-01 5.125439763e-01
-5.740891099e-01 4.006954730e-01 1.576712281e-01 2.397113889e-01 7.160982490e-02 4.757124484e-01 -2.831070125e-01 2.535924315e-01 9.584667087e-01 4.927929044e-01 -7.931385040e-01 5.108234882e-01
-8.188117743e-01 -2.192956358e-01 -1.991125941e+00 -3.545383215e-01 5.024388433e-02 -1.430323273e-01 -1.633223176e+00 -2.937803268e-01 1.949880123e-01 -6.477283686e-02 -5.578261241e-02 4.440877959e-02
-5.732035637e-01 7.491008937e-02 9.446190000e-01 -9.967850149e-02 -3.397373259e-01 1.804791391e-01 2.989229262e-01 -4.881013930e-02 7.006633878e-01 2.718688846e-01 8.538878709e-02 3.709838688e-01
4.861066639e-01 -2.575318702e-02 -4.863834977e-01 -2.905773744e-02 2.973482311e-01 8.607089520e-02 -6.192855835e-01 5.444100499e-02 7.251542211e-01 1.894026399e-01 7.667070627e-01 3.093499839e-01
-1.122296095e+00 2.232535928e-01 -2.340164632e-01 -2.876711190e-01 -9.937695265e-01 3.430956304e-01 -3.987011909e-01 5.173777230e-03 -1.120667905e-02 4.199288189e-01 3.908993900e-01 2.627396584e-01
-1.522547603e-01 -2.149634622e-02 1.274675280e-01 -1.782090217e-01 5.061631203e-01 1.203711517e-02 -4.653373063e-01 -5.175840855e-02 5.726571679e-01 1.625053212e-02 -8.021091223e-01 1.162041724e-01
-1.078372523e-01 1.903568804e-01 -5.549601912e-01 -9.029506147e-02 2.473392785e-01 2.959792912e-01 1.227673218e-01 1.090404242e-01 7.569999695e-01 3.330859542e-01 6.304382086e-01 3.428668380e-01
5.579164624e-01 -5.695307627e-02 3.833817840e-01 -3.045025095e-02 7.510738969e-01 -4.968350008e-02 -2.928955853e-01 -2.053114586e-03 6.532785296e-01 -3.132075444e-02 -5.138192773e-01 7.751779258e-02
-1.348125041e-01 -1.216375232e-01 -2.109949589e-01 -2.377857268e-01 1.694420725e-01 -7.358383387e-02 -2.339989692e-01 -7.599995285e-02 4.359372556e-01 -7.003569603e-02 -5.307784081e-01 2.013313398e-02
2.239996195e-01 3.199563362e-03 -4.826897979e-01 -1.274237484e-01 4.995845556e-01 7.969813049e-02 8.380231261e-02 6.242599338e-02 5.464950800e-01 1.291973144e-01 3.879197836e-01 2.061271369e-01
1.657060832e-01 -1.233674735e-01 -3.834361136e-01 -2.052171826e-01 -6.595812272e-03 -5.646656081e-02 -5.294249654e-01 -1.149352640e-01 7.203540206e-02 -2.563676424e-02 -1.945115179e-01 4.117313772e-02
-8.459982276e-02 -4.883894324e-02 -3.127604425e-01 -2.229757011e-01 5.548455119e-01 1.593950577e-02 -1.216682792e-01 2.330074646e-02 5.517766476e-01 4.310754687e-02 -1.017636731e-01 2.017253041e-01
-1.712950766e-01 -1.121107042e-01 -6.118677258e-01 -2.408201396e-01 1.575275511e-01 -3.595799580e-02 -6.928979158e-01 -8.400395513e-02 4.794040322e-01 1.218580455e-02 -3.136853874e-01 3.598872945e-02
4.660849646e-02 -1.684141532e-02 -8.056738973e-02 -6.581381708e-02 4.258485734e-01 4.851988703e-02 -7.728069276e-02 5.369269848e-02 7.226480246e-01 9.744965285e-02 -1.127819717e-01 1.746529192e-01
9.125003591e-03 -8.671599440e-03 -3.002866507e-01 -1.537634730e-01 2.245983630e-01 7.075427473e-02 -1.447244585e-01 -2.603190951e-03 3.859224319e-01 1.220876873e-01 1.983135343e-01 1.885721236e-01
-1.988059133e-01 -1.151865572e-01 -4.096839130e-01 -1.473211497e-01 4.049712420e-01 -4.800966009e-02 -5.643756986e-01 -4.974944144e-02 4.219735265e-01 -3.717848659e-02 -5.104609132e-01 6.013031304e-02
3.530311286e-01 -6.060264632e-02 -5.637484416e-02 -1.015785150e-02 6.367992163e-01 1.684784424e-03 -8.651619405e-02 7.468733937e-02 4.960502088e-01 3.548308089e-02 -1.877598763e-01 1.394710988e-01
-2.434887141e-01 -4.014904797e-02 -4.045120180e-01 -1.709082425e-01 7.201947272e-02 4.472357035e-02 -3.204315007e-01 5.944401026e-03 5.553024411e-01 8.745618165e-02 9.405415505e-02 1.906320751e-01
-4.226785004e-01 -1.335074157e-01 -6.104300022e-01 -2.322414666e-01 4.490175545e-01 -4.354646802e-02 -7.462617159e-01 -1.718589664e-02 4.663992226e-01 -1.160425227e-02 -4.881640077e-01 1.821789443e-01
2.616873682e-01 1.238717735e-01 2.953805327e-01 5.017559603e-02 6.121553779e-01 2.116851807e-01 6.320582628e-01 2.044647336e-01 5.260369778e-01 2.778963149e-01 3.680064380e-01 3.046236336e-01
-2.344207764e-01 -1.303515583e-01 -1.064394593e+00 -2.799535990e-01 5.606752634e-01 -8.318218589e-02 -8.440916538e-01 -3.678004444e-02 8.394439816e-01 -5.044722930e-02 -3.291689977e-02 1.617998779e-01
3.785283864e-02 -1.660118997e-02 -3.892130777e-02 -1.204864755e-01 4.709518552e-01 5.072380975e-02 5.950501934e-02 5.507879704e-02 4.165890515e-01 1.012736708e-01 -1.365005374e-01 1.447139233e-01
7.619439065e-02 -5.215965584e-02 -5.666112304e-01 -1.814029068e-01 2.162460685e-01 4.868935049e-02 -4.660068154e-01 5.403781310e-03 4.005469680e-01 9.131222218e-02 -3.704117611e-02 2.014192492e-01
2.316169739e-01 -5.699345469e-02 -2.284846008e-01 -9.462520480e-02 3.632927835e-01 5.287336558e-02 -5.133571029e-01 8.802404255e-02 1.369611621e-01 1.268226206e-01 -2.727397084e-01 2.077848166e-01
-3.831657469e-01 -6.005480886e-02 -3.345941305e-01 -1.935489625e-01 3.910193443e-01 4.013430700e-02 -4.106538743e-02 6.565093994e-02 8.385839462e-01 1.013282239e-01 3.204146773e-02 3.015557826e-01
3.215742707e-01 -1.228651851e-01 -2.322547697e-02 -5.751612782e-02 5.122114420e-01 -4.796949774e-02 -4.069985747e-01 6.273514777e-02 6.517257690e-01 -8.465868887e-04 -5.134254694e-01 1.645709127e-01
4.088416994e-01 -7.196082175e-02 3.313442692e-02 -3.326070681e-02 3.291560709e-01 2.525213175e-02 -3.968229517e-02 8.924396336e-02 2.862664163e-01 9.336210042e-02 4.584493488e-02 1.872106194e-01
2.151020803e-02 -1.352735162e-01 -2.562192380e-01 -2.017628700e-01 4.651027024e-01 -3.791271523e-02 -3.242033422e-01 5.696983635e-02 2.240210772e-01 4.115606099e-02 -1.441900730e-01 1.442639679e-01
1.089922711e-01 -3.063296527e-02 -4.235865921e-02 -1.103835329e-01 3.104870319e-01 6.071343273e-02 1.867323220e-01 7.333533466e-02 3.651474416e-01 1.123643592e-01 -1.852385849e-01 1.573919952e-01
2.464457005e-01 -7.035590708e-02 -6.751955748e-01 -1.309643239e-01 2.956785560e-01 4.157907795e-03 -4.995843172e-01 3.090052120e-02 6.813706756e-01 6.293110549e-02 2.544338703e-01 2.391858995e-01
5.097960234e-01 -5.596280098e-02 2.753150165e-01 2.514747158e-02 5.530407429e-01 9.960178286e-03 1.936571151e-01 1.855712980e-01 3.747545481e-01 6.145879999e-02 -1.134637669e-01 2.269245386e-01
-5.000618845e-02 -1.048090458e-01 -5.796326399e-01 -1.747668684e-01 4.620889425e-01 -3.208781779e-02 -4.899261296e-01 6.528867036e-02 5.257236958e-01 2.056694403e-02 -2.801772654e-01 1.963663250e-01
-3.933368623e-02 -6.053188071e-02 -5.977699906e-02 -1.711773872e-01 3.104694486e-01 2.070238069e-02 -3.263791651e-02 8.276379108e-02 5.061116815e-01 8.077194542e-02 -1.490585953e-01 2.638902366e-01
6.230397150e-02 -1.294609755e-01 -2.949866354e-01 -1.839569807e-01 9.666668624e-02 -4.568568245e-02 -3.409708142e-01 -2.429409325e-02 4.973928928e-01 -5.643548910e-03 -1.296485066e-01 1.808091849e-01
1.131590232e-01 -1.513663977e-01 2.192720026e-01 -1.532777697e-01 4.156873524e-01 -7.344744354e-02 -2.616226077e-01 -2.766073681e-02 5.399565101e-01 -4.107688740e-02 -4.380277097e-01 1.379953772e-01
5.820331350e-02 -7.139712572e-02 -3.862801492e-01 -1.442433000e-01 4.520064890e-01 2.414482459e-02 8.049260080e-02 5.208292603e-02 5.951845646e-01 8.554148674e-02 4.392393529e-01 2.470954955e-01
-3.280313686e-02 -2.379743159e-01 -1.881286353e-01 -2.807676196e-01 2.377557606e-01 -1.744319052e-01 -4.887799919e-01 -1.244532242e-01 5.908370018e-01 -1.130513176e-01 -3.330669999e-01 7.243310660e-02
5.078800954e-03 -1.532672197e-01 -3.503904343e-01 -2.059387714e-01 2.461675853e-01 -9.056539088e-02 -3.375794291e-01 -2.330192178e-02 8.812157512e-01 -6.273321062e-02 -7.382836193e-02 1.657286286e-01
4.482034147e-01 -1.092044413e-01 5.610810593e-02 -5.387273058e-02 4.510010481e-01 -4.878796637e-02 -1.429737359e-01 2.130652033e-02 2.846063077e-01 -4.655724391e-03 -3.005543649e-01 7.099261135e-02
1.871031672e-01 -1.662535965e-01 -3.906008005e-01 -2.231351584e-01 -4.218682274e-02 -9.219131619e-02 -6.217408553e-02 -8.052251488e-02 -2.288455367e-01 -4.774131998e-02 -3.921870589e-01 -4.987937585e-02
-1.372859180e-01 -1.521062702e-01 -4.852112383e-02 -1.924227923e-01 -7.743985206e-02 -6.799288839e-02 -2.027403712e-01 -8.212763816e-03 -8.608382195e-02 -8.694062009e-03 -4.692232907e-01 1.206862330e-01
-1.736606844e-02 -3.574754670e-02 -4.869007766e-01 -8.991798759e-02 1.986618191e-01 4.674983025e-02 -6.298339367e-01 6.630180776e-02 2.072291076e-01 1.283035576e-01 -3.192785084e-01 1.743491441e-01
3.192981780e-01 -2.236415818e-02 2.304922603e-02 -1.337493770e-02 4.342616498e-01 4.207477439e-03 2.007836476e-02 8.004996926e-02 7.468413711e-01 3.297456726e-02 -7.092911005e-02 2.060273290e-01
5.434615612e-01 -7.777079940e-02 -1.842141598e-01 -5.153105035e-02 5.298410654e-01 -9.845864028e-02 -2.392653376e-01 1.076112688e-02 8.382183909e-01 -8.752537519e-02 4.521333054e-02 1.115945503e-01
-7.720553875e-02 3.083775192e-02 -7.325144112e-02 -8.538994193e-02 -1.792723499e-02 1.714848429e-01 -9.145919234e-02 6.420122832e-02 2.387290001e-01 2.511846125e-01 1.438997090e-01 2.615365386e-01
-1.195793003e-01 -2.881875448e-02 -3.309804797e-01 -1.844023615e-01 4.042274654e-01 6.811177731e-02 -7.363235354e-01 3.204212338e-02 5.730533004e-01 1.361099035e-01 -6.689661145e-01 1.709077358e-01
2.564246655e-01 -2.643431723e-02 -3.822622299e-01 -5.762485042e-02 4.825416207e-01 7.168356329e-02 -1.432412267e-01 8.410788327e-02 5.688618422e-01 1.348279566e-01 -2.439778671e-02 2.135008126e-01
2.513301671e-01 1.259370334e-02 -2.116358280e-02 -2.067483589e-02 4.179438055e-01 9.625206888e-02 -2.187123001e-01 7.852822542e-02 5.816296339e-01 1.433797330e-01 -1.329488009e-01 2.179234624e-01
3.946920335e-01 -4.908680916e-02 -1.337660998e-01 -5.502956733e-02 1.779934019e-01 2.577080019e-02 -4.349743724e-01 2.294984646e-02 2.941453457e-01 6.802082807e-02 -2.949894667e-01 9.875617921e-02
2.485753447e-01 -5.829115957e-02 -5.395198241e-02 -2.723716199e-02 4.877474904e-01 2.755570225e-02 -2.280454487e-01 1.627078354e-01 6.734061241e-01 8.006110042e-02 -1.503351144e-02 3.440202475e-01
3.820855021e-01 -1.435800195e-01 -2.513772249e-01 -3.842177987e-02 3.744225018e-03 -6.786119193e-02 -7.908545732e-01 -2.979799360e-02 7.804353535e-02 -2.341881581e-02 -5.057174563e-01 1.350138634e-01
1.058394909e-01 -6.967615336e-02 2.449169755e-01 -7.316786051e-02 2.295746505e-01 -1.542041264e-02 2.405140251e-01 9.246920794e-02 2.087264508e-01 -6.342714187e-04 -5.065612793e-01 1.226552874e-01
-6.457269192e-02 -2.501123846e-01 -8.028100133e-01 -2.925316393e-01 4.911405742e-01 -1.859217882e-01 -7.986448407e-01 -8.787927777e-02 6.495801806e-01 -1.619712412e-01 1.270264536e-01 9.111496061e-02
4.326668680e-01 -5.232015625e-02 2.175498903e-01 -7.789156400e-03 2.660881877e-01 -1.735278033e-02 2.208286524e-01 3.810458630e-02 2.444210351e-01 -2.545771655e-03 -6.321175396e-02 7.696080208e-02
-9.042510390e-02 -2.002467811e-01 -7.127197385e-01 -2.372818589e-01 -1.732817739e-01 -1.512015015e-01 -6.854650974e-01 -1.558851302e-01 2.524124682e-01 -1.100769788e-01 -1.571866497e-02 1.617858186e-02
2.015424073e-01 -2.044831514e-01 -2.885476947e-01 -1.604377180e-01 1.180294082e-01 -1.751928329e-01 -2.525390685e-01 -7.958875597e-02 9.971752018e-02 -1.573657691e-01 -2.292487584e-02 -2.321816981e-03
4.676003382e-02 -7.784087956e-02 -1.295997854e-02 -7.139480859e-02 5.251600742e-01 -3.222997487e-02 -7.222897559e-02 8.973752707e-02 1.717541367e-01 -1.370099932e-02 -5.042805672e-01 1.074726209e-01
-3.770384789e-01 -5.747582763e-02 -6.876907945e-01 -1.957374513e-01 -8.730708063e-02 2.381969057e-02 -4.534628987e-01 3.893048316e-02 1.492400765e-01 9.174613655e-02 2.590923756e-02 1.745581776e-01
-1.875315607e-02 -8.672559261e-02 1.337240934e-01 -1.508681625e-01 2.489458211e-02 5.227653310e-04 -1.728991866e-01 5.904203281e-04 5.120876804e-02 4.967689514e-02 -3.071977496e-01 8.086889237e-02
-5.749796331e-02 -1.976186335e-01 -2.736520767e-01 -2.175300717e-01 -1.342369020e-01 -1.340150237e-01 -4.114882350e-01 -1.409040987e-01 1.511122733e-01 -1.084846109e-01 -4.779701829e-01 -2.237121016e-02
-2.416487932e-01 -1.209638119e-01 -1.752426475e-01 -2.724580169e-01 -1.660258472e-01 -4.256583005e-02 1.324335784e-01 -1.430617869e-01 2.669146955e-01 -8.768855594e-03 6.706101298e-01 1.243702918e-01
-4.102355838e-01 -1.586522907e-01 3.351292908e-01 -2.001674026e-01 -1.845663935e-01 -1.088588089e-01 -1.559317261e-01 -9.907872975e-02 1.709478535e-02 -8.779355884e-02 -2.686894834e-01 1.566425338e-02
-2.980390191e-01 -2.919234335e-01 -3.558644354e-01 -3.046326339e-01 -1.615286022e-01 -2.521599233e-01 -3.316980302e-01 -1.520897150e-01 2.270060331e-01 -2.379776984e-01 -1.222082824e-01 -7.650133222e-02
-3.004891574e-01 -3.221983016e-01 -2.672097981e-01 -3.327562809e-01 -2.892925441e-01 -2.637081742e-01 -2.459285706e-01 -2.209203541e-01 -9.868512303e-02 -2.464572787e-01 -2.657993436e-01 -4.121613875e-02
-3.199982643e-01 -4.649071991e-01 -6.322957277e-01 -4.310454428e-01 -1.454048753e-01 -3.820755184e-01 -6.146368980e-01 -3.006981015e-01 -3.140349686e-02 -3.788992763e-01 -4.620625973e-01 -2.649079561e-01
-8.122223616e-02 -4.793180227e-01 -2.285910547e-01 -3.794415593e-01 4.753774703e-01 -4.633074701e-01 -4.902077019e-01 -2.847392857e-01 5.485700965e-01 -4.594600499e-01 -5.441461802e-01 -1.446924955e-01
-1.720681936e-01 -4.503239989e-01 -9.188800454e-01 -4.841679335e-01 -1.101243049e-01 -3.939413428e-01 -5.219277740e-01 -3.320042193e-01 -4.307705462e-01 -3.588688374e-01 -8.702652454e-01 -2.578805685e-01
-5.480340123e-01 -2.915262580e-01 -7.305300832e-01 -4.180159569e-01 -2.482520640e-01 -2.429704219e-01 -2.293989211e-01 -2.832127213e-01 -5.262460187e-02 -2.155727893e-01 1.735976487e-01 -1.168713495e-01
-4.337566197e-01 -2.347458154e-01 -4.842427075e-01 -3.651733100e-01 -3.683101237e-01 -1.659165621e-01 -7.246105671e-01 -2.570710182e-01 2.275530435e-02 -1.196906269e-01 5.602390319e-02 -7.796353102e-02
2.458099090e-02 -2.699032724e-01 1.327222139e-01 -2.420927286e-01 -4.459810257e-01 -2.301340699e-01 -3.823842108e-01 -2.399465442e-01 -4.838036299e-01 -2.161400020e-01 -8.730002046e-01 -2.985876501e-01
-2.565664947e-01 -2.457348555e-01 -9.116153121e-01 -3.446167409e-01 2.866209112e-02 -1.820224524e-01 -5.106698275e-01 -1.234595925e-01 1.755874306e-01 -1.669852436e-01 -3.270990849e-01 -1.275792420e-01
-1.249857023e-01 -3.182464838e-01 -3.948553279e-02 -3.074827790e-01 4.147560000e-01 -2.835738659e-01 -1.834921390e-01 -1.860914826e-01 4.374941885e-01 -2.671332359e-01 -2.492383569e-01 -1.622355133e-01
-3.645096123e-01 -3.284413815e-01 -2.978951335e-01 -4.117566943e-01 -3.388014156e-04 -2.664884627e-01 -4.929925203e-01 -2.591716349e-01 1.170622557e-01 -2.462929487e-01 -4.454290867e-01 -1.951538175e-01
-3.920088410e-01 -3.053104877e-01 -5.680043697e-01 -4.401329458e-01 -4.221110344e-01 -2.255782485e-01 -2.197756171e-01 -3.164032102e-01 -2.723045647e-02 -1.967682838e-01 -1.559460759e-01 -2.118083537e-01
-5.067225695e-01 -2.689851820e-01 -3.577576578e-01 -3.311380446e-01 -5.334213842e-03 -2.078716904e-01 -4.509045780e-01 -1.971853524e-01 1.822277009e-01 -1.696049422e-01 -1.698153615e-01 -5.898335576e-02
-3.353615701e-01 -3.888183832e-01 -3.209092915e-01 -4.318786561e-01 -1.915738136e-01 -3.325325847e-01 -6.912884712e-01 -3.361482024e-01 -2.572620511e-01 -2.945831716e-01 -5.693277717e-01 -2.859583795e-01
-5.970278382e-01 -4.007214308e-01 -6.408662200e-01 -4.624217451e-01 -1.435174197e-01 -3.356259465e-01 -3.604616821e-01 -3.490700722e-01 3.807317466e-02 -3.217122257e-01 1.302463189e-02 -1.828051656e-01
-7.960628271e-01 -2.947860956e-01 -4.324147999e-01 -3.439969718e-01 -4.617637396e-01 -1.989623457e-01 -4.645628035e-01 -2.236858457e-01 1.191877667e-02 -1.379264146e-01 -1.533693969e-01 -2.235191874e-02
6.249650940e-02 -3.533073068e-01 2.167285979e-01 -1.705846488e-01 1.802032292e-01 -3.109032512e-01 -5.299953222e-01 -1.682849675e-01 -4.942435324e-01 -2.902528346e-01 -1.202858925e+00 -2.208643556e-01
-9.939219356e-01 6.561203301e-02 -6.024533510e-01 -3.916007280e-01 8.930658549e-02 1.249278933e-01 1.784492493e+00 2.019151673e-02 5.981481075e-01 1.302332282e-01 2.229894161e+00 3.105615377e-01
-1.636624813e+00 -3.784630597e-01 -1.581490040e+00 -5.476279855e-01 -8.553254008e-01 -2.971765995e-01 -2.252432346e+00 -3.864913583e-01 -7.166492194e-02 -2.577738166e-01 -1.559314489e+00 -1.815017611e-01
1.241170838e-01 -1.868088841e-01 -3.943737149e-01 -1.546751857e-01 7.584127784e-02 -1.294051111e-01 -1.652319580e-01 -2.715879865e-02 -5.512174964e-01 -9.494522959e-02 -5.072681904e-01 -1.561693996e-01
-7.311379910e-01 -2.028103471e-01 -7.548705339e-01 -3.514992595e-01 -3.445071578e-01 -1.318781227e-01 -3.717465699e-01 -1.990975738e-01 -3.843311593e-02 -9.611958265e-02 3.036461771e-01 -1.059850957e-02
1.239501014e-01 -3.348379731e-01 -1.241938397e-01 -2.355323583e-01 -1.743037254e-01 -2.831787467e-01 -4.138828814e-01 -2.640449107e-01 -1.755408347e-01 -2.362943888e-01 -2.655335069e-01 -2.189463526e-01
1.403672248e-01 -2.959046662e-01 5.794403702e-02 -2.189958096e-01 -2.671426237e-01 -2.073368579e-01 -8.831124753e-03 -2.567768693e-01 -5.531671047e-01 -1.723787040e-01 -4.404442012e-01 -2.302210778e-01
-5.157387853e-01 -4.317347705e-01 -2.105367929e-01 -4.462747574e-01 -4.932866693e-01 -3.599661887e-01 -6.925214529e-01 -3.466380239e-01 -9.209508300e-01 -3.379716277e-01 -1.277390242e+00 -3.785023689e-01
-1.162509799e+00 -2.199390978e-01 -1.171702385e+00 -5.523557067e-01 -6.527766585e-01 -8.158422261e-02 -3.078605533e-01 -2.092189491e-01 -2.367206477e-02 -2.287137695e-02 5.303003788e-01 2.675522119e-02
2.118900865e-01 -1.978977025e-01 6.260492653e-02 -1.486056149e-01 5.134685710e-02 -1.216126010e-01 1.258932799e-01 -3.833954036e-02 -7.002807260e-01 -8.094945550e-02 -2.398554981e-01 -2.179842144e-01
-1.303720236e+00 -1.523489058e-01 -1.058886293e-02 -4.268110394e-01 -4.648015499e-01 -4.509433731e-02 2.192137688e-01 -1.215884387e-01 2.024576217e-01 1.079634856e-02 -2.508375421e-02 1.031567454e-01
-1.525727212e-01 -2.354859561e-01 -5.828062296e-01 -2.798078358e-01 -1.909256428e-01 -9.842363745e-02 -2.634705603e-01 -1.359853446e-01 -2.590542436e-01 2.643710375e-02 7.688758522e-02 -2.355616912e-02
-7.168932557e-01 -3.239884079e-01 -2.563772798e-01 -3.710580170e-01 -8.151981831e-01 -1.953337342e-01 -4.836005867e-01 -2.684175968e-01 -3.543318510e-01 -7.801581174e-02 -4.223332703e-01 -5.501449853e-02
-3.696844280e-01 -3.198677301e-01 2.385567725e-01 -3.114445806e-01 -7.987420261e-02 -2.459343225e-01 -2.869287133e-01 -2.034730315e-01 9.886558354e-02 -1.385512650e-01 -4.959449470e-01 -6.925474107e-02
-9.638797045e-01 -4.532179832e-01 -8.910630941e-01 -6.181043386e-01 -8.715525866e-01 -3.753168285e-01 -7.252044082e-01 -5.328750610e-01 -6.898995042e-01 -2.918137610e-01 -5.771646500e-01 -3.245536685e-01
-8.631867766e-01 -1.804665625e-01 4.891218245e-01 -3.523407280e-01 -4.755483568e-01 -1.280868500e-01 5.004802346e-01 -2.468827963e-01 -2.997629941e-01 -1.010863855e-01 -1.373206228e-01 -3.988653421e-03
-1.144000411e+00 -2.259361297e-01 -4.211421311e-01 -4.750098288e-01 -1.033508062e+00 -1.655707657e-01 1.109911501e-01 -3.501174152e-01 -8.315181136e-01 -1.071062610e-01 -2.809732594e-02 -1.412974596e-01
-1.182464123e+00 -1.049758941e-01 -2.378522605e-01 -3.462913334e-01 -2.311925143e-01 4.918847699e-03 -2.777651139e-02 -5.283252150e-02 -4.441249967e-01 1.177265570e-01 -1.655283123e-01 1.822623461e-01
-1.164363265e+00 -1.851133257e-01 -6.371306181e-01 -5.173207521e-01 -1.383996129e+00 -3.260183707e-02 -1.422607601e-01 -3.384438455e-01 -9.100471139e-01 7.760951668e-02 -2.664394379e-01 -4.244762007e-03
-1.619297862e+00 -1.197644174e-01 3.363781571e-01 -4.765598476e-01 -8.779715300e-01 5.416518543e-03 5.889376402e-01 -1.048734710e-01 -5.482075810e-01 5.804742500e-02 1.418693215e-01 1.693341434e-01
-1.359934568e+00 -9.180633724e-02 -2.656063735e-01 -4.029487967e-01 -7.645736933e-01 -2.637198567e-02 -4.336329103e-01 -1.423088312e-01 -5.626510382e-01 4.448154569e-02 -4.130440652e-01 6.984342635e-02
-5.882760882e-01 -9.850940108e-02 5.470926166e-01 -3.368476629e-01 -5.432448983e-01 -1.193180680e-02 6.711885333e-01 -1.474706680e-01 -2.495057434e-01 4.478261620e-02 1.030012369e-01 1.071127206e-01
-1.247544169e+00 -1.043342799e-01 -1.014857054e+00 -3.386781812e-01 -1.103088260e+00 -4.607288167e-02 -1.364858508e+00 -1.522465944e-01 -7.789936662e-01 1.634574262e-03 -1.057186961e+00 8.387609571e-02
-1.179346919e+00 -1.107095778e-01 -2.766098976e-01 -3.325377405e-01 -6.525088549e-01 1.183475927e-02 2.752059698e-01 -1.212161854e-01 -3.008011281e-01 5.027980357e-02 2.075097710e-01 1.703697741e-01
-6.978063583e-01 -3.220564127e-02 3.314298689e-01 -2.790747583e-01 -5.993983746e-01 5.405878276e-02 3.249275386e-01 -1.075474471e-01 -3.232166171e-01 1.394139528e-01 -1.654443890e-02 8.013044298e-02
-1.131163687e-01 -1.293935329e-01 -5.923900381e-02 -1.371505558e-01 -6.404193640e-01 -6.694801897e-02 -5.255780816e-01 -1.262139976e-01 -1.302445889e+00 1.364015788e-02 -1.008314848e+00 -1.126470864e-01
-9.908974171e-01 -1.535683870e-01 -1.691586524e-01 -3.060805798e-01 -4.982660115e-01 -8.524739742e-02 5.585347414e-01 -1.058832929e-01 -9.211332351e-02 -3.980147466e-02 7.615470290e-01 7.996243984e-02
-1.064331651e+00 -2.442598641e-01 3.069414794e-01 -3.787498176e-01 -1.355350852e+00 -1.680091321e-01 -3.951655626e-01 -4.167568684e-01 -7.725059986e-01 -9.779749066e-02 -3.250437975e-02 -1.599185914e-01
-2.169198036e+00 -2.094433606e-01 -1.598735929e+00 -5.840906501e-01 -1.406634212e+00 -1.527931988e-01 -1.864483237e+00 -3.358702362e-01 -4.849554896e-01 -4.397823662e-02 -7.444254160e-01 4.677545279e-02
-6.584753990e-01 -1.697213054e-01 2.969726324e-01 -2.318460494e-01 -7.701379061e-01 -6.961350888e-02 8.551355600e-01 -1.242839172e-01 -4.164442420e-01 -1.328632794e-02 1.465673447e-01 6.775698066e-02
-8.725174665e-01 -2.073653638e-01 -3.602039516e-01 -4.084442854e-01 -6.473616362e-01 -1.617757827e-01 -3.807783723e-01 -2.354794443e-01 -2.321199328e-02 -1.253024489e-01 -4.245047271e-01 -1.895149425e-02
-1.166743517e+00 -2.467377484e-01 -6.263859272e-01 -4.118121564e-01 -5.890281200e-01 -2.048950940e-01 -1.968794018e-01 -2.766143382e-01 1.108709127e-01 -2.049743831e-01 2.417297959e-01 1.728845760e-02
-9.103316069e-01 -3.686451614e-01 -5.019976944e-02 -4.241208136e-01 -9.045815468e-01 -3.099099994e-01 -5.013898611e-01 -3.779862225e-01 -4.543194175e-01 -2.719062269e-01 -4.968507886e-01 -2.178668827e-01
-3.849913478e-01 -3.567172289e-01 -1.483823061e-01 -3.601468205e-01 -5.145509243e-01 -3.024618924e-01 4.329555482e-02 -2.676059306e-01 -3.045653701e-01 -2.610189915e-01 -2.470742464e-01 -1.709594131e-01
-5.727199316e-01 -3.822044134e-01 4.740301147e-02 -3.737852275e-01 -4.468320012e-01 -3.130296767e-01 -1.431098580e-01 -3.442048430e-01 -3.732917607e-01 -3.164423108e-01 -3.178257942e-01 -3.178651631e-01
-7.933735847e-01 -4.735331833e-01 -4.486233294e-01 -4.945901632e-01 -6.278740168e-01 -4.031013250e-01 -4.548424780e-01 -4.414971173e-01 -3.149209023e-01 -3.772315979e-01 -6.474714875e-01 -3.443352580e-01
-7.301715612e-01 -3.449731767e-01 -2.681681216e-01 -4.353998005e-01 -2.343957573e-01 -3.051270545e-01 -5.469266325e-02 -3.073744774e-01 -3.319519162e-01 -3.095802367e-01 -6.198402643e-01 -2.874326110e-01
-6.495668292e-01 -2.611060441e-01 -3.350665569e-01 -3.144756258e-01 -4.059792459e-01 -1.934572011e-01 -3.210068122e-02 -1.952194870e-01 -3.727192879e-01 -1.409474462e-01 -4.787446260e-01 -6.213113666e-02
7.594935596e-02 -1.028960794e-01 -2.352384627e-01 -1.361199617e-01 -1.177712306e-01 -5.302906036e-02 3.718640506e-01 -8.307667822e-02 1.175095513e-01 -1.773319021e-02 -1.303938329e-01 -4.061865062e-02
-1.245642543e+00 -3.344719112e-02 -1.364318252e+00 -3.458240032e-01 -3.821436465e-01 2.363342792e-02 -2.431365997e-01 -1.977597177e-01 -3.602278978e-02 8.456368744e-02 3.957332671e-01 8.147849143e-02
-2.549916804e-01 2.385284752e-03 7.315064669e-01 -1.674982160e-01 -3.243342340e-01 5.394563451e-02 -1.322069317e-01 -1.214023158e-01 -2.228103429e-01 1.201187819e-01 -8.485279083e-01 1.825870201e-02
-1.044208884e+00 -3.914457858e-01 -1.256165624e+00 -5.196848512e-01 -7.382907271e-01 -3.583772480e-01 -1.009627819e+00 -3.967460990e-01 -6.891651154e-01 -2.883950472e-01 -3.636571169e-01 -2.906118929e-01
-1.915005744e-01 -2.699638903e-01 5.256262049e-02 -3.862503469e-01 1.629616320e-01 -2.586112916e-01 1.475370079e-01 -3.333756328e-01 3.447102308e-01 -2.806494534e-01 -2.638857365e-01 -2.598970830e-01
1.162581742e-01 -1.847849935e-01 2.245643921e-02 -2.079644352e-01 1.254503578e-01 -1.685246229e-01 7.589837164e-02 -2.065744847e-01 3.920871317e-01 -1.570150703e-01 2.652719617e-01 -1.032722667e-01
-2.642863989e-01 -2.539843917e-01 -3.067879677e-01 -2.668336928e-01 3.137626350e-01 -2.789120376e-01 -4.160444438e-01 -1.636405587e-01 3.666985035e-01 -3.034598231e-01 -2.172393650e-01 -1.449647546e-01
1.334573776e-01 -2.464520335e-01 -4.230451286e-01 -1.848106533e-01 -2.414247394e-01 -2.060541213e-01 -6.465787292e-01 -2.326481789e-01 -1.547214808e-03 -1.735624671e-01 -3.248631358e-01 -1.409035325e-01
2.595817149e-01 -2.193465382e-01 -3.590020835e-01 -2.210218012e-01 4.159890711e-01 -1.848590374e-01 -5.961025879e-02 -1.600437015e-01 1.214344352e-01 -1.544766575e-01 1.878418177e-01 -1.243210360e-01
2.536623552e-02 -1.481551975e-01 1.331444383e-01 -1.709371656e-01 8.568198979e-02 -7.943012565e-02 2.754967511e-01 -1.293878406e-01 -3.670520848e-03 -4.910722747e-02 4.644643050e-04 -7.135098428e-02
-5.881735682e-02 -2.019151002e-01 -5.532888174e-01 -2.585658431e-01 -1.855433732e-01 -1.304455847e-01 -5.100779533e-01 -2.407723218e-01 2.310659736e-01 -7.408761978e-02 5.626941472e-02 -2.253749594e-02
3.488440439e-02 -1.048297435e-01 1.323178262e-01 -2.262177616e-01 3.134307265e-01 -3.386305273e-02 2.584410608e-01 -1.476052552e-01 3.890683949e-01 2.084982581e-02 1.523348242e-01 1.553314775e-01
-1.091412827e-01 -1.767860949e-01 -4.702713788e-01 -3.122264147e-01 -3.597141504e-01 -1.303893477e-01 -2.573001981e-01 -2.260307372e-01 7.558266073e-02 -1.192288324e-01 -3.613609076e-01 -6.360862404e-02
-2.616319954e-01 -2.855948210e-01 -6.600975394e-01 -3.863303065e-01 9.225159883e-02 -2.562568486e-01 -5.981295109e-01 -2.616028488e-01 4.626224563e-02 -2.395977825e-01 -8.523419499e-01 -1.774471998e-01
-1.096647382e-01 -3.418382406e-01 -1.112075686e+00 -3.912589252e-01 2.846887410e-01 -3.345904052e-01 -8.203160167e-01 -2.803808749e-01 7.669522762e-01 -3.098077178e-01 4.144382477e-01 -9.200735390e-02
7.649570238e-03 3.463961557e-02 1.070547938e+00 -1.875241548e-01 4.627263546e-01 9.229455143e-02 1.756328583e+00 -7.715894282e-02 5.192511678e-01 1.193502173e-01 7.279232740e-01 2.222348899e-01
-1.510516554e-01 -1.934836805e-01 -1.063211918e+00 -3.678588271e-01 -6.300745904e-02 -8.909799904e-02 -9.765788913e-01 -2.243835926e-01 6.264702976e-02 -2.624785993e-03 -9.642720222e-01 -1.121411100e-02
-4.658885002e-01 -2.485484779e-01 -1.062610984e+00 -4.300166965e-01 2.080673724e-01 -1.840171069e-01 -7.216593027e-01 -2.131939679e-01 3.814580441e-01 -1.275262237e-01 -3.539019227e-01 1.074303221e-02
1.683849394e-01 -1.863095611e-01 -2.234692723e-01 -1.867171526e-01 4.484677315e-01 -1.382155865e-01 -3.486145753e-03 -8.870591968e-02 4.266163111e-01 -8.048234880e-02 2.530235052e-01 1.485040337e-01
1.760123372e-01 -2.419453859e-01 -2.051662803e-01 -1.625379622e-01 -7.060094923e-02 -1.892116070e-01 -6.539946198e-01 -1.625646204e-01 -3.377215266e-01 -1.191890389e-01 -7.071272135e-01 -2.657516301e-02
1.970995516e-01 -1.903930455e-01 -2.273591906e-01 -1.473099291e-01 3.420802951e-01 -1.323255599e-01 -3.812420964e-01 -3.107175976e-02 4.091676474e-01 -6.955543905e-02 -7.248726487e-02 8.455485851e-02
1.509324908e-01 -1.857033372e-01 3.059413470e-02 -7.342348248e-02 2.264219671e-01 -1.164786816e-01 1.119477078e-01 -4.260575771e-02 3.358779848e-01 -3.471317887e-02 9.508851916e-02 2.396346331e-01
-6.363628507e-01 -4.072064161e-01 -3.229229152e-01 -3.908122778e-01 -2.708836198e-01 -3.669621944e-01 -7.874561548e-01 -3.281385601e-01 4.734096825e-01 -3.298367560e-01 -5.171208382e-01 -1.095902361e-02
-8.540161699e-02 -2.443774343e-01 -2.001379989e-02 -1.418505758e-01 -4.262633026e-01 -1.850049794e-01 -3.906794488e-01 -1.793512404e-01 1.263749450e-01 -1.231292337e-01 -3.320842683e-01 2.450614050e-02
-2.680785358e-01 -1.588437855e-01 -3.465954959e-02 -1.982260346e-01 -1.695752330e-02 -1.171294227e-01 5.736519694e-01 -1.167821810e-01 3.217881918e-01 -5.532849953e-02 5.423480272e-01 1.624099910e-01
-2.849600613e-01 -3.292198777e-01 -6.339526176e-01 -3.364611864e-01 3.353815973e-01 -3.286013007e-01 -8.087888360e-01 -1.694981605e-01 4.840620756e-01 -2.782770991e-01 -9.080498815e-01 -1.709389314e-02
-2.287600189e-01 -1.360987127e-01 -1.207435224e-02 -2.058446854e-01 4.851376414e-01 -1.116875410e-01 1.933850795e-01 1.458533294e-02 6.237263083e-01 -6.774873286e-02 5.747127533e-02 2.403705120e-01
-2.406117506e-02 -1.947593987e-01 4.101113230e-02 -2.499963194e-01 1.085305139e-01 -1.940059364e-01 -2.216940522e-01 -2.179166675e-01 2.034082860e-01 -1.623661220e-01 -4.874174297e-01 -1.846877858e-02
3.946582377e-01 -1.402673423e-01 -5.184168816e-01 -1.528098285e-01 1.136773974e-01 -1.280428171e-01 6.669551879e-02 -1.379626095e-01 -1.374377459e-01 -7.522256672e-02 -1.360252202e-01 -5.764915422e-02
2.766927518e-02 -1.336152554e-01 -1.877960116e-01 -1.539655179e-01 -7.279372215e-02 -7.301767170e-02 -2.427000403e-01 -1.150033399e-01 -1.639889553e-02 -7.771173492e-03 -4.422631860e-01 1.218409836e-01
-3.314951360e-01 -1.522055715e-01 -2.368311137e-01 -2.674866915e-01 -5.699028820e-02 -1.204248667e-01 -7.429306209e-02 -1.529229283e-01 6.946667433e-01 -3.939669579e-02 4.006041586e-02 2.306642532e-01
2.005107254e-01 -4.029243439e-02 -1.372207850e-01 -1.812517941e-01 1.674371064e-01 3.839976341e-02 1.585980318e-02 -6.660973281e-02 2.516606450e-01 1.325045377e-01 1.260398179e-01 2.144942135e-01
-1.249996498e-01 -4.121062905e-02 2.879752219e-01 -2.375878096e-01 -2.576109767e-01 3.533745185e-02 -5.784988403e-02 -1.470918208e-01 -3.386294469e-02 9.306003898e-02 -3.043678403e-01 1.062874869e-01
-5.626400113e-01 -1.277160197e-01 -3.906312287e-01 -3.527260721e-01 -1.020698324e-01 -9.983330965e-02 -1.869852543e-01 -2.029900551e-01 4.505633414e-01 -3.364319727e-02 -5.222894549e-01 9.156224318e-03
-2.798388898e-01 -1.163949370e-01 -3.789066374e-01 -2.911522388e-01 5.075320005e-01 -7.554768026e-02 -6.885056943e-02 -9.870596230e-02 3.897225261e-01 -1.346378867e-02 -2.371457666e-01 3.772231936e-02
-5.151659250e-01 -1.635112017e-01 -3.902868032e-01 -3.927151859e-01 7.683495283e-01 -1.566747278e-01 9.403083473e-02 -1.313918084e-01 9.371256232e-01 -1.126534715e-01 -8.235166967e-02 1.159524620e-01
-1.205853000e-01 -2.120559961e-01 -6.944648921e-02 -3.779909015e-01 5.578783154e-01 -1.780313253e-01 2.992835045e-01 -2.569860220e-01 5.031223893e-01 -1.242945120e-01 -2.120286971e-01 2.334891260e-02
-4.376448393e-01 -1.579488516e-01 -1.666900367e-01 -4.599694908e-01 -3.885103166e-01 -1.336241812e-01 -2.926971018e-01 -2.960103750e-01 -1.285156608e-01 -8.875312656e-02 -5.456016585e-02 -2.768032253e-02
-4.524196386e-01 -1.041325331e-01 5.056935549e-01 -3.877770901e-01 -3.498641551e-01 -5.834736675e-02 3.364690244e-01 -2.700783610e-01 -1.819313131e-02 -9.015664458e-03 -4.808224738e-02 8.565907925e-02
-3.074407279e-01 -1.238564998e-01 -3.848419338e-02 -3.972451687e-01 -6.877725124e-01 -1.220345646e-01 -3.380283713e-01 -2.284974754e-01 4.086663425e-01 -8.331005275e-02 8.804375306e-03 7.011069357e-02
-2.197968215e-01 -5.204169080e-02 4.202513397e-02 -3.149760664e-01 -1.799375266e-01 -2.262253501e-02 -1.824576855e-01 -8.982308954e-02 3.043342233e-01 1.735552587e-02 -1.545066833e-01 1.542574465e-01
-2.106853724e-01 -4.720239341e-02 -1.597988755e-01 -2.777706981e-01 2.429847866e-01 1.586122811e-02 -6.182987988e-02 -4.743362963e-02 9.579160064e-02 3.898306191e-02 1.953950711e-02 9.627003968e-02
-3.099794090e-01 -5.474710092e-02 -3.874102831e-01 -3.318485022e-01 -1.801774055e-01 -1.766327210e-02 -2.933988273e-01 -1.579229683e-01 3.947464526e-01 1.426242106e-02 -8.737059683e-02 5.387603492e-02
-3.400655985e-01 -1.001416445e-01 -1.041148305e-01 -3.465160429e-01 -1.335758623e-02 -6.053530797e-02 1.522828732e-02 -1.798281670e-01 -4.895630106e-02 -1.032054145e-02 1.228937358e-01 -2.008900419e-02
-2.065550536e-01 -6.095413119e-02 -3.396449238e-02 -3.087557852e-01 -6.712290645e-02 -9.137713350e-04 -1.097932085e-02 -1.167800725e-01 -1.119442061e-01 7.391220331e-02 -7.900667191e-02 2.966738492e-02
-4.769626856e-01 -2.153092250e-02 -3.156537712e-01 -3.141109347e-01 7.605315000e-02 3.789827600e-02 5.520451814e-03 -1.124412119e-01 7.870240510e-02 9.245181829e-02 -2.717594802e-01 1.093452349e-01
-1.027365625e-01 2.391685545e-02 -4.007783830e-01 -2.433602810e-01 -4.953645542e-02 8.978495747e-02 -7.105433196e-02 -9.657558054e-02 2.014099807e-01 1.611732692e-01 7.720287144e-02 1.487891227e-01
-5.185056925e-01 1.182720810e-01 3.183201849e-01 -2.683158815e-01 3.056929447e-03 1.850541383e-01 1.668341756e-01 -8.718100190e-02 3.636056483e-01 2.154013813e-01 -2.903140783e-01 2.087155879e-01
2.605673373e-01 3.790291399e-02 3.930653632e-01 -1.580870152e-01 1.516499370e-01 1.114711761e-01 7.584072948e-01 -2.371306717e-02 -5.706228688e-02 1.553168893e-01 2.600105666e-02 2.226591706e-01
-1.557023078e-01 -4.147677496e-02 -4.580495656e-01 -2.790051699e-01 2.779103220e-01 6.889709737e-03 -3.463298976e-01 -7.311388850e-03 2.942048013e-01 1.074700430e-02 3.653569520e-01 1.644680500e-01
3.086909056e-01 -4.252667725e-02 3.487104475e-01 -1.823984832e-01 4.774087965e-01 3.279417288e-03 4.271828234e-01 -4.698947817e-02 2.863171995e-01 1.001569536e-02 -7.450420409e-02 6.906846166e-02
2.490422130e-01 -9.803615510e-02 -7.192131877e-01 -1.972214729e-01 4.882850647e-01 -4.825180024e-02 -5.343606472e-01 -7.295732945e-02 1.554306000e-01 -1.402416546e-02 -5.950065851e-01 7.128897309e-02
3.832231760e-01 7.547384128e-03 -1.889248639e-01 -1.323112100e-01 9.055188298e-01 6.091664732e-02 5.527999401e-01 1.367531717e-01 1.280824661e+00 1.042465717e-01 7.719817162e-01 2.753703594e-01
-5.779534951e-02 -1.229467690e-01 -4.936337173e-01 -3.200810850e-01 -3.871602714e-01 -1.089684963e-01 -1.320685625e+00 -1.949090362e-01 2.955421209e-01 -9.777358174e-02 -1.467798829e+00 1.138307806e-02
1.833831668e-01 -7.825390995e-02 -4.010735750e-01 -3.202365041e-01 4.016163945e-01 -3.615917265e-02 3.151582479e-01 -1.380254924e-01 8.774951696e-01 -6.440023892e-03 6.419099569e-01 7.191514224e-02
4.578530192e-01 -1.016376168e-01 1.025095284e-01 -2.273264378e-01 1.247843355e-01 -3.311389685e-02 -3.253374994e-01 -1.491575539e-01 -1.653843671e-01 8.170475252e-03 -4.891481996e-01 -8.206484467e-02
-5.285792351e-01 -4.959923401e-02 -4.964967668e-01 -3.603340983e-01 -2.070910484e-01 1.238839328e-02 -4.598952830e-01 -1.827831864e-01 3.398327827e-01 5.084457621e-02 -5.028734207e-01 7.974000275e-02
-1.067465544e-01 2.135243081e-02 -4.347248673e-01 -2.129919678e-01 1.911436915e-01 1.030932516e-01 -6.562463939e-02 -7.581043988e-03 3.699761629e-01 1.567742229e-01 2.003475428e-01 1.160982698e-01
-2.758028805e-01 -7.341979071e-03 -1.869407892e-01 -2.253884971e-01 -2.464328334e-02 6.266275048e-02 -1.294240505e-01 -7.240860164e-02 2.338089347e-01 1.195638776e-01 -2.619706690e-01 1.286550909e-01
-4.353867844e-02 5.788600817e-02 -2.411861271e-01 -1.478120685e-01 1.636543274e-01 1.414061487e-01 3.597916663e-02 4.132445902e-02 1.524735391e-01 1.892063916e-01 -4.323291034e-02 1.496612579e-01
-1.116590872e-01 1.232594401e-01 -2.367172837e-01 -1.225846484e-01 -8.819162846e-02 2.484021634e-01 -1.519092172e-01 7.792539895e-02 -4.362139478e-02 3.389827907e-01 -2.002793103e-01 2.539626360e-01
-3.841652572e-01 2.306822240e-01 -4.267305434e-01 -3.638920933e-02 -5.497880578e-01 3.530148864e-01 -4.461092651e-01 5.596068501e-02 -2.177504823e-02 4.103579819e-01 -3.621880710e-01 3.266529441e-01
-4.775425494e-01 2.944662869e-01 -2.165008783e-01 -3.792273626e-02 -2.182238549e-01 3.911769986e-01 4.454525188e-03 1.421108842e-01 -2.553156763e-02 5.055304766e-01 1.578252465e-01 3.593926430e-01
-4.451795518e-01 2.340366542e-01 1.211197600e-01 -7.413110882e-02 -5.610355735e-01 3.184510767e-01 -6.195144355e-02 4.512631148e-02 2.772381306e-01 4.255244136e-01 -1.037761495e-01 3.057122529e-01
-4.170807004e-01 1.679321826e-01 -6.107093692e-01 -7.051690668e-02 -2.582094669e-01 2.401560247e-01 -3.737004399e-01 5.793944001e-02 -1.218713820e-01 3.615886867e-01 -1.047776118e-01 2.371008098e-01
-5.711365938e-01 1.190703064e-01 4.512099922e-02 -1.227874681e-01 -5.347636938e-01 2.406812310e-01 -1.815966517e-01 -3.466231003e-02 -3.062178791e-01 3.645597100e-01 -2.768621445e-01 2.708026767e-01
-2.097394615e-01 8.462302387e-02 6.195251271e-02 -1.154217571e-01 9.028935432e-02 1.631212831e-01 -1.844974607e-01 4.467744380e-02 4.317000806e-01 2.277987450e-01 1.324314177e-01 2.962514460e-01
-3.078097403e-01 2.920184657e-02 3.420040011e-01 -1.902841330e-01 -2.298642993e-01 1.294669807e-01 2.353918850e-01 -6.863959879e-02 -1.061806753e-01 1.914049983e-01 1.883384958e-02 2.089555264e-01
-3.136968017e-01 3.002532758e-03 4.431772605e-02 -1.889171749e-01 4.243579507e-01 1.048852429e-01 3.860924542e-01 2.341994829e-02 -3.951586038e-02 1.657534093e-01 -1.981026828e-01 2.325307280e-01
-5.586589575e-01 -3.788154572e-02 -1.395730376e-01 -2.699640095e-01 -6.074969769e-01 8.149945736e-02 3.286286294e-01 -1.231124252e-01 -5.815820694e-01 1.658447385e-01 -1.097930223e-01 8.581963181e-02
-1.013891697e+00 -3.738881648e-02 -2.724890113e-01 -2.468407452e-01 -4.210025072e-01 2.545384225e-03 -6.230519414e-01 -1.198041961e-01 -2.153172716e-02 -9.904946201e-03 -1.093136787e+00 2.594234422e-02
-4.199773669e-01 4.049282894e-02 -9.348019958e-01 -2.416643202e-01 -3.274989426e-01 1.127115190e-01 -2.849284708e-01 -2.135258168e-02 3.559918404e-01 1.887110323e-01 1.301826119e+00 2.658858001e-01
4.615972936e-02 9.881135076e-03 1.881628990e+00 -7.780359685e-02 3.141852617e-01 4.052120447e-02 1.059312582e+00 3.599750251e-02 -1.319356561e-01 6.744017452e-02 -9.982936978e-01 7.069946826e-02
-4.458962977e-01 -1.014318615e-01 -7.840185761e-01 -2.150948644e-01 -6.538211703e-01 -7.869718969e-02 -8.018078208e-01 -2.071945071e-01 -1.955216378e-01 -9.898375720e-02 -7.730832100e-01 -1.193650216e-01
1.653593630e-01 -1.052349508e-01 2.012736350e-01 -8.373352140e-02 3.136762083e-01 -6.721562147e-02 -2.810781263e-02 2.510284074e-02 6.941308826e-02 -1.036294326e-01 -4.843740165e-01 8.304589987e-02
-3.854267895e-01 -4.823106527e-02 -3.592234254e-01 -2.736891508e-01 -4.481443763e-01 2.265085094e-02 -2.937497795e-01 -1.555317640e-01 1.035717428e-01 -7.204671390e-03 1.969314814e-01 9.892635792e-02
-3.759036064e-01 -3.344921768e-02 -1.203582063e-01 -1.601688862e-01 -3.207339644e-01 -7.991394959e-03 -2.772291005e-01 -9.103353322e-02 4.277818277e-02 -2.866445296e-02 -3.411003351e-01 7.743866742e-02
-6.451018900e-02 -7.242847979e-02 -1.460660547e-01 -2.103880048e-01 -1.526767761e-01 -6.463697646e-03 -4.397245497e-02 -1.110843346e-01 6.661728024e-02 -8.242974989e-03 -9.110574424e-02 7.226891071e-02
-7.325008512e-02 -2.174927667e-02 2.881092131e-01 -1.176363006e-01 9.810820222e-02 4.943647608e-02 -1.488037407e-01 -4.109747708e-02 3.124690652e-01 7.083853334e-02 -4.711058438e-01 1.047686487e-01
-1.434924752e-01 -9.297409654e-02 -6.112818122e-01 -2.096126378e-01 -9.783925861e-02 -4.381452128e-02 -2.613547444e-01 -5.699688196e-02 2.478761226e-01 8.278833702e-03 -2.921606004e-01 1.413827837e-01
-6.148456931e-01 -1.612890959e-01 -3.646930456e-01 -2.508471608e-01 9.820362926e-02 -1.357180178e-01 -4.453261197e-01 2.732755616e-03 5.369567275e-01 -1.237579882e-01 -4.080034792e-01 1.577118188e-01
5.619972348e-01 -1.425389200e-01 1.527112871e-01 -3.069645539e-02 7.732828856e-01 -9.931338578e-02 7.391067147e-01 1.192145795e-01 2.131790519e-01 -7.079115510e-02 2.887475491e-01 1.447671354e-01
-5.836420059e-01 -2.547955513e-01 -1.161205888e+00 -3.609495759e-01 -7.782955170e-01 -2.122269273e-01 -8.099352717e-01 -2.560882568e-01 -1.093603224e-01 -1.560136527e-01 -5.237461925e-01 -4.634780437e-02
-4.076448977e-01 -2.464064062e-01 -1.001774192e+00 -3.186290562e-01 5.266651884e-02 -2.124895304e-01 -5.184414387e-01 -1.742607206e-01 -9.494825453e-02 -1.707194299e-01 2.281797230e-01 -4.647245258e-02
1.804236323e-01 -2.253900915e-01 -3.253149390e-01 -1.296159029e-01 2.636153698e-01 -2.158371955e-01 -7.081596851e-01 -1.582518965e-01 3.365407586e-01 -2.209711522e-01 2.866704762e-01 -7.108291239e-02
3.467954397e-01 -1.986060739e-01 -3.104855716e-01 4.574806988e-02 3.533743918e-01 -2.017084062e-01 -5.675492287e-01 3.636546433e-02 1.034850955e+00 -2.131139338e-01 -1.460577399e-01 2.982145846e-01
4.391426444e-01 -1.608486325e-01 -1.105169058e+00 7.878093421e-02 2.927839756e-01 -1.394850910e-01 -9.342370629e-01 1.320506483e-01 -4.876063168e-01 -1.668707281e-01 -4.508945048e-01 3.837623820e-02
-6.825441122e-01 -7.523171604e-02 -2.067559361e-01 6.629063934e-02 -5.806955099e-01 -4.322087392e-02 -1.129857078e-02 1.469591558e-01 -3.601222336e-01 -5.631257594e-02 -7.059008628e-02 1.915467978e-01
-3.332082033e-01 -1.470363885e-01 -6.251579523e-01 2.214736491e-02 -1.983353347e-01 -1.220120490e-01 -7.336063385e-01 6.817830354e-02 -5.346980095e-01 -1.460741758e-01 -6.469301581e-01 7.448626310e-02
-7.700824142e-01 -5.594554171e-02 -5.735549331e-01 3.559025005e-02 -7.758994102e-01 -4.809622839e-02 -7.810315490e-01 3.556072712e-02 -8.844432980e-02 -6.039327756e-02 -6.269388199e-01 1.845470667e-01
2.577792704e-01 -1.067688018e-01 -3.471713960e-01 1.098327488e-01 8.043714762e-01 -1.460250467e-01 -6.905575991e-01 2.163597047e-01 1.039753318e+00 -1.955715269e-01 -5.057923198e-01 2.429763675e-01
8.773974180e-01 -3.552737832e-02 -2.643090785e-01 2.427422106e-01 1.193002701e+00 -7.299644500e-02 2.513274848e-01 4.063545167e-01 1.093421698e+00 -1.418419927e-01 -4.080906883e-02 3.317797482e-01
6.815095544e-01 -2.545905486e-02 -2.482014298e-01 2.615178227e-01 1.208125114e+00 -4.190423712e-02 5.154828727e-02 4.082506597e-01 1.312471628e+00 -1.116068065e-01 2.144836783e-01 3.630010784e-01
7.850153446e-01 -6.706698798e-03 -2.442424297e-01 2.863321006e-01 8.257902265e-01 -4.392756894e-02 -1.966032088e-01 3.528952003e-01 9.772607088e-01 -8.229859173e-02 -1.575825214e-01 3.540340960e-01
4.838950634e-01 2.115687542e-02 -2.086149305e-01 2.008417100e-01 6.879068017e-01 1.810005866e-02 -2.766710818e-01 2.894857526e-01 9.028062224e-01 -2.586785704e-03 -5.499323085e-02 3.204422593e-01
-4.932828844e-01 2.236638963e-01 -6.315156817e-01 2.121728957e-01 -1.164476126e-01 2.294310331e-01 -7.308297753e-01 3.288496435e-01 3.912609518e-01 1.899905503e-01 -5.651097894e-01 4.425889254e-01
-7.130405307e-01 2.698461711e-01 -7.223793864e-01 2.084993720e-01 -2.255094051e-01 3.474876881e-01 -4.139883518e-01 4.160405397e-01 -4.075635374e-01 3.540212214e-01 -1.419939995e-01 5.195868015e-01
-3.383428156e-01 4.510153830e-01 -2.601086199e-01 4.217447937e-01 2.033451498e-01 4.458225071e-01 -3.685085475e-01 4.747002423e-01 4.180823565e-01 4.116584659e-01 -7.652188540e-01 6.030108929e-01
1.913678348e-01 4.758180976e-01 -8.581289649e-01 5.657052398e-01 2.852529660e-02 5.000486374e-01 -7.527110577e-01 4.843053818e-01 -3.127498627e-01 4.863177836e-01 -7.141760588e-01 6.285387874e-01
-7.310956120e-01 9.624629021e-01 -7.665602565e-01 7.091152668e-01 5.151419640e-01 1.086427689e+00 -3.505266309e-01 9.298532009e-01 3.857808113e-01 1.157570004e+00 -1.903215647e-01 1.152181745e+00
4.053012654e-02 8.753238916e-01 -1.272421718e+00 7.756666541e-01 3.897877038e-01 9.570791721e-01 -1.071994662e+00 8.666388988e-01 5.671515465e-01 9.280353785e-01 -5.911815166e-01 1.158025742e+00
-6.341503561e-02 7.117106915e-01 -6.123746634e-01 7.316884995e-01 5.198142529e-01 7.562499046e-01 -2.067905068e-01 8.285866380e-01 6.840158701e-01 7.639042735e-01 3.117308617e-01 1.094624281e+00
6.775693893e-01 4.924425185e-01 -6.520584822e-01 6.878774166e-01 1.421240270e-01 5.761670470e-01 -8.322808743e-01 5.800337791e-01 -1.245803908e-01 5.941347480e-01 -1.307377219e+00 7.598992586e-01
-1.145578474e-01 4.743711948e-01 -1.231209755e+00 3.955726326e-01 7.899680138e-01 5.051429272e-01 -2.071652114e-01 5.873614550e-01 7.466299534e-01 4.955952764e-01 7.019456029e-01 9.561322331e-01
1.070283055e+00 3.873162568e-01 1.641256660e-01 6.889947653e-01 7.726287246e-01 4.565686882e-01 1.587503105e-01 6.886324883e-01 2.594157755e-01 4.884263575e-01 -1.846032739e-01 7.772852778e-01
6.590632796e-01 3.884753585e-01 -6.253772378e-01 3.494062722e-01 4.540894330e-01 4.599673152e-01 -2.680549324e-01 4.701582193e-01 6.317937970e-01 4.894833565e-01 3.030591309e-01 7.306371331e-01
1.293987989e+00 4.847019613e-01 6.766614914e-01 4.280665219e-01 4.998912513e-01 5.690828562e-01 -6.206452847e-02 5.244954824e-01 4.427984655e-01 6.378297806e-01 -4.993784726e-01 7.344951630e-01
2.998359501e-01 6.827644706e-01 -3.536790013e-01 3.462975323e-01 5.622982979e-01 7.356336117e-01 -1.633344442e-01 5.496002436e-01 8.485252857e-01 7.633334398e-01 3.790715039e-01 7.817771435e-01
7.937793136e-01 4.914018214e-01 -2.500841916e-01 3.438659608e-01 6.176863909e-01 5.415161252e-01 -4.090948105e-01 4.036272764e-01 4.848124385e-01 5.611976385e-01 -6.902392954e-02 6.211866736e-01
6.613285542e-01 6.166843772e-01 -1.995471269e-01 5.357984900e-01 6.503843665e-01 6.736204624e-01 -3.804602325e-01 6.104050875e-01 6.690562367e-01 6.506977081e-01 8.716929704e-02 7.821437716e-01
9.668951631e-01 3.980021477e-01 2.565293573e-02 5.100886822e-01 5.100536346e-01 4.447405934e-01 1.489238888e-01 3.807270825e-01 8.410362601e-01 4.186743796e-01 5.920130759e-02 7.037125230e-01
5.152059197e-01 4.667592645e-01 -1.753030904e-02 4.428593814e-01 7.154772878e-01 5.480418801e-01 -4.862673879e-01 4.993601739e-01 5.639979243e-01 5.446645021e-01 -1.351985335e-01 7.534112334e-01
5.006763339e-01 4.568524361e-01 2.774244547e-02 4.259042442e-01 7.915259600e-01 4.899941981e-01 6.653397679e-01 4.783633649e-01 1.259241581e+00 4.517951906e-01 1.006869435e+00 7.130246758e-01
5.954053998e-01 5.305234194e-01 1.914930195e-01 4.334687293e-01 -9.973987937e-02 6.232507825e-01 2.980713844e-01 3.237327337e-01 2.297443748e-01 7.062507868e-01 -2.839627564e-01 7.038610578e-01
-4.286553338e-02 4.925807416e-01 -1.003692031e+00 2.336648256e-01 4.389602244e-01 5.383443832e-01 -4.954308867e-01 4.199660718e-01 1.276176810e+00 5.772207975e-01 6.895978451e-01 7.049406171e-01
4.493578374e-01 6.187077165e-01 3.259577975e-02 5.138930082e-01 4.708114266e-01 6.947936416e-01 -6.385288388e-02 4.335467815e-01 7.847394347e-01 7.623693347e-01 -1.426349431e-01 7.241731882e-01
5.845539570e-01 6.455265284e-01 -3.009278476e-01 4.920713305e-01 2.592435777e-01 6.922768354e-01 6.598992646e-02 5.814771652e-01 7.353039384e-01 8.317846060e-01 3.865457773e-01 8.265076876e-01
7.694658637e-01 6.605639458e-01 -3.150262535e-01 5.755308867e-01 1.586530507e-01 7.437915802e-01 -5.934018642e-02 4.795148969e-01 8.883118629e-02 8.838656545e-01 -1.252542436e-02 7.847650051e-01
3.807053566e-01 6.678585410e-01 -4.513901174e-01 4.688061774e-01 -7.445503026e-02 7.697543502e-01 -4.710420668e-01 6.010849476e-01 5.925617218e-01 9.355092645e-01 -1.900474876e-01 9.064490199e-01
1.181904152e-01 7.361809611e-01 -4.170005620e-01 4.912161827e-01 6.965772510e-01 8.343313932e-01 -1.405230910e-01 6.614273787e-01 8.381448984e-01 9.579672217e-01 2.912238538e-01 1.023295760e+00
6.623327136e-01 7.358214855e-01 -2.895161211e-01 4.438190758e-01 3.140540421e-01 9.400388002e-01 -7.552762032e-01 7.351102233e-01 -1.178778335e-01 1.134190917e+00 -1.545651704e-01 9.711408615e-01
2.993016243e-01 8.155728579e-01 -1.527971178e-01 5.565898418e-01 2.672262788e-01 1.025026560e+00 1.637313068e-01 6.596231461e-01 3.760045767e-01 1.219106317e+00 5.185665488e-01 1.186134696e+00
-9.977477044e-02 6.623398662e-01 -1.068469211e-01 3.757551908e-01 -4.217702448e-01 8.674239516e-01 -6.616484523e-01 5.724859834e-01 2.694537342e-01 1.069344044e+00 -4.352231026e-01 1.091259360e+00
1.280485243e-01 7.301025987e-01 -2.079958618e-01 6.048704982e-01 -3.257714808e-01 9.147480726e-01 -2.739794850e-01 6.175361872e-01 7.970592380e-02 1.114984274e+00 -1.306013018e-01 1.230184913e+00
-1.787172854e-01 7.782701254e-01 -5.302162766e-01 6.465515494e-01 -4.610665143e-03 9.664933681e-01 -2.399456501e-01 6.711778045e-01 2.167185694e-01 1.130753517e+00 1.332881600e-01 1.155116916e+00
2.073517740e-01 9.021021128e-01 -3.276057541e-01 7.759734392e-01 -3.103114069e-01 1.072590590e+00 -9.619422555e-01 7.903983593e-01 -4.147816896e-01 1.232609987e+00 -4.817886055e-01 1.102558136e+00
-1.490465701e-01 5.757420063e-01 2.092132568e-01 5.232786536e-01 -4.681007564e-01 7.265174985e-01 -1.044963896e-01 5.326575637e-01 -2.753678560e-01 8.519037366e-01 -2.180432528e-01 7.942860126e-01
-1.476968527e-01 4.676238298e-01 -5.214234591e-01 4.616127014e-01 -4.430130720e-01 5.977513194e-01 -4.358506501e-01 5.220900178e-01 2.337948978e-01 7.097449303e-01 1.699307412e-01 8.592533469e-01
1.349650025e-01 3.284554482e-01 -7.580067962e-02 3.972845972e-01 3.108839989e-01 4.343702793e-01 2.410255820e-01 4.438765645e-01 2.143222839e-02 4.995021820e-01 -2.381887659e-02 5.980613232e-01
1.416174322e-01 4.018012881e-01 -1.367645711e-01 5.827872157e-01 9.332420677e-02 5.255019665e-01 -1.468787789e-01 5.689754486e-01 -7.837877274e-01 6.238341331e-01 -4.657717422e-03 6.269543171e-01
-1.851875782e-01 3.972627521e-01 -3.571982086e-01 3.986545801e-01 -1.461155117e-01 5.133706331e-01 -5.157220960e-01 4.231407940e-01 -2.775219381e-01 5.912312269e-01 -2.852806449e-01 5.015060902e-01
1.522936076e-01 1.382347196e-01 -1.360939294e-01 2.126450837e-01 -1.574298590e-01 2.268908769e-01 -2.088901997e-01 1.578310281e-01 -7.192292809e-02 2.898826897e-01 -1.407816708e-01 2.717511058e-01
-9.022903442e-01 2.049415559e-01 -1.882948428e-01 1.463832557e-01 -4.967161417e-01 3.142731786e-01 -1.917635649e-01 1.416174322e-01 -2.586672306e-01 3.683112264e-01 -9.419853985e-02 2.939692736e-01
-4.639819264e-01 1.773160845e-01 -3.461510539e-01 1.526135504e-01 -6.562838703e-02 2.929436266e-01 2.145086974e-01 1.777156144e-01 -4.315384030e-01 3.738165498e-01 1.497208029e-01 2.236320525e-01
-2.385306060e-01 2.439804375e-02 -1.163895428e-01 1.083708331e-01 -5.351582766e-01 1.553231180e-01 -1.652389318e-01 4.479705542e-02 -4.929120541e-01 2.533871531e-01 1.074586436e-01 2.282401621e-01
-2.586415112e-01 6.698514335e-03 -2.157245576e-01 9.489829838e-02 -5.086654425e-01 8.647380024e-02 -4.161207974e-01 2.867568843e-02 -3.479416668e-01 1.243221909e-01 -3.510845900e-01 8.542471379e-02
-7.284192443e-01 5.856857821e-02 -5.506138802e-01 1.328161452e-02 -7.074452043e-01 1.459457278e-01 -4.105494022e-01 -5.457335617e-03 -4.359065294e-01 1.960103810e-01 -3.186678141e-02 1.581407487e-01
-5.624894500e-01 5.836201087e-02 -7.474973053e-02 9.588204324e-02 -5.478639007e-01 1.611483842e-01 -5.848612189e-01 9.724444896e-02 -6.074350476e-01 2.079050094e-01 -4.557164311e-01 1.513755172e-01
-2.133793831e-01 8.962453902e-02 -3.650284708e-01 1.213837042e-01 -9.097569585e-01 1.755153388e-01 3.476505578e-01 3.980040550e-02 -4.981400073e-01 2.020125687e-01 6.280345321e-01 1.138215959e-01
-3.161749542e-01 -1.089513488e-02 2.935226560e-01 4.102762789e-02 -1.907278895e-01 9.070993215e-02 8.826123923e-02 6.199706346e-02 -3.691553771e-01 1.138656288e-01 2.203308977e-02 1.417903453e-01
-9.542501718e-02 1.350660995e-02 -7.892223001e-01 4.716735333e-02 -8.222384453e-01 1.326558590e-01 -4.594407380e-01 -2.640480176e-03 -7.239424586e-01 2.062995732e-01 8.529402316e-03 1.816950291e-01
-6.169664264e-01 2.361301184e-01 -2.197773457e-01 2.124821097e-01 -6.517481208e-01 3.941222727e-01 2.557023056e-02 2.331833392e-01 1.187978014e-01 4.902981222e-01 1.446929574e-01 6.289084554e-01
-7.162065506e-01 3.972539902e-01 -5.340537429e-01 3.195312917e-01 -3.000832200e-01 5.721538663e-01 -3.862204254e-01 4.339462817e-01 -3.963750601e-01 6.802961826e-01 6.343599409e-02 6.858270764e-01
-5.531715751e-01 5.379987359e-01 -1.431109905e-01 3.852423429e-01 -9.154325128e-01 7.492775917e-01 6.743516922e-01 3.566843271e-01 -4.542767704e-01 8.787867427e-01 7.162660956e-01 7.692660689e-01
3.012119532e-01 2.942377329e-01 3.735392690e-01 4.426188767e-01 -2.687111199e-01 5.024169087e-01 1.259351373e-01 4.317270815e-01 -9.304664731e-01 6.157392859e-01 -4.327207804e-01 4.901026487e-01
-2.392201126e-01 4.614769518e-01 -3.699860275e-01 3.306645751e-01 -4.770172238e-01 7.159032822e-01 4.175426960e-01 3.888866007e-01 -5.228002667e-01 9.136405587e-01 4.143672884e-01 8.097010851e-01
-4.086098671e-01 4.511061013e-01 1.722757518e-01 3.428607583e-01 5.031747818e-01 6.583115458e-01 4.415217936e-01 5.112454295e-01 -1.973734498e-01 8.099874258e-01 3.590934873e-01 7.485349178e-01
1.647907346e-01 5.036366582e-01 1.571308076e-02 4.288998246e-01 1.135975569e-01 6.756955981e-01 -2.219991386e-01 5.399260521e-01 -4.139922261e-01 8.228896856e-01 -4.876858294e-01 6.576680541e-01
-1.319755018e-01 6.611808538e-01 -4.121472239e-01 4.521575868e-01 -5.116227865e-01 7.899680734e-01 -2.192526013e-01 5.300549865e-01 2.999267578e-01 9.357345700e-01 7.577053905e-01 7.869299650e-01
-1.229859963e-01 6.856477261e-01 3.828940690e-01 4.411814511e-01 -9.535537660e-02 7.834733129e-01 -8.921208233e-02 4.939478338e-01 -2.712262869e-01 8.681358099e-01 -1.164665967e-01 5.233944654e-01
-2.422526181e-01 6.085858345e-01 3.601030633e-02 3.605775237e-01 -3.766706288e-01 7.597393394e-01 -8.189824820e-01 5.310494304e-01 -7.669456005e-01 9.388004541e-01 -8.001625538e-01 7.048689127e-01
6.013120711e-02 7.901942134e-01 -7.059194148e-02 6.370913386e-01 -5.842549205e-01 9.106938839e-01 4.002659619e-01 3.626699448e-01 -1.883727908e-01 1.047856331e+00 3.383780122e-01 8.892631531e-01
-4.063844383e-01 1.144798279e+00 -2.856558859e-01 9.744073749e-01 -6.338914633e-01 1.263726234e+00 -2.045292594e-02 7.588078976e-01 -4.700676501e-01 1.397122741e+00 1.772423834e-01 1.051545143e+00
-3.952428102e-01 7.275818586e-01 -1.263891906e-01 4.733844399e-01 -5.544123054e-01 8.848577738e-01 3.577241898e-01 7.096396685e-01 2.420906872e-01 1.011083245e+00 1.101914287e+00 9.492282867e-01
-2.922641635e-01 6.354634762e-01 -3.614518344e-01 3.513329327e-01 -2.600829899e-01 7.273941636e-01 -8.630041480e-01 5.982062817e-01 -2.563250661e-01 8.281325102e-01 -6.751858592e-01 7.030223608e-01
-3.161526918e-01 5.435295105e-01 -2.262191176e-01 3.345965147e-01 -1.481049359e-01 6.190006137e-01 5.445376635e-01 4.051674604e-01 -3.648456559e-02 7.037512660e-01 1.273726702e+00 5.218939185e-01
-1.074335098e+00 8.270804882e-01 -1.212049365e+00 1.482347399e-01 -1.006306052e+00 9.467197657e-01 -2.378764153e+00 5.995957851e-01 -2.650592923e-01 1.061053038e+00 -1.863554001e+00 1.015302539e+00
8.995279670e-02 6.612944603e-01 1.775915384e+00 6.500532031e-01 -1.112081528e+00 7.688568830e-01 3.831145048e+00 -2.322642878e-02 -6.432517767e-01 8.311654329e-01 1.909399867e+00 4.882253408e-01
-4.800418019e-01 7.045763135e-01 -2.477679491e+00 1.460431665e-01 -1.658111215e-01 6.799446940e-01 -2.815875530e+00 4.744181931e-01 7.426003218e-01 6.913010478e-01 -1.560034394e+00 7.984014750e-01
8.227807283e-01 5.903010964e-01 3.750557601e-01 3.844094872e-01 -5.239453316e-01 5.801988840e-01 1.906043530e+00 2.188695222e-01 -9.816700220e-01 6.843243837e-01 1.461209178e+00 3.101527095e-01
-1.327323616e-01 8.858541846e-01 7.281095982e-01 2.802039683e-01 -2.158884853e-01 9.173611999e-01 -8.608059026e-03 4.728420079e-01 -3.265366852e-01 1.009163737e+00 -9.754790068e-01 6.708154678e-01
1.711186171e-01 1.202418327e+00 -9.503812194e-01 7.482920289e-01 -2.227555662e-01 1.202732444e+00 8.688051254e-02 5.194702148e-01 -1.876701117e-01 1.297800779e+00 -4.401750118e-02 9.729602933e-01
-1.328797489e-01 1.236177921e+00 -9.230670333e-01 7.726709247e-01 -1.416145712e-01 1.195118189e+00 -6.618659496e-01 6.030227542e-01 -2.738993466e-01 1.222074866e+00 -1.315186739e+00 9.293212891e-01
2.885364741e-02 1.087569118e+00 -9.376274347e-01 5.950545669e-01 -2.696433067e-01 1.089216590e+00 -3.154056072e-01 5.869293809e-01 -4.295480251e-01 1.165125370e+00 9.636720270e-02 7.804456949e-01
-1.752471477e-01 8.307458162e-01 3.822473288e-01 5.895111561e-01 -1.918442994e-01 8.109902740e-01 8.692645282e-02 3.683825731e-01 -2.041039467e-01 8.512823582e-01 -9.424355626e-01 7.069473267e-01
-5.157142878e-01 6.484364867e-01 -1.419703364e+00 2.946102917e-01 -3.643083572e-01 6.275764704e-01 -3.355071247e-01 3.276349306e-01 -4.446847141e-01 6.702498794e-01 4.270483553e-01 4.730708003e-01
2.906931750e-02 2.821964025e-01 3.102566302e-01 1.069437787e-01 -1.419726610e-01 2.389711440e-01 -5.485205054e-01 1.447881013e-01 -3.879327700e-02 2.329798639e-01 -8.320670724e-01 2.176120430e-01
-1.419132650e-01 -1.341705769e-01 -3.150423169e-01 -7.150125504e-02 5.741788819e-02 -2.077918351e-01 -1.374425292e-01 -8.567739278e-02 -2.385117710e-01 -2.224796563e-01 -7.292478085e-01 -1.341585815e-01
-2.443886101e-01 -3.770559281e-02 -1.357540369e+00 -9.256821871e-02 -3.396969289e-02 -9.624696523e-02 -7.225305438e-01 -6.496639550e-02 7.618237287e-02 -1.351545155e-01 -1.711192429e-01 -3.636385500e-02
4.871000946e-01 -3.982019145e-03 -1.564627700e-02 9.414689988e-02 2.888404727e-01 -5.588813871e-02 2.186811864e-01 4.011926055e-02 -1.117909253e-01 -7.094964385e-02 3.419040143e-01 -7.260167599e-02
