4.121142924e-01 -9.783352911e-02 1.424918771e+00 1.414691359e-01 2.861671448e-01 -8.710723370e-02 4.314767718e-01 1.243777871e-01 -8.586852998e-02 -6.724194437e-02 -1.486907959e+00 1.250910666e-02
-1.163672447e+00 -1.468571872e-01 -2.439546824e+00 -3.299813569e-01 -7.291193306e-02 -1.474917829e-01 -3.191492558e-01 -1.010155752e-01 6.595760584e-01 -1.446663290e-01 6.382713318e-01 2.584316581e-02
-1.932334304e-01 -1.874478906e-01 9.329286814e-01 -1.300285459e-01 -3.405782878e-01 -1.717051119e-01 2.498180419e-01 -1.540015191e-01 -3.434342146e-01 -1.499633491e-01 -7.573764920e-01 -5.298229307e-02
-4.217370450e-01 -2.181827277e-01 -1.105107069e+00 -2.150657028e-01 -1.726522446e-01 -1.723113656e-01 -8.695420623e-01 -1.242037639e-01 -5.299587250e-01 -1.356966496e-01 -5.623772144e-01 -1.802791953e-01
-2.043413371e-01 -1.737928987e-01 -2.087802440e-01 -2.015898675e-01 1.374239326e-01 -1.811916083e-01 1.857363880e-01 -1.629973352e-01 3.072704375e-01 -1.903082281e-01 5.243471861e-01 -5.846219137e-02
1.026637435e+00 -2.375946045e-01 7.059242576e-02 4.404066131e-02 2.565762997e-01 -2.276540697e-01 5.601919815e-02 -8.157901466e-02 -5.568787083e-02 -2.015125453e-01 1.749908030e-01 -3.908571973e-02
3.039419949e-01 -1.245953590e-01 -2.253194153e-01 -1.040649936e-01 8.522533774e-01 -8.989387006e-02 -3.708612919e-01 1.677502692e-02 6.020251513e-01 -7.081097364e-02 -3.106034994e-01 1.139718741e-01
2.589364946e-01 -5.728364736e-02 -4.085982442e-01 -1.600219160e-01 1.286086440e+00 -4.581210390e-02 -1.729701459e-02 7.402511686e-02 4.435319006e-01 -8.328272961e-03 1.544307768e-01 3.849369660e-02
-1.701736748e-01 4.321117699e-02 6.370931864e-02 -9.251666814e-02 2.232752591e-01 7.649555057e-02 -5.972588062e-01 -9.852264076e-02 4.730705321e-01 1.410882473e-01 -1.127995253e+00 1.387445722e-02
3.267809153e-01 -4.258594289e-02 -6.817556024e-01 -9.457576275e-02 2.279457077e-02 -4.658855498e-02 3.309546411e-01 -1.954140514e-01 1.681007259e-02 -5.710811820e-04 1.060442567e+00 -7.519830763e-02
4.425098896e-01 -1.069604754e-01 6.436711550e-01 -1.679938287e-01 2.324566096e-01 -7.261031866e-02 2.757149041e-01 -2.801561952e-01 1.047202200e-01 -3.337129951e-02 2.802181542e-01 -2.262428403e-01
-2.648992538e-01 -1.703063995e-01 4.616511166e-01 -3.981093764e-01 1.805152446e-01 -1.230235696e-01 2.580069602e-01 -3.378886878e-01 4.829629883e-02 -9.914610535e-02 -2.167825401e-01 -2.888863981e-01
3.378778696e-01 -4.939447716e-02 -5.935387015e-01 -1.532484889e-01 1.302530766e-01 -3.981876001e-02 -3.189038038e-01 -3.002303541e-01 2.139257826e-02 -5.991440639e-02 5.920087546e-02 -2.277197689e-01
1.566371322e-01 -1.421256959e-01 3.971586823e-01 -2.169443518e-01 3.395115137e-01 -1.462170631e-01 1.896605790e-01 -1.871683002e-01 8.160034418e-01 -2.037431151e-01 -3.252923489e-01 -6.702886522e-02
2.374988496e-01 -5.772688240e-02 -6.477463245e-01 -9.992698580e-02 2.645433247e-01 -2.469731029e-03 -2.517430484e-01 -1.117550507e-01 1.685815156e-01 1.441254094e-02 6.596997976e-01 -1.287891716e-01
2.717558742e-01 7.391485572e-02 1.179730415e+00 9.250232577e-02 6.606180072e-01 1.606263965e-01 5.543504357e-01 1.210452020e-01 4.984549880e-01 1.785300970e-01 -2.935733795e-01 2.187740952e-01
-5.968365073e-02 1.877111197e-01 -6.859954596e-01 2.021221370e-01 3.847579658e-01 2.470418066e-01 -9.284110665e-01 1.917275041e-01 1.175627038e-01 2.853979766e-01 -2.320451885e-01 2.599606216e-01
1.495463699e-01 3.799432218e-01 4.759950563e-02 4.298474193e-01 -2.614664435e-01 4.444433749e-01 -5.692734718e-01 2.959980667e-01 -1.094427034e-01 5.191918612e-01 -3.263505399e-01 3.835505545e-01
-6.187146902e-02 4.837875068e-01 5.022637174e-02 3.982563317e-01 -1.357994825e-01 5.370100141e-01 -2.668817714e-02 4.409239888e-01 -1.989876479e-01 5.868756175e-01 1.163242459e-01 4.777848721e-01
-3.680989146e-02 4.206801653e-01 1.119557619e+00 4.824067652e-01 4.029196799e-01 4.544442296e-01 8.300928473e-01 5.352135301e-01 7.198996544e-01 4.744606912e-01 -9.811033309e-02 6.971099377e-01
1.281645656e+00 4.439825416e-01 -6.886354685e-01 6.894133091e-01 3.437304795e-01 4.889770448e-01 -4.043233395e-01 4.745565355e-01 -1.327607930e-01 5.483856201e-01 -8.290345222e-02 4.336850643e-01
-3.210003674e-01 6.303427815e-01 3.097214699e-01 6.279448867e-01 3.620219827e-01 6.710683107e-01 2.536347210e-01 5.198491216e-01 1.220114350e+00 6.646502018e-01 -3.958422244e-01 8.097183108e-01
9.063256979e-01 7.556959391e-01 6.136988103e-02 5.832380056e-01 1.054537773e+00 8.226535320e-01 7.324250937e-01 5.849370360e-01 4.943892658e-01 8.842514753e-01 7.430979609e-01 7.390320301e-01
-1.244189218e-02 1.035906076e+00 2.752676010e-01 7.824311256e-01 3.961116448e-02 1.065316439e+00 8.040156960e-02 5.469758511e-01 6.877856851e-01 1.098183513e+00 -2.846744061e-01 8.369308114e-01
3.704403341e-01 1.104788780e+00 -6.907755136e-02 9.031477571e-01 5.509806871e-01 1.155236006e+00 -5.093976259e-01 1.001372218e+00 3.055056930e-01 1.204296231e+00 -5.160706639e-01 9.477244020e-01
-7.658158988e-02 1.461161494e+00 1.579281390e-01 1.206331015e+00 3.783417344e-01 1.481820345e+00 -1.313729137e-01 1.223772764e+00 5.895314813e-01 1.462217450e+00 -4.296248555e-01 1.187227130e+00
-6.241043210e-01 1.701776385e+00 -3.929836154e-01 1.446210504e+00 1.740078479e-01 1.795267820e+00 -2.155149579e-01 1.093069077e+00 6.180953383e-01 1.852706194e+00 -4.521721900e-01 1.652410269e+00
6.850336790e-01 2.081850052e+00 -6.934597343e-02 1.914248228e+00 8.172761798e-01 2.157190323e+00 -1.485773474e-01 1.562028170e+00 8.319885731e-01 2.231878042e+00 1.937323660e-01 1.959387064e+00
-2.897969484e-01 2.321686745e+00 1.800147295e-01 1.824531674e+00 3.838021457e-01 2.359999895e+00 2.459229380e-01 1.580364466e+00 -9.362130612e-02 2.444996357e+00 9.337881207e-02 1.854854345e+00
-8.576433659e-01 2.547915697e+00 2.747862786e-02 1.926652789e+00 2.676281333e-01 2.605373383e+00 3.414396942e-01 1.232719660e+00 1.010550737e+00 2.705202103e+00 -3.238493577e-02 2.557213068e+00
-3.453919590e-01 2.888199091e+00 -6.578379869e-01 2.171697140e+00 4.761137068e-01 2.906641006e+00 -3.879926503e-01 1.673130393e+00 1.122047424e+00 3.001570940e+00 -1.796412095e-02 2.522574425e+00
-2.382279932e-01 2.989498854e+00 6.321887970e-01 1.803986073e+00 1.364258379e-01 3.013929844e+00 1.444186270e-01 1.759594440e+00 -1.495247632e-01 3.084141016e+00 -4.560376406e-01 1.829859853e+00
1.038645148e+00 2.860508919e+00 -4.990443587e-01 2.287736893e+00 2.166952044e-01 2.841512442e+00 -5.926883221e-01 1.315496087e+00 4.137979820e-02 2.856140852e+00 2.975974083e-01 1.588683248e+00
6.985118985e-01 3.149960995e+00 -1.142948866e-01 2.028149128e+00 8.399921656e-01 3.093404531e+00 -5.813457966e-01 1.745224237e+00 5.779373646e-01 3.015388727e+00 -2.864732407e-02 1.716170549e+00
4.496949613e-01 2.293114901e+00 6.755827665e-01 1.962123871e+00 1.768028617e+00 2.278526068e+00 7.768607140e-01 9.811281562e-01 1.734187722e+00 2.178742886e+00 -1.284440756e-01 2.086317301e+00
1.306843162e+00 1.286351085e+00 -3.226335049e-01 1.191384792e+00 6.473371983e-01 1.292390585e+00 -1.952079833e-01 7.814817429e-01 2.535209060e-01 1.266340733e+00 3.691803813e-01 9.764847755e-01
-3.858178854e-01 7.676395774e-01 -3.601405919e-01 5.681068897e-01 2.437843829e-01 7.693090439e-01 1.963563859e-01 5.587507486e-01 1.600204229e+00 7.926586270e-01 7.665215135e-01 8.691529632e-01
1.822907925e+00 1.712135077e-01 7.744020224e-01 6.757317781e-01 2.651408315e-01 1.468548477e-01 -9.701007605e-02 3.268819451e-01 -7.394939661e-01 2.141434997e-01 -1.096742630e+00 8.013851196e-02
-6.324259639e-01 8.622282743e-02 -3.050718546e+00 3.300032392e-02 3.682249188e-01 2.658895217e-02 -2.157428741e+00 6.108563393e-02 1.007599950e+00 1.618359238e-02 -9.682706594e-01 1.418661326e-01
8.196185231e-01 -2.236181796e-01 4.786241055e-01 -1.443454176e-01 7.921025157e-01 -2.708070874e-01 2.333245516e+00 -8.513876051e-02 3.050808907e-01 -3.288613260e-01 2.712097645e+00 -9.869635105e-02
1.282204866e+00 -9.672079980e-02 3.304038942e-01 4.254679680e-01 4.185078740e-01 -1.418237835e-01 -1.855479598e+00 1.111977696e-01 -2.498436421e-01 -1.757189333e-01 -2.887668133e+00 -1.762356311e-01
-6.118992567e-01 -3.261021674e-01 -1.041558146e+00 -4.230030477e-01 1.220212817e+00 -2.729679644e-01 1.388432622e+00 -1.363717578e-02 -2.221266739e-02 -3.272444606e-01 1.825840592e+00 1.956313476e-02
-1.103125095e+00 -1.249393970e-01 1.734445691e-01 -5.736870319e-02 -9.968659878e-01 -1.405549794e-01 -1.509842992e+00 -2.380073816e-01 5.452332497e-01 -1.915175766e-01 -1.841525078e+00 1.196926460e-04
1.152533770e+00 -2.467684001e-01 3.664210439e-02 5.466164649e-02 2.380831838e-01 -2.257612646e-01 1.169947743e+00 1.334092617e-01 -6.745353937e-01 -2.153162509e-01 2.960508764e-01 -1.919927746e-01
-2.814746499e-01 -2.131137997e-01 -2.532758117e-01 -1.773861237e-02 8.748887777e-01 -2.376091033e-01 -1.229080796e+00 4.142256826e-02 1.147814751e+00 -2.793596685e-01 -3.781345487e-01 1.758619249e-01
1.255951405e+00 -2.262405753e-01 2.326584905e-01 9.620520473e-02 4.872629941e-01 -2.489668876e-01 -2.254737616e-01 -1.142804511e-03 -8.702751249e-02 -2.673535049e-01 -6.997587681e-01 -1.365880668e-01
7.793089747e-01 -1.925210208e-01 -4.219247401e-01 -4.014711827e-03 1.066431254e-01 -1.703418195e-01 -1.157430783e-01 -6.306130439e-02 1.124749705e-02 -1.882063150e-01 3.701998889e-01 -3.163468465e-02
8.347837925e-01 -1.814332455e-01 -2.639727592e-01 9.457892179e-02 -3.806535900e-01 -1.210712343e-01 -2.168582082e-01 -5.356662720e-02 -9.716499448e-01 -9.979054332e-02 -1.174853891e-01 -6.352534145e-02
-4.436228275e-01 -1.411525160e-01 -3.749385476e-01 -1.417711228e-01 3.383844495e-01 -1.627786458e-01 1.898970157e-01 -4.914419353e-02 2.383369654e-01 -2.344184816e-01 1.053707838e+00 8.141988516e-02
7.329412103e-01 -2.698592842e-01 2.871382236e-01 4.269101471e-02 -8.454481363e-01 -2.477330863e-01 4.394936264e-01 -1.039107367e-01 -1.135172844e+00 -2.092984915e-01 -3.502603173e-01 -1.405586153e-01
3.131009042e-01 -2.473676950e-01 9.933383763e-02 -9.716098756e-02 -3.333105743e-01 -2.160376906e-01 4.735633433e-01 -1.667167097e-01 -1.434543371e+00 -1.488652676e-01 1.532498598e-01 -3.548320234e-01
-3.726818264e-01 -3.514754176e-01 -8.099952936e-01 -4.645382762e-01 8.421055228e-02 -2.834515572e-01 -3.498304263e-02 -2.540209889e-01 -7.508511543e-01 -2.403191179e-01 1.051469207e+00 -2.537091076e-01
2.750421166e-01 -7.097715139e-01 2.462076902e+00 -4.953116477e-01 -4.400031567e-01 -5.581651330e-01 1.884691477e+00 -4.073786736e-01 -1.134215713e+00 -5.199999809e-01 1.089783311e+00 -4.336279035e-01
-5.841646791e-01 -5.975673795e-01 -8.122489452e-01 -7.198090553e-01 5.148293078e-02 -5.589346290e-01 -2.099961042e-01 -3.548911512e-01 -3.736564517e-01 -5.171202421e-01 -7.404158115e-01 -4.832696319e-01
-6.799203753e-01 -5.479869246e-01 -1.675422072e+00 -3.708148003e-01 -9.102818966e-01 -5.478072166e-01 -2.310843706e+00 -7.032031417e-01 2.444798313e-02 -5.941652060e-01 -1.020077705e+00 -6.353255510e-01
9.591079503e-02 -6.802860498e-01 5.791442990e-01 -5.354974270e-01 -8.432475924e-01 -6.177737117e-01 2.446298838e+00 -4.620604813e-01 -8.552209139e-01 -6.620233655e-01 1.299244523e+00 -4.739588499e-01
7.852880657e-02 -4.477888942e-01 8.917304277e-01 -3.197955489e-01 -8.982540369e-01 -3.893407583e-01 -1.145657450e-01 -4.047842622e-01 3.845826983e-01 -3.476963043e-01 -4.654053450e-01 -1.158608422e-01
-2.672215402e-01 -1.630403399e-01 -2.074961185e+00 -3.817606345e-02 -8.579335213e-01 -1.635953039e-01 -2.194624424e+00 -1.769815385e-01 -6.020579338e-01 -1.422732174e-01 -1.402986407e+00 -3.093887568e-01
-4.202906489e-01 -3.428699672e-01 -3.839482069e-01 -2.593544722e-01 -4.148205519e-01 -2.612158656e-01 4.744763076e-01 -2.044988871e-01 -6.276807189e-01 -2.028256357e-01 9.296706319e-01 -1.008077487e-01
-5.011813045e-01 -3.039498627e-01 1.138346910e+00 -2.306742072e-01 -6.855930388e-02 -2.277818322e-01 1.560080528e+00 -9.519401938e-02 7.825809121e-01 -2.057113498e-01 7.838186026e-01 2.598032057e-01
-1.595091820e-01 -1.879288256e-01 -1.588012129e-01 4.730640724e-02 -1.690238863e-01 -1.967070550e-01 -8.348283768e-01 -3.416055441e-02 -1.834749430e-02 -1.455211937e-01 -9.022691846e-01 -1.107388549e-02
-1.651713997e-02 -3.505067900e-02 -5.820042491e-01 -1.317152381e-02 -3.615670204e-01 -4.968796857e-03 -2.838718295e-01 1.311908849e-02 2.253487855e-01 3.109774552e-02 5.921118259e-01 1.834614575e-01
-1.010566473e+00 2.157512493e-02 7.075489163e-01 -1.853160262e-01 -1.261284947e-01 7.596620172e-02 1.366830945e+00 -5.677822232e-02 4.088394940e-01 1.213912740e-01 2.511990070e-01 8.960652351e-02
4.599448442e-01 1.221432388e-01 -3.332242072e-01 2.023333013e-01 3.636476398e-01 1.435371637e-01 -8.746766448e-01 1.280455291e-01 6.756168604e-01 1.495149136e-01 -1.378002524e+00 8.541721851e-02
2.433398664e-01 7.145923376e-02 -2.518193610e-02 1.206270829e-01 7.763330340e-01 1.220998466e-01 9.263609052e-01 1.922345757e-01 8.086938262e-01 1.321915984e-01 1.058648586e+00 4.543442130e-01
-1.386882663e-01 1.727310382e-02 5.728338361e-01 3.131144866e-02 -4.419454038e-01 6.154803187e-02 7.264133096e-01 1.710939407e-01 4.794801474e-01 1.319816262e-01 -2.009688467e-01 5.637438893e-01
8.891263604e-01 -3.060849849e-03 -9.584463201e-03 3.682259023e-01 3.204974234e-01 6.345359143e-03 -6.273312867e-02 4.109770656e-01 -9.300146997e-02 4.684351385e-02 2.484728098e-01 6.867647171e-01
-6.200669408e-01 -1.955817342e-01 -4.441018403e-01 -1.062379852e-01 -3.561333120e-01 -2.082999051e-01 1.170051247e-01 1.284801662e-01 3.272219002e-01 -2.382102162e-01 4.119346850e-03 3.527142406e-01
-6.025318503e-01 -5.064767599e-01 -1.806389540e-01 -3.664942086e-01 -4.966076016e-01 -4.892559946e-01 -5.079503655e-01 -3.456721008e-01 -6.251487732e-01 -5.043224692e-01 -6.491233110e-01 -3.523620963e-01
-7.533944249e-01 -6.613219976e-01 -1.892744899e-01 -6.304299235e-01 -9.256734848e-01 -6.102458239e-01 1.981574148e-01 -5.835590363e-01 -7.971854806e-01 -6.120315194e-01 4.320937991e-01 -4.977889955e-01
-2.258923203e-01 -7.731025219e-01 2.656016052e-01 -6.274788976e-01 -2.002044320e-01 -6.934164762e-01 2.025620937e-01 -4.778347909e-01 -1.523817897e+00 -6.817821860e-01 -1.760313809e-01 -7.150058746e-01
-4.276306033e-01 -7.227842212e-01 -1.031363383e-01 -5.866874456e-01 -1.195718050e+00 -7.070347667e-01 -2.616835833e-01 -6.539960504e-01 -1.311504483e+00 -6.754355431e-01 -1.281216860e+00 -7.488042116e-01
-7.593742013e-01 -6.059826612e-01 -1.627278090e+00 -5.644522905e-01 -1.290855408e-01 -6.088416576e-01 -1.134671569e+00 -4.309381843e-01 -9.746711254e-01 -5.983493328e-01 -9.735798240e-01 -5.888472795e-01
1.136002392e-01 -4.610455334e-01 6.825976372e-01 -2.069203556e-01 -3.592611253e-01 -4.912153184e-01 -2.741269767e-01 -1.782059968e-01 3.948780298e-01 -4.189502597e-01 -1.171759009e+00 3.238967806e-02
3.682434857e-01 -4.772961736e-01 -6.176170111e-01 -5.739844441e-01 -2.724945843e-01 -4.505618811e-01 2.784828842e-01 -4.947957098e-01 -5.328882337e-01 -4.111330509e-01 2.270357132e+00 -4.030052722e-01
6.196224689e-01 -4.603206217e-01 2.222311735e+00 -2.072169781e-01 -3.185523674e-02 -4.336100221e-01 5.026683211e-01 -2.352531850e-01 -8.452081680e-01 -3.728537261e-01 -7.680585384e-01 -2.399232835e-01
-8.322266936e-01 -3.966275752e-01 1.228215173e-01 -5.799708366e-01 -2.277110517e-01 -3.512271345e-01 9.545428157e-01 -2.954713106e-01 -1.825650930e-01 -3.109509945e-01 9.659922123e-01 -1.881326139e-01
-7.856220007e-03 -2.952912152e-01 5.606270432e-01 -3.519620597e-01 -2.845236063e-01 -2.771202326e-01 -5.670422912e-01 -3.786223829e-01 -2.886378206e-02 -1.849517673e-01 -9.140171409e-01 -2.589434683e-01
-1.718357764e-02 -3.038782477e-01 -8.739355206e-01 -4.018051922e-01 1.382749230e-01 -2.498675585e-01 -4.958229065e-01 -3.770473599e-01 -1.762689352e-01 -2.023958564e-01 1.558884978e-01 -3.348012865e-01
3.691278696e-01 -2.510967851e-01 3.047689795e-01 -2.237524688e-01 5.067313910e-01 -2.352388352e-01 -3.715957999e-01 -1.864630431e-01 3.499895930e-01 -1.708897650e-01 -2.855376899e-01 -5.013338476e-02
-9.053176641e-02 -2.271582186e-01 -2.673211396e-01 -3.016654551e-01 2.487045079e-01 -1.970887035e-01 1.364353895e-01 -1.931223422e-01 2.657499611e-01 -1.508811265e-01 5.766298175e-01 -9.995072335e-02
2.250340283e-01 -2.169584632e-01 4.866886437e-01 -1.946091354e-01 -1.734217703e-01 -1.878733188e-01 2.875747979e-01 -2.723334134e-01 -3.404493928e-01 -1.475716382e-01 -6.698104739e-02 -2.830222547e-01
1.677412093e-01 -3.334043622e-01 -6.360565871e-02 -3.430327475e-01 2.339765877e-01 -3.328881562e-01 1.537609845e-01 -2.865445614e-01 4.707243294e-02 -3.098000288e-01 -1.024651676e-01 -2.932973802e-01
1.395871192e-01 -3.854369223e-01 3.300519288e-02 -2.918394804e-01 -4.238601625e-01 -4.003885984e-01 5.330691338e-01 -3.971133530e-01 -2.934175432e-01 -3.910406828e-01 3.146272004e-01 -3.843195736e-01
-4.612706602e-01 -5.616990924e-01 9.738786221e-01 -6.835284829e-01 -1.406727672e+00 -6.088951826e-01 1.948955297e+00 -7.386586666e-01 -9.516233802e-01 -6.427856088e-01 1.531895757e+00 -6.039929986e-01
-2.066085190e-01 -6.987227201e-01 1.726886034e+00 -7.649978995e-01 -3.699885011e-01 -6.459847689e-01 1.235755086e+00 -4.859948456e-01 -3.370965719e-01 -5.862449408e-01 -3.354887962e-01 -5.031990409e-01
-1.016045690e+00 -5.633371472e-01 -9.583025575e-01 -4.382914007e-01 -5.704978108e-01 -5.413482785e-01 -1.737759352e+00 -5.328189731e-01 -1.096943140e+00 -4.524116218e-01 -1.574368238e+00 -4.598571658e-01
-7.881211638e-01 -6.581686139e-01 -1.016562939e+00 -7.731175423e-01 -1.680018544e+00 -6.311427355e-01 3.216117322e-01 -6.878054142e-01 -1.099346876e+00 -5.367033482e-01 7.327448130e-01 -6.235159636e-01
-6.727381349e-01 -5.725430846e-01 6.328017116e-01 -4.685640335e-01 -4.685765505e-01 -5.572193861e-01 4.133371115e-01 -4.254751205e-01 -5.525134206e-01 -5.428786874e-01 -5.051047355e-02 -3.133763373e-01
-8.561000228e-01 -5.536242127e-01 -1.597492695e-01 -4.247785211e-01 -1.633480564e-02 -5.287088752e-01 -8.272057176e-01 -2.250328064e-01 3.895193636e-01 -5.287063122e-01 -7.529754043e-01 -9.445963055e-02
-2.747291028e-01 -8.175823092e-01 -7.933328301e-02 -5.788193345e-01 -5.984994769e-01 -7.486281395e-01 7.580008358e-02 -5.302789211e-01 -3.123466671e-01 -7.562088370e-01 9.413433820e-02 -5.087307096e-01
-6.698935032e-01 -6.036460400e-01 6.904824078e-02 -4.355377555e-01 -3.392105401e-01 -4.818138182e-01 -3.470398486e-01 -2.583680451e-01 1.448458880e-01 -4.414864480e-01 -3.137640953e-01 -1.380600780e-01
3.416268528e-01 -3.525594175e-01 -1.343662143e-01 -1.396023184e-01 7.461792827e-01 -2.796667516e-01 1.974447630e-02 1.733380929e-02 1.039001465e+00 -2.820501924e-01 -3.070237935e-01 -4.697090946e-03
2.315103412e-01 -2.858520448e-01 -6.205421686e-01 -2.787381113e-01 6.050801873e-01 -2.446577400e-01 -5.634580851e-01 -1.709762812e-01 -3.028115034e-01 -2.005093843e-01 -2.587819397e-01 -2.323583215e-01
-3.057551384e-01 -3.971876204e-01 4.380816221e-01 -4.172992110e-01 -1.384889126e+00 -3.329259455e-01 3.948490024e-01 -4.318628013e-01 -1.499862790e+00 -3.229452670e-01 -1.991736889e-01 -5.267712474e-01
3.214901388e-01 -2.028439194e-01 -6.678652763e-01 5.230874568e-02 -1.124467254e+00 -1.801349819e-01 -1.356378555e+00 -1.569750160e-01 -2.133834064e-01 -1.905498803e-01 -1.748642087e+00 -2.289914787e-01
-7.462562323e-01 -5.764787793e-01 -1.006051660e+00 -8.113777041e-01 -3.160362244e-01 -4.845224023e-01 3.020612001e-01 -6.235976219e-01 1.957840174e-01 -4.730974138e-01 2.001986027e+00 -2.596564591e-01
-6.661479473e-01 -5.236976743e-01 2.791866779e+00 -4.850802720e-01 -7.791142464e-01 -4.395106435e-01 1.708852768e+00 -3.192265928e-01 -1.638608336e+00 -4.375172555e-01 -4.711750150e-01 -3.917922676e-01
-8.706780672e-01 -5.594139695e-01 -4.884880781e-01 -8.476850986e-01 -5.915932059e-01 -5.134188533e-01 2.962751687e-01 -7.102603316e-01 -1.996822208e-01 -5.371818542e-01 1.522616267e+00 -4.185488224e-01
-8.984333277e-01 -4.835694730e-01 5.461370945e-01 -5.281744003e-01 -1.091482997e+00 -4.496663809e-01 -1.976383775e-01 -5.487765670e-01 -1.312991738e+00 -3.908589780e-01 -9.951614141e-01 -5.876455307e-01
-5.284033418e-01 -3.109732568e-01 -6.258466244e-01 -3.530721664e-01 -3.264615834e-01 -2.460670620e-01 -8.147234917e-01 -3.308706880e-01 -7.655457854e-01 -2.311706096e-01 -3.661685586e-01 -4.057270288e-01
-4.804889262e-01 -3.220858872e-01 -2.463475913e-01 -2.664662302e-01 -2.846896052e-01 -2.647370100e-01 4.362446666e-01 -1.447735578e-01 -2.693343461e-01 -2.207869887e-01 3.769007921e-01 -6.535694748e-02
-1.260600924e+00 -1.251218617e-01 4.501990378e-01 -2.856882811e-01 -1.580888271e+00 -4.165209457e-02 3.727499023e-02 -3.064134121e-01 -8.788863420e-01 2.327139862e-02 -2.430969924e-01 -1.138112992e-01
-7.656650543e-01 -9.540547431e-02 -5.191739202e-01 -1.426437646e-01 -8.170296550e-01 -3.457823768e-02 -9.472151399e-01 -1.203282773e-01 -1.906539947e-01 4.337912053e-02 -7.930267453e-01 4.055636004e-02
-4.424677789e-01 -1.211217344e-01 1.140263438e+00 -3.299307823e-01 -1.198116779e+00 -6.119013950e-02 2.624292135e+00 -2.597964406e-01 -1.163681746e+00 -4.958863929e-02 2.252731085e+00 -9.022477269e-02
-1.718680412e-01 8.449658751e-02 -8.198528886e-01 1.147631332e-01 -5.277117491e-01 1.268629283e-01 -1.476589799e+00 1.330133528e-01 -6.069504023e-01 1.510615051e-01 -1.293530703e+00 1.712582409e-01
-3.472959399e-01 2.290688828e-02 -2.684863098e-02 -5.330866575e-02 -8.424156308e-01 1.105005518e-01 -2.566576004e-01 3.171158955e-03 -8.048089147e-01 1.743692756e-01 5.245521069e-01 1.229605973e-01
2.869136631e-01 8.949853480e-03 5.184025764e-01 5.168144405e-02 1.841287315e-02 7.503791898e-02 9.653679132e-01 2.738461457e-02 -2.660353780e-01 1.094124243e-01 -9.162349999e-02 1.079859491e-02
-6.902742982e-01 7.549721003e-02 -3.636868894e-01 -3.980849683e-02 -2.539535165e-01 9.784331918e-02 5.675701052e-02 3.369239718e-02 -8.456513286e-01 1.792436540e-01 9.317866713e-02 4.589807987e-02
-7.965148687e-01 -1.415703911e-02 2.005105972e+00 -3.098146617e-01 -1.265266895e+00 1.952504553e-02 1.692678690e+00 -1.663061231e-01 -7.002823353e-01 9.345604479e-02 7.990360856e-01 2.172104269e-02
-4.725592732e-01 2.523306012e-01 -2.297673941e+00 2.607738674e-01 -4.262575805e-01 3.000146449e-01 -2.576855421e+00 2.244743407e-01 2.826292515e-01 2.934166789e-01 -1.848586321e+00 1.544148028e-01
-1.041908503e+00 1.630243957e-01 -7.875997424e-01 -2.915152907e-02 -6.278703809e-01 2.902525365e-01 2.714340687e-01 1.295367628e-01 -6.335496306e-01 4.265189171e-01 9.967247844e-01 2.630727887e-01
-1.012028217e+00 -1.013143919e-02 2.940706491e+00 -1.253906637e-01 -5.998886824e-01 7.882511616e-02 1.060131431e+00 -1.414916571e-02 1.475576963e-02 1.761655062e-01 -1.244705915e+00 2.282160670e-01
5.598737597e-01 2.914593518e-01 -1.868403554e+00 2.284542471e-01 -3.736917078e-01 3.527903855e-01 -6.935843229e-01 1.992126852e-01 -5.140737295e-01 4.833793640e-01 1.919100136e-01 2.213869095e-01
5.736103747e-03 3.371995687e-01 -5.677573681e-01 4.849042296e-01 2.875375152e-01 4.093507230e-01 -1.318394780e+00 3.742194474e-01 -3.440860212e-01 4.713604152e-01 -1.268191576e+00 3.727389574e-01
-6.334081292e-01 5.990320072e-02 -1.112047315e+00 5.088770390e-02 -3.660452962e-01 1.763796955e-01 3.780283928e-01 1.915006638e-01 2.094859779e-01 2.428370416e-01 1.198475957e+00 3.906478584e-01
-6.871430874e-01 -6.114450842e-02 1.897889256e+00 1.448994279e-01 -5.419057608e-02 2.781944349e-04 4.575081468e-01 2.535094321e-01 1.919519156e-01 7.904033363e-02 -1.888621688e+00 2.780311704e-01
-1.308919340e-01 3.459464312e-01 -3.024852753e+00 1.975392997e-01 7.785614133e-01 3.777143061e-01 -1.539404631e+00 2.820225060e-01 9.745986462e-01 4.266656637e-01 2.345516682e-01 3.602681458e-01
1.578584462e-01 -1.487645358e-01 5.865292549e-01 -2.307927310e-01 -2.256476432e-01 -1.080613583e-01 2.506330729e+00 -1.512179375e-01 -5.620956421e-01 -4.792337865e-02 2.791874170e+00 -4.205174372e-02
1.202570796e-01 3.804412112e-02 1.265724063e+00 2.366387844e-01 3.231093287e-01 6.897342205e-02 -1.995354414e+00 5.269008130e-02 -2.853249907e-01 1.165148690e-01 -3.888929129e+00 -4.811546206e-02
-4.279766083e-01 1.465008780e-02 -2.640504360e+00 -1.136496067e-01 1.456969231e-01 1.241581738e-01 1.234530061e-01 -3.966842964e-02 7.631718516e-01 1.841748208e-01 1.594749212e+00 1.217327714e-01
1.771899611e-01 -4.579525068e-02 9.329526424e-01 5.130564049e-02 -5.900547281e-02 3.830344230e-02 -4.190722704e-01 -4.156504571e-02 -3.127377480e-02 1.149133444e-01 -4.668056667e-01 -3.453559242e-03
-3.041562736e-01 5.416150764e-02 -3.932796419e-01 -1.295287013e-01 4.098241404e-02 1.596454829e-01 4.564094245e-01 1.295508817e-02 6.361675262e-02 2.610505521e-01 6.794192791e-01 2.596454024e-01
-3.435156345e-01 1.124926358e-01 6.465401649e-01 1.629498228e-02 -5.402282476e-01 2.261751145e-01 6.322525144e-01 1.315885633e-01 -9.993872792e-02 3.423635662e-01 9.996276498e-01 3.533097506e-01
1.403237134e-01 2.774216235e-01 1.206869841e+00 1.241310462e-01 1.705503017e-01 3.979863822e-01 1.213112235e+00 2.694705129e-01 -7.002147436e-01 5.398119092e-01 8.019326925e-01 1.568866968e-01
-5.309559703e-01 4.232234955e-01 -1.709308103e-02 2.001297623e-01 -7.913545966e-01 4.968273640e-01 -2.271950431e-02 2.097130418e-01 -2.307164371e-01 5.826842785e-01 2.108595222e-01 3.942016065e-01
-4.441315532e-01 3.283904493e-01 9.555140734e-01 6.009479612e-02 -5.092093349e-01 4.094557166e-01 1.479557991e+00 8.140801638e-02 -4.978573918e-01 4.877346158e-01 1.060397863e+00 1.944018304e-01
-3.633974120e-02 4.632489681e-01 9.006786346e-01 2.338962108e-01 1.747335941e-01 5.663754344e-01 1.100746989e+00 2.617506683e-01 1.844544411e-01 6.778213382e-01 8.874632716e-01 3.012562394e-01
4.511792660e-01 4.687612951e-01 8.844450116e-01 4.377735555e-01 2.135727368e-02 5.481402278e-01 2.155185193e-01 4.714069963e-01 -1.251320243e-01 6.619800925e-01 -5.304406881e-01 3.790911734e-01
4.282492399e-01 7.624036074e-01 -1.136803865e+00 5.989782810e-01 6.359788775e-01 7.706841230e-01 -1.241011620e+00 5.040315390e-01 4.621250927e-01 8.241028786e-01 -5.164600611e-01 5.847535729e-01
-7.979030609e-01 3.643566072e-01 -2.332360506e+00 1.713299192e-03 -3.835437894e-01 4.040800929e-01 -1.581255198e+00 1.662270278e-01 7.406399250e-01 4.859284759e-01 2.785449326e-01 4.821806252e-01
6.770859361e-01 1.926797479e-01 2.434071541e+00 2.514896691e-01 2.396920770e-01 2.676816583e-01 4.227190495e+00 -1.216412187e-01 9.732179046e-01 4.292792976e-01 3.145045280e+00 4.109445810e-01
2.750872374e-01 6.737637520e-02 -2.860941887e-01 1.119443700e-01 3.728708029e-01 1.153049432e-02 -1.478222609e+00 6.275746971e-02 1.406562626e-01 -2.559836581e-02 -1.946815610e+00 7.646933198e-02
4.669409692e-01 -4.428267106e-02 1.285873055e+00 1.538154203e-02 8.930611014e-01 -8.748546243e-02 2.189638138e+00 1.060910076e-01 1.280988008e-01 -8.563436568e-02 8.970984221e-01 3.194771707e-02
-7.086294889e-01 -5.729648471e-02 -1.833463430e+00 -6.808745116e-02 3.648709357e-01 -2.342452668e-02 -1.233416677e+00 -2.621400170e-02 1.122982740e+00 -3.664293513e-02 7.168440614e-03 3.642866910e-01
4.833276942e-02 1.794394851e-01 1.056900501e+00 1.318050474e-01 3.498172164e-01 1.776525378e-01 6.579076052e-01 1.650888622e-01 3.883855343e-01 2.187663168e-01 3.943871856e-01 1.916536242e-01
2.196062207e-01 -6.691161543e-03 -1.053875908e-01 2.297022194e-02 5.255094171e-01 -7.898431271e-03 -8.009700477e-02 1.041542813e-01 1.457018685e-02 7.709779590e-02 -3.985388204e-02 9.863314778e-02
-4.340257347e-01 -3.395645916e-01 -4.106628299e-01 -3.642816842e-01 -4.133801460e-01 -3.178972304e-01 -6.820669174e-01 -4.056851566e-01 -1.233296752e+00 -2.204465270e-01 -6.222978830e-01 -3.853348792e-01
1.148829535e-01 -1.085727662e-01 7.965714335e-01 -1.711574644e-01 1.572589576e-01 -6.140072271e-02 2.789687812e-01 -1.084559634e-01 2.937708795e-01 2.926375531e-02 -3.909688815e-02 6.995293498e-02
-2.633835077e-01 -1.061241776e-01 -7.684787363e-02 -1.534098685e-01 1.880153827e-02 -7.434045523e-02 -1.486732364e+00 -2.479282469e-01 5.055431724e-01 -1.257782988e-02 -3.876786828e-01 -6.132136285e-02
-5.931400061e-01 -7.143881917e-02 1.017104536e-01 -3.991996944e-01 7.610109448e-01 -5.308375880e-02 2.624878168e+00 -1.068104729e-01 -1.695683748e-01 1.499740407e-02 1.305377126e+00 4.906558245e-02
-6.190786958e-01 -1.213633548e-02 6.318743229e-01 -2.685153484e-01 1.392956972e-01 3.199840710e-02 -8.578358889e-01 -7.930634916e-02 -4.218543470e-01 1.412693262e-01 -2.068105221e+00 -3.609341383e-02
-2.942121625e-01 3.397466242e-02 -1.144177079e+00 -1.122059599e-01 -5.777851343e-01 8.199854940e-02 4.006584734e-02 -4.756260663e-02 -2.249088883e-01 1.956295520e-01 6.733220816e-01 1.497274190e-01
1.398489904e-02 3.532558307e-02 1.885949224e-01 -7.822922617e-02 2.600937895e-02 9.498584270e-02 6.723504514e-02 -8.266591467e-03 3.331267834e-01 2.159445584e-01 -5.723421648e-02 1.352002174e-01
-8.086913824e-01 5.638729408e-02 -1.828988343e-01 -1.803026348e-01 -5.668299198e-01 7.847759873e-02 1.429292411e-01 -7.079137862e-02 -6.925160885e-01 1.835816503e-01 1.908956915e-01 1.148651633e-02
-8.459669948e-01 -2.495964058e-02 -3.133917451e-01 -2.422341108e-01 -7.809772491e-01 6.171902176e-03 2.612504959e-01 -1.969488412e-01 -9.023504853e-01 1.185302362e-01 1.068714738e+00 -5.847224966e-02
-4.898800254e-01 -3.702346608e-02 1.637708306e+00 -1.158692315e-01 -1.721302867e-01 1.299977489e-02 1.028932929e+00 1.062671840e-02 -2.713151872e-01 9.536068887e-02 -6.612046957e-01 1.314904839e-01
-6.595523357e-01 1.469937153e-03 -1.231335998e+00 -1.808634549e-01 -3.265068233e-01 7.992433012e-02 -1.099448085e+00 -6.359886378e-02 4.015748948e-02 1.722531319e-01 -1.220395565e-01 1.341229230e-01
-3.850759566e-01 1.593535841e-01 -2.726984583e-02 -9.405659139e-02 -1.010847092e+00 2.470704764e-01 8.181388974e-01 -8.595488220e-02 -7.963408828e-01 3.880773485e-01 1.302894831e+00 1.499843746e-01
9.853225946e-01 5.065296888e-01 -1.423146844e+00 3.973178566e-01 1.104660779e-01 5.019317269e-01 -1.742295980e+00 2.218496054e-01 -1.332052946e-01 5.686805248e-01 6.525779366e-01 1.805547625e-01
1.262508780e-01 3.630927764e-03 3.541926146e+00 -2.348768562e-01 -3.373610079e-01 8.437136561e-02 4.199830055e+00 -3.058494329e-01 -2.333322763e-01 2.255543172e-01 2.186409950e+00 -1.512039006e-01
-6.651239991e-01 5.887600407e-02 -1.449935913e+00 -1.262453794e-01 -1.980833858e-01 6.502295285e-02 -2.330577850e+00 -2.067613304e-01 3.221840858e-01 6.186785921e-02 -1.317957401e+00 -1.117916256e-01
-5.935685635e-01 2.063098848e-01 3.411821276e-02 -5.151501670e-02 -2.385620922e-01 2.623889744e-01 -5.083683729e-01 -2.777832374e-02 2.417761087e-01 3.161508441e-01 -9.354639649e-01 1.704299301e-01
-5.598554015e-01 2.783289552e-01 -1.200841069e+00 -1.560835168e-02 5.128998756e-01 3.838171959e-01 4.555134177e-01 2.120140791e-01 3.771186471e-01 4.521795809e-01 1.425196886e+00 4.196237326e-01
9.966725484e-03 2.285324335e-01 3.348105252e-01 3.581738770e-01 6.285740435e-02 2.527256608e-01 -6.314164996e-01 3.705710173e-01 -9.096568823e-02 3.426393867e-01 -9.988638163e-01 4.316928983e-01
2.425035387e-01 1.939644367e-01 -4.285796285e-01 2.198167145e-01 -2.094788998e-01 2.735426724e-01 5.803581476e-01 3.442726731e-01 -1.713933349e-01 3.559530377e-01 1.218022466e+00 3.811722398e-01
-2.370595634e-01 -4.208343569e-03 5.118803978e-01 1.373958886e-01 1.302021891e-01 6.963568181e-02 -1.457314938e-01 2.382364720e-01 -1.883073598e-01 1.997233480e-01 -6.266176701e-01 2.428645790e-01
-4.209898412e-01 3.916342743e-03 -5.208255649e-01 5.350007862e-02 -4.070659876e-01 6.047108769e-02 -3.930245042e-01 1.301899105e-01 2.913405560e-02 1.645425409e-01 5.793138742e-01 3.551272154e-01
-9.100060910e-02 -1.356290728e-01 3.520996273e-01 -1.129951775e-01 6.175668165e-02 -1.264759302e-01 7.208213806e-01 -2.520908788e-02 -6.051651239e-01 -4.439642280e-02 5.150209069e-01 -5.428222194e-02
-6.515643597e-01 -2.937923074e-01 1.586581320e-01 -2.001939416e-01 -2.141730934e-01 -2.936244607e-01 2.009699941e-01 -1.660390049e-01 -9.958026409e-01 -2.147650570e-01 -4.440065920e-01 -3.494807780e-01
-5.936285257e-01 -2.965467572e-01 -4.921933413e-01 -2.279631197e-01 -9.174863696e-01 -2.958256900e-01 -1.007901549e+00 -2.857171893e-01 -1.622410059e+00 -1.793607771e-01 -1.119433165e+00 -4.069048464e-01
-7.175321579e-01 -3.328790367e-01 -7.543462515e-01 -3.057626486e-01 -1.154847741e+00 -3.239434063e-01 -1.277842820e-01 -3.394864500e-01 -5.902578235e-01 -2.925883234e-01 3.596439064e-01 -1.029533073e-01
-4.016286433e-01 -4.190025032e-01 1.142311916e-01 -2.915078998e-01 -1.308279634e+00 -3.780471385e-01 -5.399929881e-01 -4.246278107e-01 -1.559929609e+00 -3.411892653e-01 -1.235765457e+00 -5.264014602e-01
-9.105732441e-01 -4.107078910e-01 -7.702074051e-01 -4.893051684e-01 -2.743127942e-01 -4.452841282e-01 4.709318280e-01 -3.023418188e-01 -3.166742623e-01 -4.332840741e-01 6.166415811e-01 -2.361506075e-01
-2.755849957e-01 -3.146434128e-01 7.609208822e-01 -1.364084780e-01 -1.825085431e-01 -3.182308674e-01 1.106234550e+00 -9.807725996e-02 -1.136848807e+00 -2.770102322e-01 5.856450275e-02 -2.087951899e-01
-9.991853237e-01 -3.724759519e-01 1.038748249e-01 -3.899011612e-01 -1.104354620e+00 -3.590198755e-01 -9.244305082e-03 -3.469721079e-01 -5.894664526e-01 -3.003353775e-01 -1.936563849e-01 -1.039413884e-01
-6.868875623e-01 -2.526005507e-01 1.142816395e-01 -2.539304793e-01 -7.770729065e-01 -2.340498567e-01 6.685114503e-01 -2.051651329e-01 -7.659881711e-01 -1.766799688e-01 -1.878348589e-01 -1.985660344e-01
-7.446634769e-01 -3.051776290e-01 -1.013291404e-01 -3.620947003e-01 -7.130724788e-01 -2.868941426e-01 -2.633568943e-01 -3.512139916e-01 -5.058209896e-01 -2.091573924e-01 8.388928324e-02 -1.152590290e-01
-5.712491274e-01 -2.391015440e-01 3.756522238e-01 -3.285723627e-01 -6.822006702e-01 -1.977012753e-01 5.690848231e-01 -3.082142472e-01 -2.193798423e-01 -8.393431455e-02 5.036325455e-01 -1.262836009e-01
-2.398099750e-01 -1.784680933e-01 6.257328391e-01 -1.966920495e-01 -4.360125959e-01 -1.395586431e-01 4.210094810e-01 -1.685644537e-01 -5.584863424e-01 -2.902920358e-02 6.262063384e-01 2.772630006e-02
-9.056808800e-02 -5.610853434e-02 4.104176760e-01 4.292755574e-02 4.016990662e-01 -7.941748016e-03 1.591901630e-01 2.216843218e-01 1.584100723e-01 2.728422731e-02 1.379894167e-01 3.278103769e-01
-9.057632089e-02 1.644855365e-02 -6.308215857e-02 1.338103265e-01 -1.926433295e-01 6.168387830e-02 -4.343272746e-01 1.353416145e-01 3.954104185e-01 1.288524568e-01 3.834820092e-01 3.698576391e-01
1.742333025e-01 9.826201200e-02 1.053313494e+00 1.023637131e-03 1.227409959e+00 1.038204357e-01 1.544675946e+00 3.421618044e-01 6.772993803e-01 1.697377264e-01 1.960079432e+00 4.939695001e-01
2.410683185e-01 1.663147807e-01 1.282337189e+00 5.010190606e-01 6.099503040e-01 1.633547395e-01 2.632322013e-01 5.181680322e-01 1.648251653e+00 1.890938133e-01 -6.216728091e-01 7.678564191e-01
1.781076312e+00 3.004589677e-01 -1.284288883e+00 6.137676835e-01 7.356087565e-01 3.103002310e-01 -1.238523275e-01 3.449695110e-01 -5.731871724e-01 3.524292409e-01 1.170506954e+00 7.034515589e-02
4.296066165e-01 1.796606779e-01 7.131294608e-01 1.006413624e-01 1.084890246e+00 1.328755021e-01 -2.014341801e-01 6.180769950e-02 1.268176675e+00 1.036802828e-01 -3.931047022e-01 2.384720743e-01
1.126718879e+00 1.243112534e-01 2.768551409e-01 3.045145571e-01 1.560419053e-01 1.420735121e-01 5.858948231e-01 1.932784617e-01 6.312888265e-01 1.112475693e-01 8.788906336e-01 2.360169291e-01
2.651215792e-01 2.053010613e-01 1.429563403e+00 2.556895316e-01 7.587262988e-01 2.437796444e-01 1.066853762e+00 3.057067096e-01 7.481494546e-01 1.899307370e-01 -2.237674296e-01 3.759628236e-01
6.676979661e-01 1.699665934e-01 -1.225391403e-01 2.758038342e-01 1.145209074e+00 1.449018121e-01 3.164848685e-01 3.616406322e-01 1.650587440e+00 7.664389908e-02 1.711898446e+00 3.896861374e-01
1.113593102e+00 1.618045121e-01 2.214129686e+00 3.391896188e-01 1.236106277e+00 1.465194970e-01 1.600539088e+00 2.662334144e-01 1.732710361e+00 8.070466667e-02 -3.089339435e-01 4.986259937e-01
1.229833603e+00 2.038354874e-01 -1.299316764e+00 1.849845797e-01 1.433536410e+00 1.171875522e-01 -5.268695951e-01 2.213603407e-01 1.368890405e+00 3.477864340e-02 8.206513524e-01 2.519217432e-01
5.355709791e-01 -1.729368418e-02 8.260192871e-01 4.487645999e-02 1.093717694e+00 -2.140638046e-02 1.012310982e+00 9.195204824e-02 1.196761847e+00 -6.510383636e-02 1.054378226e-01 3.205583990e-01
3.908689022e-01 -2.341068536e-02 -3.334017992e-01 -5.165048316e-02 7.987006903e-01 -7.771583274e-03 2.025254369e-01 -5.913063884e-02 1.025132179e+00 -4.533746839e-02 4.079269767e-01 6.766950339e-02
2.177951634e-01 -1.353636235e-01 -6.807756424e-02 -1.174388081e-01 4.034623504e-01 -7.661634684e-02 1.348171532e-01 -1.738374084e-01 7.224639654e-01 -1.256179512e-01 2.344234735e-01 3.350114822e-02
6.789191961e-01 -3.477384895e-02 3.108444214e-01 6.877785921e-02 5.939003825e-01 -1.234466396e-02 9.183661342e-01 3.023913689e-02 5.799049735e-01 -3.835200146e-02 4.216438532e-01 3.351554647e-02
9.072791338e-01 -1.263045613e-02 -2.822688036e-02 1.301357001e-01 4.484315217e-01 2.751893736e-02 1.553671807e-01 -6.513752788e-02 6.552243829e-01 4.172734916e-02 6.032378078e-01 3.648649901e-02
7.990493178e-01 -1.557324082e-01 4.873135388e-01 -2.643918991e-01 6.530485749e-01 -1.648472250e-01 9.995490313e-01 -3.038748801e-01 6.152881384e-01 -1.082281023e-01 8.312655687e-01 -1.657059789e-01
1.209924580e-03 -1.013240814e-01 7.045938373e-01 -3.264395297e-01 1.400811374e-01 -9.540881962e-02 4.330811501e-01 -3.133075237e-01 5.431969166e-01 -3.140403703e-02 -1.839987487e-01 -8.836042881e-02
2.875178158e-01 1.664954424e-02 -8.580286503e-01 -4.464303609e-03 2.317010164e-01 -2.793782391e-03 -7.922018170e-01 -1.162076890e-01 1.783923805e-01 4.942756891e-02 -5.980411172e-02 -3.097368032e-02
3.700017929e-01 -3.163975850e-02 1.045195937e+00 7.811903954e-02 4.903717041e-01 -7.855507731e-02 2.168106474e-02 -6.245771796e-02 4.667906165e-01 -1.007491052e-01 -3.478901982e-01 3.071019053e-02
4.304083586e-01 -4.103145096e-03 -4.018873870e-01 1.000534836e-02 4.892877638e-01 -9.459706023e-03 7.485960722e-01 -2.253638580e-03 8.373114467e-01 -4.832743108e-02 9.468931556e-01 1.088782623e-01
3.125360012e-01 -4.299958423e-02 5.729783177e-01 -3.451498970e-02 1.876679715e-03 -4.856288806e-02 5.125365257e-01 -1.012486741e-01 6.420748830e-01 -7.457582653e-02 3.861013651e-01 1.118160933e-01
-8.711389452e-02 -1.113234311e-01 2.360539287e-01 -1.954991966e-01 1.086793661e+00 -1.387417018e-01 -2.308878452e-01 4.974268377e-02 6.069397926e-01 -1.073681116e-01 4.486055970e-01 1.241580099e-01
3.421318829e-01 -1.828975976e-02 8.406963944e-01 1.978565007e-02 1.052013159e+00 -5.538245663e-02 8.767098188e-01 1.852016449e-01 8.251175284e-01 -9.865901433e-03 -6.559153795e-01 2.909610271e-01
7.316314578e-01 -6.968289614e-02 -1.098453760e+00 7.147090137e-02 7.582960129e-01 -8.931372315e-02 9.404127598e-01 3.205006570e-02 4.463217854e-01 -9.777068347e-02 2.619562387e+00 1.589093506e-01
4.978930652e-01 -2.618952990e-01 1.247964501e+00 -3.399220109e-01 1.297471076e-01 -2.783836424e-01 4.772318006e-01 -4.368435442e-01 -8.662872761e-02 -2.653854787e-01 -1.178438738e-01 -3.379337192e-01
4.310051203e-01 -3.033562899e-01 1.058661938e+00 -3.226157129e-01 4.077548683e-01 -3.162111938e-01 1.323302239e-01 -4.458512664e-01 1.126932129e-01 -3.637560308e-01 -7.726573348e-01 -3.324986398e-01
-6.497827172e-01 -3.994863033e-01 -1.124617696e+00 -4.443289936e-01 -3.122882545e-01 -4.334351420e-01 -5.529505014e-01 -5.061192513e-01 3.260991722e-02 -4.637011886e-01 -2.215081602e-01 -4.556447566e-01
-6.685719490e-01 -6.189286709e-01 -3.284295797e-01 -7.538902760e-01 -3.904748857e-01 -5.846592784e-01 4.806477576e-02 -7.431858778e-01 5.917284265e-02 -6.254154444e-01 4.309646189e-01 -5.221071243e-01
-1.136216819e-01 -9.454432130e-01 3.548160493e-01 -9.452215433e-01 5.170609057e-02 -9.154799581e-01 4.947831929e-01 -8.087773323e-01 -2.173160911e-01 -9.237176180e-01 5.382779613e-02 -8.560290933e-01
-1.936376542e-01 -9.938026071e-01 2.145493180e-01 -7.633454204e-01 -1.130691096e-01 -9.950313568e-01 1.216127947e-01 -8.009822965e-01 -1.227550358e-01 -1.040072680e+00 1.239315793e-01 -7.944297791e-01
-1.472522914e-01 -7.879418731e-01 9.766276926e-02 -6.551076174e-01 8.294875920e-02 -8.063517213e-01 -4.404879361e-02 -6.359573603e-01 2.924079895e-01 -8.370218277e-01 -1.893470734e-01 -5.560377240e-01
-4.151914418e-01 -3.499487936e-01 3.977178335e-01 -2.894565761e-01 6.502991542e-03 -3.997170031e-01 -5.055142194e-02 -2.750484645e-01 -2.189973146e-01 -4.479533136e-01 -2.966830432e-01 -7.046534121e-02
7.537839562e-02 -3.930594027e-01 1.056405678e-01 -2.921541929e-01 1.619032957e-02 -4.158695638e-01 3.381039202e-01 -2.376121134e-01 -1.054479703e-01 -4.012591839e-01 -4.678229243e-02 -1.597604454e-01
-2.026598752e-01 -4.324897826e-01 -4.038853049e-01 -2.825444341e-01 -3.826896548e-01 -4.370118082e-01 -5.966637731e-01 -3.065399826e-01 -1.630996317e-01 -4.063549638e-01 -7.595751882e-01 -3.193001747e-01
-3.500083983e-01 -4.209086299e-01 -7.953110933e-01 -3.297045827e-01 4.020113871e-02 -4.243216217e-01 -6.535586119e-01 -2.308678776e-01 1.046507061e-01 -3.733435571e-01 6.629417092e-02 -1.547663361e-01
1.916374564e-01 -3.993645310e-01 1.480624676e+00 -8.932504058e-02 -1.370475441e-01 -3.885456324e-01 1.194820166e+00 -1.863621026e-01 1.672747582e-01 -3.981381357e-01 1.733435243e-01 -8.395442739e-03
8.396548033e-02 -3.594517112e-01 -1.499371767e+00 -7.621971518e-02 -1.618107110e-01 -4.098548889e-01 -1.411261201e+00 -1.908752024e-01 5.339550376e-01 -4.203598201e-01 4.185151774e-03 -4.187299311e-02
1.160054430e-01 -1.261143088e-01 1.707177758e+00 -8.196060359e-02 3.139170408e-01 -1.362686306e-01 1.682396889e+00 4.756553471e-02 -1.582661420e-01 -1.327159852e-01 1.540175676e-01 1.736526340e-01
2.004707791e-02 -4.200372100e-02 -1.745701194e+00 3.139588237e-01 1.009679660e-01 -9.125345945e-02 -1.551115990e+00 2.443854213e-01 1.371715069e-01 -4.777553305e-02 -1.278156400e+00 2.837971151e-01
6.296034455e-01 2.403394133e-02 -1.205433309e-01 2.160014063e-01 8.352946043e-01 2.635040693e-02 3.660809994e-01 3.127591610e-01 4.124696255e-01 6.426941603e-02 4.623814523e-01 2.091705650e-01
1.786335945e+00 5.828825757e-02 -4.398041666e-01 3.690668941e-01 4.167431891e-01 5.595739931e-02 -3.158545792e-01 1.728697568e-01 1.415848285e-01 4.020439833e-02 8.634644151e-01 1.031760573e-01
4.464502931e-01 4.066377506e-02 2.031266212e+00 1.567808390e-01 4.558665454e-01 5.282218382e-02 1.712191820e+00 2.593925893e-01 -1.638506912e-02 3.125649691e-02 -1.700338870e-01 2.590929866e-01
7.584678382e-02 9.609499946e-03 -1.091820478e+00 1.565467715e-01 -3.946434706e-02 3.624631464e-02 -2.897036970e-01 1.364815086e-01 3.778849244e-01 5.080542713e-02 4.073347151e-01 2.470802963e-01
4.985157251e-01 8.757552505e-02 1.350254416e+00 2.849894166e-01 3.917990029e-01 8.216170222e-02 6.560461521e-01 3.779547513e-01 -1.681036316e-02 1.063231379e-01 -4.257090390e-01 4.380634427e-01
-8.188074827e-02 5.528062955e-02 -8.539406657e-01 2.698321640e-01 3.110329807e-01 9.663552046e-02 1.206858382e-01 5.134293437e-01 9.388926029e-01 1.801503450e-01 6.615926027e-01 6.825788617e-01
6.122271419e-01 4.154457524e-02 5.261139870e-01 3.303515613e-01 1.389009506e-01 5.015427619e-02 -7.510541379e-02 2.029832602e-01 1.448397517e+00 1.096304357e-01 5.117398500e-01 6.343677640e-01
1.092698693e+00 -2.316091955e-02 3.068274856e-01 3.949278891e-01 -6.796190739e-01 1.918679569e-03 -9.723017216e-01 5.363326520e-02 -9.211034775e-01 6.120292470e-02 -2.120033026e+00 -6.002265587e-02
5.152119398e-01 -9.333105385e-02 -1.076257348e+00 1.377841234e-01 8.173788786e-01 -8.072052896e-02 5.759885907e-01 1.894928068e-01 9.043400288e-01 -1.180006266e-01 1.165709496e+00 1.857923716e-01
7.668299675e-01 -1.287373304e-01 1.019079685e+00 2.575711906e-01 5.833641887e-01 -1.368333399e-01 -2.075278610e-01 2.407776415e-01 1.699383855e-01 -1.624191701e-01 -8.576540351e-01 2.214006782e-01
-1.727799326e-01 -8.008985221e-02 -6.162706017e-01 5.477127433e-02 -2.927095592e-01 -4.586248100e-02 6.465894729e-02 8.759065717e-02 -2.993881702e-01 -5.514992774e-02 -2.073156834e-01 1.041824147e-01
1.612006426e-01 -6.591466069e-02 -2.227945924e-01 5.554633588e-02 3.480854928e-01 -5.137674138e-02 -6.515114903e-01 3.590946645e-02 4.130094871e-02 -8.165764809e-02 -7.475998402e-01 -1.394405123e-02
1.338842064e-01 1.179800741e-02 -1.818675399e-01 1.277837157e-01 6.146025658e-01 5.309437588e-02 7.244352102e-01 2.253312767e-01 -3.697586432e-02 4.361935705e-02 1.348625302e+00 2.268373519e-01
-2.051703632e-01 2.623650059e-02 1.669899464e+00 -1.513308007e-02 6.500362754e-01 3.863938153e-02 1.591409564e+00 1.193418950e-01 5.170774460e-01 6.333886646e-03 5.526422262e-01 2.191220969e-01
-8.688936234e-01 9.445914999e-03 -1.388897300e+00 -1.152198389e-01 -6.366388202e-01 2.019626833e-02 -1.786197901e+00 -1.977431327e-01 -4.871380702e-02 -2.632420510e-02 -8.280991316e-01 -1.477113962e-01
5.021905303e-01 -1.100726426e-01 2.245247215e-01 -6.158336625e-02 -3.493653610e-02 -6.471769512e-02 4.384792745e-01 -1.243517548e-01 -6.756197661e-02 -4.281247407e-02 2.715683877e-01 -1.241299883e-01
4.202756584e-01 -1.248884574e-02 1.958465129e-01 -1.148181781e-01 5.603951216e-01 -1.423227787e-02 2.535263598e-01 -8.217473328e-02 6.605729461e-01 -1.680542715e-02 4.575745165e-01 -9.001583606e-02
3.791013733e-02 -5.172542110e-02 2.133994102e-01 -1.082946509e-01 1.545841694e-01 -3.518433869e-02 1.002168097e-02 -6.429828703e-02 2.520979047e-01 1.769349910e-05 -5.102100372e-01 -5.321479589e-02
-1.535356492e-01 -1.931793690e-01 -5.315411687e-01 -1.415757537e-01 -1.143687367e-01 -2.108196616e-01 -5.215010047e-01 -1.599606425e-01 3.694355860e-02 -2.296819836e-01 -6.588625908e-01 -2.172998637e-01
1.960275173e-01 -1.199922562e-01 -6.746289730e-01 -6.299791485e-02 -2.797341943e-01 -1.244954020e-01 -1.924463958e-01 -2.405106574e-01 3.883392317e-03 -1.274629831e-01 1.960157305e-01 -1.927178055e-01
2.705801725e-01 -1.301310509e-01 1.737853698e-02 -1.730559766e-02 -6.139340997e-02 -1.392684877e-01 -1.926563233e-01 -9.173446894e-02 1.445794106e-01 -1.362668127e-01 -5.180745125e-01 -9.015980363e-02
1.140014175e-02 -1.227294952e-01 -7.361237407e-01 -1.083232164e-01 2.250364572e-01 -1.295552403e-01 -3.922441304e-01 -4.034346342e-02 1.240724176e-01 -1.773124933e-01 -1.084647849e-01 -2.068115771e-02
2.513836324e-01 -6.191378087e-02 -4.442136735e-02 -7.331281900e-02 4.191511273e-01 -7.584574819e-02 -1.100043505e-01 -1.490959525e-02 3.065743148e-01 -1.394640803e-01 -2.206386030e-01 -3.431338444e-02
-6.230030209e-02 -2.837576531e-02 -2.522207201e-01 -1.513069272e-01 -1.881419122e-01 -4.718279094e-02 -2.761997581e-01 -2.047493607e-01 3.014860749e-01 -9.754478186e-02 -3.505722880e-01 -1.149492636e-01
1.641611606e-01 -8.219747245e-02 -3.830648959e-01 -4.130292311e-02 -4.804587737e-02 -9.286457300e-02 -3.350307047e-01 -1.956964470e-02 -4.787037373e-01 -1.345078945e-01 -3.945951164e-01 -1.098729745e-01
-4.783612490e-02 -1.941836253e-02 -6.755591631e-01 -2.069237828e-02 -3.647387773e-02 1.443865523e-02 -5.417758226e-01 2.933219634e-02 3.194319904e-01 -5.017892923e-03 5.696851294e-04 1.737405062e-01
7.395197749e-01 -1.659121551e-02 4.371482730e-01 1.985291392e-01 -2.403330505e-01 -4.257760011e-03 6.927360892e-01 2.677988075e-02 -2.995928526e-01 -1.655408368e-02 7.277337909e-01 1.163520217e-01
-3.685969114e-02 1.961136796e-02 5.193055868e-01 1.887397915e-01 8.702081442e-01 8.784260601e-03 3.931562006e-01 3.423008919e-01 9.083886147e-01 -5.697760358e-02 4.621019959e-02 3.459146023e-01
6.634739041e-01 8.599427342e-02 -7.286974788e-01 4.784919620e-01 2.751950622e-01 7.690534741e-02 -7.656539679e-01 3.391374052e-01 4.161439538e-01 -1.040946320e-02 -6.304721236e-01 2.941962183e-01
3.938719928e-01 1.831357367e-03 -3.964011669e-01 4.085803032e-01 5.979583859e-01 2.524322085e-02 -3.780544698e-01 4.226278961e-01 5.319605470e-01 -5.461759865e-02 -4.975000918e-01 3.536480367e-01
5.839669108e-01 -8.517606556e-02 -2.665221393e-01 1.910548806e-01 6.336601973e-01 -4.756586999e-02 -3.142884672e-01 2.241898030e-01 6.361231208e-01 -7.256419212e-02 -4.258584678e-01 2.598028183e-01
3.485820591e-01 -7.054896653e-02 -2.183631361e-01 2.720918059e-01 4.234354794e-01 -1.503084227e-02 -2.332722247e-01 3.179870844e-01 4.709769785e-01 -3.252047300e-02 -2.756149769e-01 3.746970892e-01
5.254887938e-01 5.118890665e-03 -6.839446723e-02 3.847800493e-01 8.244602680e-01 2.497545909e-03 4.729587585e-02 4.585245848e-01 8.537119627e-01 -2.704067715e-02 1.889947057e-01 4.477797747e-01
3.491548002e-01 -6.838796288e-02 1.368657202e-01 2.677569389e-01 3.711340725e-01 -5.526403338e-02 -2.789486349e-01 2.429423928e-01 3.106879890e-01 -8.189968020e-02 -4.902265668e-01 3.274204433e-01
-5.424578488e-02 -1.895479113e-01 -2.623392940e-01 1.838573515e-01 -2.209218591e-01 -1.516563296e-01 -2.708165050e-01 1.297570169e-01 -3.122214973e-02 -1.741547137e-01 -3.395700157e-01 2.778501809e-01
-3.449446857e-01 -2.442790866e-01 -4.554105923e-02 5.409743637e-02 2.301612198e-01 -2.285386324e-01 -3.558642417e-02 1.927667558e-01 3.553977609e-01 -3.127419651e-01 -3.102979362e-01 2.291150391e-01
-3.100376725e-01 -5.360579491e-01 2.072194368e-01 -3.306922913e-01 -5.766158700e-01 -5.051561594e-01 1.762358099e-01 -3.906736970e-01 -4.716596901e-01 -5.736804008e-01 9.857281297e-02 -3.646341562e-01
8.822683245e-02 -9.566479921e-01 2.281452864e-01 -7.951292992e-01 -6.180812716e-01 -9.003749490e-01 -2.693275549e-02 -9.666904807e-01 -6.893383265e-01 -9.156454802e-01 3.379915953e-01 -8.624615073e-01
-5.707737207e-01 -1.343044162e+00 1.003147736e-01 -1.238138199e+00 1.088343188e-01 -1.249408364e+00 3.838824034e-01 -9.912207723e-01 -1.459693760e-01 -1.275583982e+00 5.030429363e-01 -7.127028108e-01
3.687153459e-01 -1.359950781e+00 8.226927370e-02 -9.379435778e-01 -6.419245601e-01 -1.281849504e+00 -6.516703218e-02 -1.083313107e+00 -1.231507421e+00 -1.286208630e+00 1.664915979e-01 -9.421117306e-01
-1.237543464e+00 -2.753930986e-01 6.442130208e-01 -2.808670402e-01 -9.797804952e-01 -1.315772086e-01 1.165258959e-01 -1.230788380e-01 -4.471188486e-01 -9.184939414e-02 -1.880358905e-01 1.919494420e-01
-1.958298236e-01 7.642860413e-01 5.922907963e-02 8.306613564e-01 -4.510405958e-01 9.817785621e-01 -2.623968124e-01 8.395200968e-01 -6.081238762e-02 1.150189400e+00 -4.129470289e-01 1.222671509e+00
-8.755552769e-02 1.171130419e+00 -4.104872942e-01 1.145740151e+00 8.682681620e-02 1.388131261e+00 -3.242180645e-01 1.254926920e+00 3.436259031e-01 1.548475623e+00 -3.921475708e-01 1.596462727e+00
-5.722081065e-01 1.302074552e+00 -1.934518665e-01 1.215418577e+00 -6.406427026e-01 1.464026809e+00 -6.057586670e-01 1.181602716e+00 6.160982251e-01 1.575325012e+00 -6.223222017e-01 1.723115802e+00
4.733910859e-01 9.101713896e-01 -3.861638904e-01 9.849702120e-01 -3.499207795e-01 1.026863694e+00 -5.633040071e-01 9.109515548e-01 -6.428449154e-01 1.113253117e+00 -4.897313416e-01 1.023125410e+00
-6.213746667e-01 3.316096067e-01 -6.289936900e-01 3.235731721e-01 -2.237906307e-01 4.179459810e-01 -1.070311069e+00 4.142693281e-01 2.027497590e-01 4.449433386e-01 -8.596454859e-01 6.410152912e-01
2.355099171e-01 -1.613478065e-01 3.698571399e-02 2.100643516e-01 3.482973576e-01 -1.992706358e-01 2.263705134e-01 1.148692220e-01 6.564869285e-01 -2.909310758e-01 -3.487403989e-01 1.319371909e-01
8.060994148e-01 -6.100763679e-01 1.593132690e-02 -1.036394984e-01 2.894802988e-01 -6.317189932e-01 -2.537304163e-01 -2.973622084e-01 -4.388167858e-01 -7.235008478e-01 1.820721291e-02 -5.004923344e-01
-3.567518592e-01 -7.200760245e-01 7.932825089e-01 -6.214438081e-01 -2.963212430e-01 -7.103071213e-01 2.317007482e-01 -5.787417889e-01 -2.661665343e-02 -7.847644687e-01 -6.581915617e-01 -4.457038343e-01
3.286268413e-01 -8.678437471e-01 -3.579308987e-01 -6.598868370e-01 1.095169783e+00 -8.290032744e-01 7.321826220e-01 -4.062712193e-01 1.600105166e-01 -8.438354135e-01 1.810565829e+00 -4.199703634e-01
4.465909302e-01 -9.873414040e-01 6.773409843e-01 -5.500189066e-01 -7.569629550e-01 -1.030420423e+00 -1.802977622e-01 -7.482452393e-01 -1.250218034e+00 -1.064078569e+00 -8.607842922e-01 -9.123982787e-01
-1.384681463e-01 -6.962805390e-01 -1.975523680e-01 -5.015211105e-01 -1.968166083e-01 -7.094056606e-01 -2.397248894e-01 -4.058213234e-01 -3.993755877e-01 -7.722731233e-01 -1.845303327e-01 -4.981470108e-01
-1.513998955e-01 -7.061539292e-01 7.065934688e-02 -5.297175646e-01 6.524680555e-02 -6.900887489e-01 -3.954405487e-01 -3.869946599e-01 -1.148441806e-01 -7.202494144e-01 -6.870257258e-01 -4.163217545e-01
5.668161511e-01 -6.419102550e-01 -4.059015214e-01 -3.681446612e-01 -2.128729373e-01 -6.729235053e-01 2.278488725e-01 -3.720954061e-01 -4.380736649e-01 -7.494131923e-01 3.499121368e-01 -5.494098663e-01
-5.585904121e-01 -5.450810194e-01 8.785184026e-01 -3.196369708e-01 2.919085510e-02 -5.787679553e-01 -1.251209825e-01 -1.991479248e-01 4.251767099e-01 -6.597399712e-01 -1.166403770e+00 3.177952953e-03
4.265463352e-01 -3.106554449e-01 -1.000516057e+00 -1.658818871e-02 -1.843276173e-01 -3.653495908e-01 -6.026621461e-01 -7.996570319e-02 -8.305289745e-01 -4.025933444e-01 -2.218148112e-01 -2.348077893e-01
