1.162506863e-01 -8.687993884e-02 -3.460039496e-01 -3.487624824e-01 4.842800498e-01 -2.130598016e-02 -1.344289631e-01 -1.790628433e-01 6.696036458e-01 4.938368872e-02 1.369862556e-01 -9.648816288e-02
4.954759181e-01 -7.411049306e-02 -1.101161260e-02 -1.141442209e-01 3.220790625e-01 -1.451165695e-02 -2.442798913e-01 -5.948292464e-02 4.456983805e-01 1.574093290e-02 -3.625275493e-01 3.101537004e-03
-1.496853232e-01 -3.817023709e-02 -1.668351144e-01 -2.295053601e-01 -2.049745061e-02 -9.055079892e-03 5.562044978e-01 -1.738490015e-01 5.063595995e-02 6.997402757e-02 7.164953947e-01 -1.748130471e-01
-3.272322714e-01 -3.981379792e-03 1.063558757e-01 -2.070371509e-01 6.204476953e-02 3.100885265e-02 1.274693459e-01 -1.604327708e-01 1.717577279e-01 8.395332098e-02 -1.985940337e-01 -8.908063173e-02
5.705971122e-01 6.008113548e-02 -5.189194083e-01 9.558338672e-02 9.091830254e-01 8.313721418e-02 -2.105864286e-01 1.555053741e-01 5.350240469e-01 1.258464754e-01 7.868221402e-01 9.034818411e-02
2.216934785e-02 -2.880206518e-02 6.657710075e-01 8.777628094e-02 -6.328740716e-01 4.806860536e-02 6.169998050e-01 9.714386612e-02 -2.854298055e-01 5.140743032e-02 -4.097284973e-01 7.590819150e-02
-1.935269237e-01 4.992671311e-04 -1.177695870e+00 5.803034455e-02 5.772721767e-01 1.566255838e-02 -4.370200038e-01 1.789087355e-01 9.820390940e-01 -1.771902852e-02 4.600602984e-01 2.573603988e-01
6.211565137e-01 -6.205597147e-02 6.499673128e-01 2.538317442e-01 -4.579776525e-01 -2.091304585e-02 9.327591062e-01 2.716954947e-01 -2.817110121e-01 4.909136333e-03 2.064419687e-01 2.093973905e-01
5.030410886e-01 -3.733647987e-02 6.309318542e-01 2.938963175e-01 5.108498931e-01 -6.724838633e-03 1.954517215e-01 3.823022842e-01 2.910727561e-01 1.641825400e-02 -3.532152474e-01 3.180383742e-01
1.170049310e-01 -1.080967486e-01 -5.005304813e-01 2.463045120e-01 4.085619003e-03 -4.548911378e-02 -9.779711813e-02 3.160462081e-01 -1.038721681e+00 2.971297316e-02 1.322905570e-01 1.541412324e-01
5.114502907e-01 -4.557601362e-02 -1.936141104e-01 1.953001618e-01 5.773807168e-01 -4.280940071e-02 -1.921983361e-01 3.400291502e-01 1.410481095e+00 -2.575377002e-02 7.571922988e-02 3.293235600e-01
3.147322536e-01 -1.055502743e-01 2.909761667e-01 1.540509313e-01 1.606819481e-01 -5.267540365e-02 -1.072000787e-01 2.511254251e-01 9.590404630e-01 -5.094977841e-02 -3.985968232e-01 2.230710983e-01
5.225782394e-01 -9.633769095e-02 9.815725684e-02 2.553213239e-01 6.710315943e-01 -3.638627753e-02 -1.417331211e-02 2.837726176e-01 -1.025432050e-01 -3.905197978e-02 -2.931784391e-01 1.329658926e-01
6.612893939e-01 -8.210004866e-02 -3.138670921e-01 2.746105492e-01 -1.519834846e-01 -3.861324117e-02 -3.580153733e-02 1.814653575e-01 2.783668041e-01 -6.441801041e-02 1.958636045e-01 1.250844002e-01
4.859022796e-01 -4.958295450e-02 -3.655667901e-01 2.803792357e-01 4.713214636e-01 3.177427500e-02 8.756836504e-02 2.722800374e-01 6.275829673e-01 2.336255088e-02 -1.472543180e-01 2.477608323e-01
1.263832927e+00 -7.478630543e-02 -5.166769400e-02 4.604818225e-01 1.819774657e-01 1.250776649e-02 5.666292310e-01 4.249781370e-01 -1.906710304e-02 6.653153151e-02 1.826932877e-01 2.990902960e-01
9.940444231e-01 -8.405594528e-02 -1.653271616e-01 4.147093594e-01 -1.705626375e-03 -4.643774033e-02 -4.711793661e-01 3.648984134e-01 -8.144330978e-02 3.150516003e-02 -6.525003314e-01 2.595709264e-01
5.408065394e-02 -5.419279635e-02 -7.651464939e-01 7.221516222e-02 -1.331243366e-01 -2.715410106e-02 -3.386698961e-01 4.744607210e-02 -6.597658396e-01 -4.145508166e-03 -1.021855474e-01 6.450495869e-02
-4.097652435e-01 -3.091439418e-02 -1.136690676e-01 3.280539811e-02 1.852499545e-01 4.130335059e-03 -2.929702103e-01 1.655379534e-01 3.624354899e-01 -1.398923900e-02 3.448520303e-01 2.406423688e-01
1.358127713e+00 -7.483741641e-02 1.467150450e-01 2.636438310e-01 1.003739595e+00 -3.927991539e-02 5.053282157e-02 2.517656386e-01 -2.669993937e-01 -3.889348730e-02 1.466152258e-02 8.978138864e-02
3.846485913e-01 -9.721194208e-02 8.502470329e-03 8.585663140e-02 -8.843452483e-02 -6.261376292e-02 1.027138904e-01 1.280326396e-01 2.195924520e-01 -7.381882519e-02 -2.272529155e-01 2.026143223e-01
6.128610969e-01 -8.698093891e-02 -3.162750900e-01 4.466631636e-02 1.456635594e+00 -7.450126112e-02 -4.758453369e-02 2.596077323e-01 3.934824094e-02 -9.954726696e-02 -4.042846709e-02 1.709529608e-01
1.095732212e+00 -2.232456580e-02 2.398024052e-01 2.087263763e-01 8.562749028e-01 9.115040302e-03 3.127089441e-01 2.993674576e-01 4.999206364e-01 2.445827052e-02 1.140544713e-01 2.845973372e-01
1.290151119e+00 -3.165373951e-02 1.980444938e-01 2.662337720e-01 2.914019227e-01 -1.787313074e-02 4.828279316e-01 2.108197957e-01 -9.624587744e-02 -2.295663022e-02 6.428907812e-02 1.011639684e-01
4.474407136e-01 -5.104883760e-02 -4.630947113e-01 3.468021005e-02 7.119069248e-02 -5.668048188e-02 -2.211910635e-01 6.953683496e-02 5.304262042e-01 -8.206859976e-02 2.706072330e-01 1.093631089e-01
3.525952101e-01 -5.562605709e-02 8.441590667e-01 9.845076501e-02 3.340639472e-01 -9.255025536e-03 5.843984485e-01 1.293765157e-01 1.078752756e+00 -6.058387458e-02 -1.660098881e-01 1.286312044e-01
1.026701808e+00 4.530039616e-03 -3.786870837e-01 1.472513080e-01 6.163465977e-01 8.289679885e-03 -3.562811017e-02 1.188134700e-01 6.155602336e-01 -4.813273624e-02 5.317074656e-01 6.019580364e-02
1.827362478e-01 -1.586215571e-03 8.222288489e-01 1.014733538e-01 -1.653649956e-01 4.660611600e-02 6.737040877e-01 8.428229392e-02 -6.050522327e-01 4.772888497e-02 6.097363774e-03 2.412596345e-02
1.728112400e-01 3.605911508e-02 -5.428569913e-01 1.569062769e-01 -5.774919987e-01 4.775085300e-02 -6.973365545e-01 3.115943633e-02 -2.167366445e-01 6.609965861e-02 -2.775680721e-01 4.923266172e-02
3.663204312e-01 -6.031186134e-02 2.047403008e-01 1.375207156e-01 -1.251646578e-01 -2.080156840e-02 9.021247178e-02 1.428015232e-01 -7.087932825e-01 3.326478601e-02 -1.401192043e-03 -1.099084839e-01
-4.129480422e-01 1.889381744e-02 3.799105585e-01 -1.366495490e-01 4.716369882e-02 2.188753895e-02 2.054693997e-01 6.289502606e-03 9.015848041e-01 3.729164228e-02 1.277900934e-01 2.802567780e-01
2.191735059e-01 4.544952139e-02 -9.949276596e-02 6.405973434e-02 5.724714994e-01 2.637598105e-02 -1.166485474e-01 1.238122880e-01 5.955446362e-01 7.843326032e-02 -2.154522017e-02 2.114404291e-01
3.759254217e-01 3.267828375e-02 1.602468789e-01 8.234369755e-02 3.139561117e-01 -2.907638438e-03 -8.535359800e-02 6.720703840e-02 1.231330484e-01 5.264494941e-02 1.458710432e-01 3.124291822e-02
8.059620857e-01 -2.671672702e-01 5.546341836e-02 -4.936563224e-02 6.238990426e-01 -2.522857189e-01 -7.826779038e-02 -1.568708718e-01 7.217901945e-01 -2.229510695e-01 5.549287796e-02 -7.383261621e-02
4.746115804e-01 -2.013367414e-01 3.615496755e-01 8.617785573e-02 -3.179063797e-01 -1.910310388e-01 4.195145965e-01 -7.876507193e-02 3.852297366e-01 -1.613753140e-01 3.642860651e-01 -2.512924932e-02
-7.612673193e-02 -2.313091606e-01 9.681404829e-01 -8.226718754e-02 1.178820729e+00 -2.392250597e-01 6.418308020e-01 7.835679501e-02 1.139646530e+00 -2.452856451e-01 -1.826344579e-01 1.820334345e-01
2.179154634e+00 -1.627008170e-01 -1.207302958e-01 3.910686821e-02 9.107698202e-01 -1.703126729e-01 9.250539541e-01 7.425006479e-02 3.482844234e-01 -1.597084999e-01 1.046738386e+00 -3.650640696e-02
-5.013886690e-01 -9.546267986e-02 7.160940766e-01 -1.664184928e-01 -1.846166514e-02 -7.037398964e-02 2.882353067e-01 4.436055198e-03 3.854506910e-01 -1.052658111e-01 -8.773865700e-01 2.533032559e-03
1.274744034e+00 -9.957173467e-02 -3.962185085e-01 2.043193877e-01 4.899420142e-01 -6.733522564e-02 -1.844313145e-01 1.368903369e-01 -2.361368686e-01 -8.009590209e-02 2.912551165e-01 -1.338796318e-01
1.083491091e-02 2.361119725e-03 -4.547770694e-02 8.616450429e-02 -8.683615327e-01 4.491781816e-02 4.226683676e-01 -1.934220642e-02 -1.460560560e+00 2.911759354e-02 8.593682647e-01 -2.517390847e-01
-9.291397333e-01 -7.229420543e-02 2.376351804e-01 9.526141733e-02 -1.374219418e+00 -1.840665750e-02 2.419963479e-01 1.503567211e-02 -1.072893620e+00 -2.002319880e-02 1.951218247e-01 4.856151715e-02
-7.858140469e-01 -1.651405692e-01 8.839710355e-01 8.760598302e-02 -9.254590273e-01 -9.875680506e-02 7.836908698e-01 1.379588097e-01 -1.192548752e+00 -6.683564931e-02 3.034943342e-01 1.716152728e-01
-1.105494499e+00 -1.441961974e-01 -4.807073176e-01 1.041185483e-01 -9.422413111e-01 -1.015363187e-01 -6.126901507e-01 1.050547510e-01 -1.284365177e+00 -1.239016056e-01 -8.340500593e-01 5.251742899e-02
5.378056169e-01 -1.952292919e-01 -3.461752832e-01 2.459343374e-01 5.373996496e-02 -1.837517321e-01 -2.743275166e-01 2.512919605e-01 9.912276268e-02 -2.247802466e-01 1.226908803e+00 2.237696201e-01
-3.647088408e-01 -1.492872685e-01 1.352478623e+00 -6.517284550e-03 -5.920910239e-01 -1.270697862e-01 1.015254408e-01 -7.670817524e-02 -5.306470990e-01 -1.358147413e-01 -5.172225833e-01 -7.366753370e-02
-1.827705353e-01 -8.962076902e-02 -1.007978320e+00 6.626464427e-02 -3.650667071e-01 -6.608965248e-02 -5.411291122e-01 1.905346848e-02 -3.135323226e-01 -1.136818305e-01 -2.467383742e-01 1.474411692e-02
1.535644475e-02 -1.531396508e-01 6.329237670e-02 1.796853542e-01 -1.484545171e-01 -9.213489294e-02 5.117703974e-02 2.458577752e-01 1.291711628e-01 -4.938167334e-02 1.933492720e-01 3.090139329e-01
4.844825268e-01 3.574916348e-02 -8.740602992e-03 3.939767480e-01 -7.456511259e-02 2.296940982e-02 -9.636363387e-02 3.272179663e-01 -3.610329032e-01 4.713791236e-02 2.716657147e-02 2.599342763e-01
9.282442182e-02 -7.580725849e-02 1.041613221e+00 1.132664531e-01 -8.182119727e-01 -1.582604460e-02 1.272808790e+00 7.824619859e-02 -1.903826475e+00 4.989184439e-02 -1.258036792e-01 -1.494830549e-01
-1.799759507e+00 2.459272742e-02 -1.174988985e+00 -1.969030499e-01 -9.892050028e-01 5.346846208e-02 -5.845208764e-01 -1.485419869e-01 1.037108302e-01 5.061505362e-02 -2.254260927e-01 1.675708964e-02
1.969170719e-01 -1.064357013e-01 1.545587182e-01 1.026060134e-01 7.172152996e-01 -6.191240251e-02 4.906941354e-01 1.050956696e-01 -6.548371911e-01 -3.177849203e-02 4.660544097e-01 1.901942305e-03
-6.494700909e-01 2.975580469e-02 1.139455009e-03 8.256218582e-02 -6.647891402e-01 3.574059531e-02 -1.754145771e-01 3.473592550e-02 8.863694668e-01 3.973223642e-02 1.290171146e-01 2.746362984e-01
2.789433897e-01 -3.919117153e-04 1.213721037e-01 2.457462847e-01 4.300626814e-01 3.978277370e-02 2.500935197e-01 2.848702371e-01 5.563479662e-02 7.500166446e-02 1.693617851e-01 2.747524083e-01
-3.587177694e-01 -2.222433686e-04 -7.327251881e-02 1.906045675e-01 -3.238179982e-01 4.439783469e-02 3.262411803e-02 1.530153304e-01 -5.515253544e-01 4.962787405e-02 1.760450602e-01 1.713124812e-01
-5.490104854e-02 1.524216495e-03 9.953347594e-02 2.195123285e-01 -8.061776161e-01 3.468092531e-02 -2.249068208e-02 1.496525705e-01 -4.685502946e-01 2.839354239e-02 3.540343419e-02 1.451544464e-01
-2.694575489e-01 1.177642494e-02 3.482501507e-01 1.263850331e-01 -3.959525526e-01 5.685533583e-02 -8.723756671e-02 1.663378030e-01 -3.514461219e-01 4.461335391e-02 -3.050751090e-01 1.388803571e-01
-2.637521029e-01 7.270697504e-03 -1.020218432e-01 -3.242829442e-02 -2.124419659e-01 3.057680093e-02 1.605696231e-01 5.892610177e-03 -2.031435370e-01 2.006851323e-02 1.285551935e-01 3.643547744e-02
-7.253683209e-01 9.229637682e-02 5.770560727e-02 6.829992682e-02 -7.363119721e-01 1.138497666e-01 -3.543067873e-01 7.431001961e-02 -1.312812865e-01 1.023440659e-01 -1.877454966e-01 1.258533150e-01
-1.259231269e-01 -2.683001943e-02 6.648097634e-01 -1.124353781e-01 3.945789486e-02 -1.008042507e-02 4.114951789e-01 -1.265411824e-01 -1.071037769e+00 3.874195507e-03 -3.198271617e-02 -1.349999756e-01
-7.553207874e-01 -2.969756536e-02 -4.059323668e-01 -8.617576212e-02 -1.146235228e+00 -2.620229870e-02 1.109159831e-02 -1.032813862e-01 -7.802367806e-01 4.012430087e-03 1.799032092e-01 -1.052488908e-01
-4.912498295e-01 -5.163728073e-02 -4.156164080e-02 1.693368703e-02 -9.093793035e-01 -9.144228697e-02 8.977749944e-02 -2.906339429e-02 -5.919210911e-01 -6.287643313e-02 -1.688978970e-01 -4.241641238e-02
1.047568992e-01 -6.764568388e-02 -1.303589493e-01 9.777688421e-03 -2.606268823e-01 -8.362392336e-02 -3.015291095e-01 -5.877218395e-02 2.115020752e-01 -6.639873236e-02 -2.589643598e-01 3.290161118e-02
-6.665295362e-02 -1.336469948e-01 2.284244448e-01 -1.197898015e-01 -1.312360615e-01 -1.109140217e-01 4.202365875e-01 -4.400075972e-02 -6.975722909e-01 -6.118683517e-02 -2.495826036e-01 -1.606257632e-02
2.651185393e-01 -1.434624046e-01 -6.488300562e-01 -1.002374142e-01 2.067504525e-01 -1.439331472e-01 3.564677387e-02 -4.464291781e-02 -3.343422413e-01 -1.386771649e-01 2.671571672e-01 -3.003124520e-02
-2.809808031e-02 -9.535264969e-02 -2.638960816e-02 -1.583907604e-01 -7.020861506e-01 -8.094099909e-02 -3.061344922e-01 -2.514871657e-01 -4.844866097e-01 -3.933614492e-02 -1.963298470e-01 -2.289357632e-01
-5.756777525e-01 -5.355452001e-02 -3.528377414e-02 -2.377573252e-01 -2.882324457e-01 -2.117263898e-02 -2.405171543e-01 -2.192550004e-01 3.346806020e-02 1.389925927e-02 -3.302876279e-02 -5.717460439e-02
-5.483372808e-01 -1.306992769e-01 2.041179920e-03 -1.468031406e-01 -4.100837409e-01 -8.002953976e-02 -3.603011668e-01 -1.075376868e-01 -7.798765600e-02 -3.693986684e-02 -5.270593762e-01 -7.660406083e-02
-1.371908486e-01 -1.071826518e-01 -2.119156718e-02 -1.608791500e-01 5.750462040e-02 -8.618519455e-02 4.880262017e-01 -8.803253621e-02 4.135163128e-01 -1.799166319e-03 3.035101593e-01 9.079136699e-02
-7.616920471e-01 -1.327500194e-01 -9.976385534e-02 -2.344633490e-01 -4.008379281e-01 -9.192235023e-02 -1.528438628e-01 -1.626171470e-01 -8.473625779e-01 -5.529829860e-02 -7.168624550e-02 2.863511443e-03
-1.615077704e-01 -1.776987463e-01 2.944824100e-01 -4.126859605e-01 3.181894124e-01 -1.709546596e-01 5.794554204e-02 -2.749300301e-01 9.337296337e-02 -1.467040479e-01 2.086588293e-01 -1.742379963e-01
1.167971268e-02 -9.967978299e-02 -5.306193233e-01 -1.358903050e-01 -4.370108545e-01 -9.346428514e-02 -4.970212281e-01 -9.310828894e-02 -3.580194712e-01 -1.557639893e-02 -2.317754626e-01 -9.479399025e-02
3.839787543e-01 -3.115854226e-03 -8.064949512e-02 6.294748187e-02 5.118942261e-01 -6.027195137e-03 4.743502010e-03 1.728438586e-01 8.998890519e-01 3.559191898e-02 9.450419992e-02 2.751334906e-01
9.962305427e-01 -5.627577379e-02 4.790020585e-01 1.088140979e-01 9.576912522e-01 -2.305643074e-02 3.390257657e-01 9.350469708e-02 5.645760894e-01 7.867104560e-02 3.160510361e-01 9.963928908e-02
2.839516848e-02 -3.199548274e-02 2.894445881e-02 -2.906877995e-01 -5.050274730e-01 7.363161445e-02 -9.261907935e-01 -1.221309602e-01 4.132601321e-01 1.845648885e-01 -9.385610819e-01 2.008163556e-02
6.354866028e-01 -1.547191478e-02 -1.334225833e-01 3.290370852e-02 6.195063591e-01 2.698449604e-02 4.156898856e-01 5.032658577e-03 2.049599886e-01 1.031796634e-01 1.199246049e-01 -1.528756786e-02
2.195405066e-01 -3.434335440e-02 -2.360857576e-01 7.992082275e-03 1.378196925e-01 2.533711307e-02 -5.693766102e-02 -1.864751801e-03 6.261057854e-01 5.593815446e-02 8.923907578e-02 8.796955645e-02
2.311340719e-01 -1.739539020e-02 4.994284213e-01 -9.569153190e-02 5.033037663e-01 6.044556201e-02 -2.203877568e-01 4.182573408e-02 3.352767825e-01 1.543988883e-01 -4.783552885e-01 1.423634440e-01
2.872869074e-01 -9.208002687e-02 5.625693798e-01 -3.888334334e-02 4.796371236e-02 -2.569565177e-02 1.095082983e-01 4.019816965e-02 4.456406236e-01 -1.013857313e-03 3.379930556e-01 1.383447349e-01
-4.316858649e-01 -8.448007703e-02 7.038112879e-01 -1.491294503e-01 -9.658941627e-01 -1.026195846e-02 2.136841714e-01 -1.881501079e-01 -8.123080134e-01 1.968383044e-02 -9.209343195e-01 -1.468106508e-01
-3.871521950e-01 -2.051648684e-03 -8.808595538e-01 -1.589864790e-01 3.645519912e-02 -1.157792099e-02 4.575413465e-01 -9.280887991e-02 1.033357605e-01 -4.910495505e-02 7.101475596e-01 -1.420632601e-01
6.002354622e-01 -1.087633669e-01 -4.472321272e-02 1.046235636e-01 7.055739164e-01 -6.907922029e-02 4.625008255e-02 1.437252909e-01 4.015880525e-01 -5.491483584e-02 3.187953532e-01 1.073748991e-01
5.438057333e-02 -3.661189973e-02 1.890293509e-01 3.381673992e-02 2.207015604e-01 -1.907937229e-02 1.276860088e-01 8.559113741e-02 -1.954670846e-01 2.695623087e-03 1.013732404e-01 7.059866190e-02
8.138582110e-02 -2.445633523e-02 3.614173234e-01 -1.936138980e-02 2.357626893e-02 2.101224288e-02 5.022245049e-01 -2.968668006e-03 3.147670999e-02 8.513843268e-02 1.237301528e-02 -4.767235741e-02
3.159560859e-01 -3.780349344e-02 4.990988672e-01 -1.239403114e-01 7.993574142e-01 -1.191063318e-03 7.463994622e-01 1.583629288e-03 7.981597185e-01 4.263852723e-03 -4.218533337e-01 -1.466142014e-02
1.078767300e+00 -9.984344244e-02 8.720739186e-02 -2.915631607e-02 7.775352597e-01 -6.962782890e-02 4.020506740e-01 2.053528093e-02 2.521133721e-01 -7.685126737e-03 3.090410531e-01 -1.456185151e-02
5.321993232e-01 1.498125494e-05 -6.479588896e-02 3.823315352e-02 5.370983481e-01 1.470100693e-02 2.550702095e-01 7.940334082e-02 6.420125961e-01 5.061635375e-02 1.746739298e-01 1.435909569e-01
-6.133438945e-01 -1.639740914e-02 1.245163232e-01 -1.252904832e-01 -2.579858601e-01 3.942059726e-02 4.170188308e-01 -2.231771871e-02 -7.138802856e-02 7.547942549e-02 4.689676166e-01 8.041669428e-02
-1.214665651e+00 2.298459038e-02 3.923339248e-01 -1.370160282e-01 -5.225424767e-01 2.706282772e-02 7.293907553e-02 -4.632873088e-02 8.415420353e-02 4.307918251e-02 1.789675951e-01 9.218505770e-02
-8.673636913e-01 -2.283377573e-02 1.034458041e+00 -9.033993632e-02 -9.283089638e-01 -2.585890144e-02 6.070660353e-01 -3.245840967e-02 -8.649190068e-01 2.483678609e-02 2.300479682e-04 9.469616413e-02
-1.467069268e+00 3.950791433e-02 2.132408470e-01 -2.251506746e-01 -9.539415836e-01 4.745111242e-02 3.666927814e-01 -1.517718472e-02 -1.058577538e+00 1.164858863e-01 4.264249206e-01 4.319033027e-02
