1.597032067e-03 4.320555180e-02 3.386458755e-02 -1.556184888e-01 7.188034654e-01 -2.290020511e-02 -2.078572512e-01 3.296399862e-02 8.635215759e-01 -1.173958033e-01 -3.066625595e-01 7.494758070e-02
5.967273712e-01 -8.076249063e-02 -1.373547167e-01 -1.228733435e-01 7.360768914e-01 -9.455881268e-02 4.131054133e-02 2.414538153e-02 8.211632371e-01 -1.526445597e-01 2.073291242e-01 9.726271778e-02
9.912006259e-01 -3.949520737e-02 -4.734642059e-02 7.546310127e-02 1.073421001e+00 -1.095861048e-01 -3.256529570e-01 6.848607212e-02 7.454032302e-01 -1.925011724e-01 -4.484710991e-01 -5.129188765e-03
7.822659612e-01 -1.225573868e-01 4.456293285e-01 -8.461241424e-02 4.204840064e-01 -1.435167640e-01 3.739532530e-01 -1.368985623e-01 9.706507325e-01 -2.168007344e-01 -8.198262006e-02 -7.405978441e-02
2.798512280e-01 -1.771973073e-02 2.464957908e-02 -4.551787302e-02 1.066904545e+00 -1.821422204e-02 5.295522138e-02 1.194800138e-01 1.357529521e+00 -3.647001460e-02 -6.092182547e-02 1.759016365e-01
6.145721674e-01 -8.732026815e-02 -3.344704211e-01 -3.957225010e-02 7.746953964e-01 -1.015714854e-01 2.544287741e-01 -1.155930758e-02 1.064632893e+00 -1.559726000e-01 -5.706861615e-03 4.342215136e-02
1.705810577e-01 -9.350405633e-02 -1.003987864e-01 -7.483544201e-02 3.636907935e-01 -8.104662597e-02 8.447249234e-02 -8.363728970e-02 3.030923009e-01 -1.038000658e-01 3.116922677e-01 -4.086957499e-02
2.587039769e-01 -7.376363873e-02 -8.854398876e-02 -8.845571429e-02 2.991996408e-01 -5.862585828e-02 -1.509895474e-01 -7.978359610e-02 2.129887789e-01 -5.506356061e-02 -1.170827076e-01 -9.822681546e-02
2.563513517e-01 -1.824192703e-02 2.361894399e-01 -2.447023615e-02 4.456053674e-01 -2.165957913e-02 4.591892064e-01 -7.990155369e-02 -1.021418199e-01 -1.707047783e-02 1.441231966e-01 -1.694129854e-01
-3.920870367e-03 -7.857437246e-03 9.695360065e-02 -5.233680084e-02 2.664392292e-01 1.838909462e-02 -3.016270697e-02 -3.130271658e-02 -2.630592883e-01 1.285634935e-04 -2.350551262e-02 -1.521842778e-01
-3.201231956e-01 -6.837414205e-02 2.645385563e-01 -1.649699956e-01 -2.113752812e-01 -1.477913465e-03 1.103963405e-01 -1.406349689e-01 -3.495814800e-01 -2.957449481e-02 -3.643492162e-01 -1.639094055e-01
-5.399661660e-01 -6.385868043e-02 -1.050427184e-01 -2.273374200e-01 3.387565613e-01 3.778474405e-02 2.746642753e-02 -6.959782541e-02 1.907015219e-02 3.231677786e-02 -7.311354578e-02 -9.237098694e-02
-4.186454415e-01 7.549570501e-02 -3.503684402e-01 -1.345966160e-01 7.202635054e-03 1.395688802e-01 -6.415864825e-01 -5.828867108e-02 -3.443998694e-01 1.449787915e-01 -9.662040472e-01 2.420328930e-02
-7.237861156e-01 4.389165342e-02 -6.799693704e-01 -1.738263518e-01 -1.539765894e-01 8.243522793e-02 -2.348475456e-01 -6.421183795e-02 8.693280816e-01 7.209402323e-02 3.874778450e-01 1.036967933e-01
2.516217232e-01 -1.324030459e-01 6.790074706e-01 -7.378777862e-02 -2.197723687e-01 -1.324933469e-01 2.081219405e-01 -1.943354905e-01 1.499271393e-01 -1.886704266e-01 6.897394359e-02 -1.804639548e-01
-1.274958998e-01 -2.899043076e-02 3.527497873e-02 1.263659168e-02 -5.005198121e-01 4.299843684e-02 -2.081827968e-01 -4.890886694e-02 3.522179276e-02 6.364297122e-02 -3.564574122e-01 1.447273493e-01
-2.223836929e-01 3.746352345e-02 -2.371244729e-01 -8.082275093e-02 2.188415825e-02 6.862345617e-03 2.994326949e-01 -3.014693595e-02 -2.431173250e-02 -2.343770303e-02 1.517781764e-01 -2.042561024e-02
-5.215051398e-02 -1.518778652e-01 3.175371587e-01 -2.810996771e-01 3.343139589e-01 -1.796648204e-01 4.601147175e-01 -2.530192435e-01 -5.130606890e-01 -2.431206852e-01 -2.286525220e-01 -2.928280234e-01
-4.223530367e-02 -6.223819032e-02 -7.164824605e-01 -1.204368547e-01 -2.479720712e-01 -9.892965108e-02 5.928705335e-01 -1.793389767e-01 -4.950507879e-01 -1.281910092e-01 5.024521947e-01 -7.319951802e-02
-7.111145556e-02 -6.870202720e-02 -4.334624857e-02 -1.633136719e-01 -4.664234817e-01 -5.193400383e-02 -6.506527215e-02 -1.473623514e-01 -1.415157691e-02 -9.195621312e-02 -2.127965540e-01 -3.468192369e-02
-5.347325802e-01 5.424338952e-02 -4.052062929e-01 -2.387860268e-01 -7.606530190e-01 6.639945507e-02 -1.617091000e-01 -9.809275717e-02 8.258681744e-02 6.818221509e-02 6.665520668e-01 8.017343469e-03
1.397378683e+00 5.660003051e-02 1.737963676e+00 5.399397016e-02 4.955326021e-01 6.636245549e-02 1.758240610e-01 6.279604137e-02 1.814969629e-01 1.113880891e-02 -1.222679973e+00 5.553062260e-02
4.259612262e-01 1.412761360e-01 -3.868009746e-01 3.460288048e-02 6.624328494e-01 1.131326035e-01 6.074680686e-01 7.782737166e-02 1.131662488e+00 1.694191061e-02 1.130510569e+00 6.323859096e-02
1.098065376e+00 1.398007870e-01 1.049170256e+00 2.207363695e-01 5.669066906e-01 1.605556011e-01 5.443944335e-01 1.940280646e-01 1.722746193e-01 1.351732910e-01 -3.114660084e-01 7.462129742e-02
-1.632035226e-01 2.348862737e-01 -3.050652444e-01 3.323801979e-02 5.647322536e-01 2.891960740e-01 6.655695438e-01 2.001520544e-01 9.446449876e-01 2.784239948e-01 1.105265856e+00 2.823744416e-01
3.036972284e-01 1.292211413e-01 2.401019260e-02 1.291196942e-01 8.978467584e-01 1.700908989e-01 -4.513548017e-01 2.051194012e-01 3.974317312e-01 1.691040546e-01 -3.269205093e-01 2.829355001e-01
2.692435086e-01 1.306083053e-01 -5.960606337e-01 5.449543893e-02 9.789640903e-01 1.604044288e-01 -3.104419708e-01 2.011057287e-01 1.367037773e+00 1.964402199e-01 5.873683095e-01 3.810041249e-01
1.275055289e+00 2.251919359e-02 9.121138453e-01 2.450408340e-01 1.116308093e+00 7.481583208e-02 8.289152384e-01 1.994385719e-01 7.685516477e-01 9.063968807e-02 3.242460787e-01 2.474759519e-01
4.895348549e-01 -8.265259862e-02 -1.367844194e-01 2.689873874e-01 -9.192657657e-03 -5.321627948e-03 -3.298052549e-01 2.354239374e-01 1.872328222e-01 -2.703901008e-02 -4.078044593e-01 2.602712214e-01
1.924467646e-02 -1.624493003e-01 -3.006371260e-01 7.344283909e-02 4.643021896e-02 -9.232794493e-02 -1.324007958e-01 7.662155479e-02 2.257144749e-01 -1.302850246e-01 -1.554162949e-01 8.361428976e-02
3.672934175e-01 -1.979721934e-01 1.554648727e-01 -7.013690472e-02 5.043508410e-01 -1.594358385e-01 -1.107079089e-01 -3.836385906e-02 2.782837749e-01 -2.007948905e-01 -3.788929284e-01 6.076677702e-03
6.011056900e-01 -3.035537004e-01 -2.753821611e-01 -7.027146965e-02 6.612741351e-01 -2.708940804e-01 -1.110892221e-01 -8.215115219e-02 4.075942934e-01 -2.991513908e-01 -5.124625191e-02 -1.035281867e-01
6.895175576e-01 -3.409437239e-01 -7.437843084e-02 -1.040839702e-01 6.432039738e-01 -3.256554306e-01 1.663425416e-01 -1.582738459e-01 4.422217906e-01 -3.494392931e-01 1.003907174e-01 -2.050100118e-01
6.511995792e-01 -2.905307114e-01 -1.530854404e-01 -1.650600135e-01 5.069006681e-01 -2.609394193e-01 -1.754953414e-01 -1.892709285e-01 5.571638942e-01 -2.921106815e-01 2.506960370e-02 -1.085967049e-01
-1.470999420e-01 -1.228694469e-01 -1.716978401e-01 -5.674744956e-03 4.873444885e-02 -8.587052673e-02 1.781288534e-02 6.210561842e-04 6.521453857e-01 -1.000296846e-01 -7.254442573e-02 1.961088032e-01
-1.100491047e+00 -1.116594821e-01 -5.600680709e-01 -1.711750329e-01 -2.413618863e-01 -3.972154111e-02 -8.575359583e-01 -6.142901257e-04 9.120486379e-01 -1.927967556e-02 8.420385420e-02 3.336937428e-01
5.399726033e-01 -2.934534103e-02 5.030041933e-01 1.805382222e-01 7.321736813e-01 3.151684627e-02 -6.504845619e-02 2.270109653e-01 4.821924865e-01 2.060675994e-02 -2.901093066e-01 3.135963976e-01
5.874501467e-01 -9.271155298e-02 -5.709334612e-01 4.147198051e-02 4.507302940e-01 -4.723015055e-02 -2.324654758e-01 1.184583753e-01 1.094776273e+00 -7.887869328e-02 6.011795402e-01 2.494511306e-01
1.004415751e+00 -1.452853084e-01 7.626254112e-02 1.313775182e-01 6.459181309e-01 -1.301332861e-01 -1.681926697e-01 1.782627255e-01 6.744043827e-01 -1.635699272e-01 -3.739982545e-01 1.920717061e-01
-1.351219416e-01 -7.092277706e-02 -1.005259752e+00 -5.639655143e-02 6.470037997e-02 -7.395208627e-02 -6.241909266e-01 4.864986241e-02 2.379587591e-01 -7.654994726e-02 1.826510429e-01 1.146707237e-01
2.491588742e-01 -1.354606450e-01 1.055203378e-01 1.008880362e-01 8.156565428e-01 -1.224268824e-01 2.179386318e-01 2.810685635e-01 1.690883994e+00 -1.605175585e-01 8.533985615e-01 5.631806254e-01
8.432160020e-01 -8.009576797e-02 6.749951243e-01 3.544349968e-01 1.299817562e-01 -1.473204233e-02 2.140896469e-01 3.097953796e-01 3.140399754e-01 -3.733775392e-02 -3.131473958e-01 3.490511477e-01
-3.261930943e-01 -1.291940510e-01 -4.325191379e-01 5.393533967e-03 -2.832261920e-01 -9.523160011e-02 -5.644587874e-01 6.832723320e-02 1.630500555e-01 -1.600797623e-01 -4.405705631e-01 1.787197590e-01
5.946446061e-01 -1.502528042e-01 -1.280595809e-01 2.293097787e-03 5.316027999e-01 -1.440385878e-01 -2.170127034e-01 6.931667775e-02 3.898267746e-01 -1.587594151e-01 -4.046388566e-01 9.980239719e-02
-1.341968328e-01 -1.647625417e-01 -5.832466483e-01 4.455803335e-02 1.907496750e-01 -1.670335829e-01 1.396003366e-01 1.477365196e-01 3.514682055e-01 -1.970265806e-01 1.564396918e-01 2.645511329e-01
6.440768838e-01 -1.550782323e-01 -2.389141470e-01 6.861324608e-02 9.450079799e-01 -1.916000247e-01 1.696326435e-01 1.445897222e-01 7.839528918e-01 -2.541301847e-01 2.658229768e-01 1.940075308e-01
8.729997873e-01 -1.767681986e-01 -1.144702137e-01 -1.489963979e-01 4.951390326e-01 -1.949561387e-01 -5.589765310e-01 -7.091168314e-02 9.711775780e-01 -2.970202863e-01 -2.921176255e-01 -3.931105509e-02
3.964344859e-01 -1.844031960e-01 -8.170117438e-02 -1.459058821e-01 7.897250056e-01 -2.390773892e-01 -2.117379941e-02 -6.336400658e-02 1.683317274e-01 -3.147724867e-01 1.618786752e-01 -1.397367269e-01
1.326742303e-02 -1.483202130e-01 1.538686752e-01 -7.230943441e-02 4.504753351e-01 -1.411054730e-01 -1.165164784e-01 -4.762163013e-02 6.413757205e-01 -1.676717550e-01 2.005886100e-02 1.080445349e-01
7.860939503e-01 -1.298135966e-01 4.661089182e-01 -8.853785694e-04 1.009867907e+00 -1.582448035e-01 4.474106431e-01 3.233592957e-02 -6.231462359e-01 -2.008188367e-01 -1.069653988e+00 -2.233976722e-01
-4.186869264e-01 -1.393507868e-01 -1.501097679e+00 -1.278667003e-01 6.712553650e-02 -1.525229663e-01 -1.342763156e-01 -2.140927315e-02 6.386366487e-01 -1.854671091e-01 7.049213648e-01 -2.754848078e-02
2.804183662e-01 -1.155963093e-01 5.494238734e-01 -1.150831208e-02 6.485745311e-01 -1.329948157e-01 1.017248072e-02 -2.617665567e-02 1.792304963e-01 -2.061138153e-01 -5.879327059e-01 -9.872055054e-02
-5.603019148e-02 -3.576928750e-02 -6.185481548e-01 -1.131868269e-02 4.627531171e-01 -4.461708665e-02 -4.962739348e-01 4.435258359e-02 4.788479209e-01 -1.107350588e-01 5.446064472e-02 7.198458165e-02
7.119149566e-01 -9.037337266e-03 4.298905432e-01 5.395873636e-02 9.540951252e-01 -5.656700954e-02 5.448648930e-01 7.352433354e-02 7.491918802e-01 -1.309842914e-01 -1.115499809e-02 -2.493432909e-02
2.997385859e-01 -1.346947551e-01 -4.592396617e-01 -5.653360486e-02 3.743416965e-01 -1.759562343e-01 -8.679682016e-01 -1.387899965e-01 1.591358930e-01 -2.433489859e-01 -5.975427628e-01 -2.082244754e-01
1.951707304e-01 7.458776236e-05 -2.569346130e-01 -9.812652320e-02 4.435606897e-01 -7.854608446e-02 -1.286848038e-01 -5.342984945e-02 2.557882965e-01 -1.120333150e-01 -2.948660254e-01 -8.888526261e-02
-3.399871290e-01 -7.518634200e-02 -4.596936703e-01 8.590919897e-04 -4.921045303e-01 1.357009448e-02 -3.007389903e-01 -2.884777635e-02 -1.904297322e-01 2.277271822e-02 -3.007309139e-01 1.118399352e-01
-4.052933753e-01 -1.222404689e-01 -5.982021689e-01 -1.241310686e-01 -4.116398692e-01 -1.241019592e-01 -4.481315613e-01 -1.421421617e-01 -1.073417366e-01 -2.230990678e-01 -3.587722182e-01 -1.877247542e-01
3.872635365e-01 -1.153932512e-01 1.268038154e-01 -1.238752678e-01 4.677192867e-01 -1.777319461e-01 2.935227472e-03 -9.355094284e-02 7.558118105e-01 -2.821565866e-01 -2.728120983e-01 -1.315471716e-03
5.557241440e-01 -3.682084382e-01 -1.732076705e-01 -4.943953753e-01 4.185273945e-01 -4.073625207e-01 -5.091697574e-01 -3.939595819e-01 4.588923752e-01 -4.501487017e-01 -7.797489762e-01 -4.660899639e-01
1.757534444e-01 -2.315430790e-01 -8.360559344e-01 -2.340447754e-01 8.479496837e-02 -2.497571558e-01 -2.803884149e-01 -2.005674392e-01 1.610637903e-01 -2.296886146e-01 -2.359581143e-01 -1.976319551e-01
-5.341235995e-01 -3.468936980e-01 -2.268721461e-01 -3.289287984e-01 -5.335017443e-01 -2.968199253e-01 -2.969993651e-01 -2.181352079e-01 -1.182829514e-01 -3.078387082e-01 -2.269115597e-01 -1.403160393e-01
-8.117563128e-01 -2.041352391e-01 -9.330262244e-02 -2.846460044e-01 -1.218241081e-01 -2.424668521e-01 -6.324294209e-02 -1.644766927e-01 -6.094832346e-02 -2.945049107e-01 -3.006262183e-01 -1.222681999e-01
-7.520065308e-01 -2.389207929e-01 -6.279763766e-03 -3.743796647e-01 -7.787954807e-01 -2.205905765e-01 -1.258791238e-01 -2.816444635e-01 -5.518694520e-01 -2.430908084e-01 -5.608792305e-01 -2.384607345e-01
-4.982589185e-02 -9.159211814e-02 -4.807068706e-01 -1.220844164e-01 -2.426076531e-01 -1.033192202e-01 -2.900861800e-01 -1.837204099e-01 4.935233593e-01 -1.285527796e-01 2.129475400e-02 -1.420522332e-01
1.599514335e-01 -2.335618585e-01 8.321554661e-01 -2.484155297e-01 1.455951333e-01 -2.562373281e-01 9.422351122e-01 -2.772383392e-01 3.088012338e-01 -2.741683722e-01 6.762177348e-01 -2.510587871e-01
2.983637750e-01 -9.056466818e-02 5.559735373e-02 -1.186275259e-01 1.825125515e-01 -1.217834502e-01 4.312978387e-01 -1.034074724e-01 3.180010617e-01 -1.663787961e-01 2.756934986e-02 -1.058737263e-01
3.326902092e-01 -1.910078339e-02 5.154034588e-03 -3.002769873e-02 1.679340601e-01 -7.698681951e-02 2.034734488e-01 -1.041432749e-02 2.864123322e-02 -1.362325847e-01 -7.885991782e-02 -4.652471468e-02
1.297509521e-01 2.208974212e-02 3.976365924e-02 -3.003748879e-02 4.048828483e-01 -6.069040857e-03 -1.955143362e-01 2.140597440e-02 -2.884812355e-01 -8.194646984e-02 -8.979938924e-02 -3.432148695e-02
1.807789654e-01 4.870876670e-03 2.378821075e-01 5.798597634e-02 3.212699890e-01 -3.925051540e-02 2.461588681e-01 9.250075370e-02 4.606939256e-01 -1.276385188e-01 1.337970048e-01 8.332348615e-02
-9.286007285e-02 8.718372881e-02 4.840985313e-02 -1.176597737e-02 4.963301867e-02 7.658590376e-02 -1.317138225e-01 1.047645286e-01 -9.547618032e-01 1.854019053e-02 -1.113669202e-02 -5.016753078e-02
2.006374300e-01 8.291153237e-03 -5.063831806e-03 -8.506581187e-02 3.236714303e-01 2.378052287e-02 7.787287831e-01 1.137268245e-01 2.632136941e-01 -1.813970506e-02 6.961427331e-01 1.007778198e-01
2.308243513e-01 -1.255486161e-01 6.523253918e-01 -1.842770129e-01 -3.713722527e-01 -1.448948085e-01 3.823558688e-01 -2.165149152e-01 -1.780086905e-01 -1.838077754e-01 2.818492353e-01 -3.266979158e-01
-9.483729005e-01 2.405389398e-02 2.173486799e-01 -3.470338583e-01 -3.948900104e-01 5.690424144e-02 1.936737448e-01 -9.129318595e-02 3.594682217e-01 4.681187496e-02 7.323510647e-01 6.183154881e-02
5.476792455e-01 -1.358983219e-01 1.189170003e+00 2.607943416e-01 5.128564239e-01 -1.367509216e-01 7.127091885e-01 3.172839880e-01 -8.519278765e-01 -1.624560952e-01 -1.368103981e+00 -9.789551608e-03
-1.262307286e+00 -1.706855893e-01 -1.898337722e+00 -4.863921106e-01 -1.067589045e+00 -1.131758243e-01 -9.368651509e-01 -3.856320679e-01 -4.600230977e-02 -1.186951250e-01 4.876154959e-01 -1.901623607e-01
-2.904781885e-02 1.236007959e-01 1.994033337e+00 9.185439348e-02 2.966651022e-01 1.388755739e-01 1.393837810e+00 2.184675187e-01 -1.674088836e-01 1.187546030e-01 2.548151091e-02 1.307338327e-01
2.248417586e-01 -3.775887191e-02 -2.767961919e-01 -1.464599222e-01 -1.923032552e-01 -5.039798096e-03 -6.186804771e-01 -5.769961327e-02 -4.789946973e-02 -5.128167570e-03 -6.756628752e-01 -1.045239791e-01
5.575441122e-01 3.909787163e-03 3.750391304e-01 -1.978351027e-01 3.335831761e-01 3.180179372e-02 1.083870292e+00 -4.946380109e-02 6.731959581e-01 1.562116900e-03 1.100152016e+00 7.949674129e-02
2.040895522e-01 -1.176317036e-01 9.978664666e-02 -3.451251388e-01 -2.044440955e-01 -7.697348297e-02 -5.871868730e-01 -2.897397280e-01 1.020096987e-01 -9.820576757e-02 -2.730732858e-01 -2.747628987e-01
-4.390447438e-01 -4.220327828e-03 2.758399546e-01 -2.856777608e-01 -3.976315558e-01 5.019782111e-02 4.382000268e-01 -2.132969201e-01 5.309349298e-02 5.396743491e-02 -1.174573898e-01 -8.894534409e-02
1.612301543e-02 -8.017385378e-03 -3.354200125e-01 -2.421782762e-01 -5.168640018e-01 1.617441699e-02 -9.340167791e-02 -2.513090074e-01 -2.606098354e-02 6.421822123e-03 2.569054067e-01 -1.956100911e-01
-1.617674232e-01 6.038797274e-02 8.243647218e-02 -2.247690409e-01 -3.757162988e-01 1.309756935e-01 -1.292396635e-01 -2.601963282e-01 -6.084417179e-02 1.249475628e-01 -1.126604378e-01 -1.834846288e-01
-8.067307472e-01 -7.560603321e-02 2.528124750e-01 -4.584373832e-01 -3.014961481e-01 8.460938931e-03 6.553130746e-01 -2.567978203e-01 4.279632568e-01 -2.565009519e-03 7.564448118e-01 -1.578342170e-01
-4.646063745e-01 -2.123199552e-01 2.062094361e-01 -4.933091104e-01 6.663693488e-02 -1.456714720e-01 3.596872687e-01 -3.174665272e-01 4.248492047e-02 -1.468563527e-01 -6.574360281e-02 -2.773674130e-01
-1.182586476e-01 -2.968457043e-01 -3.461226821e-01 -4.531199038e-01 2.726382613e-01 -2.822719514e-01 -3.994510472e-01 -3.462463915e-01 -1.095444337e-02 -3.032644689e-01 -4.291710854e-01 -4.409999251e-01
6.246089339e-01 -4.024344087e-01 -1.836138666e-01 -1.047341004e-01 9.088101983e-01 -4.338759184e-01 6.350423396e-02 -2.539994195e-03 1.111187458e+00 -4.631522000e-01 -1.516132057e-01 -7.410993427e-02
5.638421178e-01 -2.612072229e-01 2.524362206e-01 -2.903015018e-01 6.333802342e-01 -2.880882919e-01 2.459867001e-01 -6.496019661e-02 4.356763959e-01 -3.382963240e-01 1.633983701e-01 -5.282569304e-02
3.488250375e-01 -1.307494491e-01 2.516690269e-02 -1.738376319e-01 5.123883486e-01 -1.350378543e-01 9.488765150e-02 -1.946776733e-02 4.742577374e-01 -1.873438805e-01 7.983088493e-02 4.902392253e-02
-1.421403289e-01 -3.445834816e-01 4.016133547e-01 -2.714208663e-01 1.719311476e-01 -3.644971848e-01 4.527505636e-01 -1.634182632e-01 1.779926270e-01 -4.776379168e-01 1.806904674e-01 -1.464255750e-01
2.814757824e-01 -7.072149515e-01 4.531976208e-02 -4.290710688e-01 -2.732428610e-01 -6.764650941e-01 2.245803736e-02 -4.744999409e-01 -1.215698957e+00 -7.779683471e-01 -4.077882469e-01 -6.560710669e-01
-3.840968907e-01 -1.155889630e+00 -4.216535389e-01 -8.921489120e-01 -9.518577456e-01 -1.093998194e+00 -1.117586643e-01 -7.722944021e-01 -5.613449588e-02 -1.131830215e+00 -5.973984301e-02 -5.157274008e-01
-2.052890658e-01 -1.900624990e+00 -4.515778422e-01 -1.944713235e+00 -1.126031995e+00 -1.735445499e+00 -2.256782651e-01 -1.423381925e+00 1.459583640e-01 -1.609955311e+00 -5.247396827e-01 -1.106047630e+00
-1.223035455e+00 -2.462771654e+00 -7.029030323e-01 -2.257361889e+00 -1.401906848e+00 -2.399633646e+00 -6.061539054e-01 -1.803636432e+00 -3.047860265e-01 -2.330561399e+00 -9.399697185e-01 -1.485172749e+00
-1.039264202e+00 -2.823976994e+00 -5.532156229e-01 -1.918138981e+00 -6.070654392e-01 -2.897095680e+00 -4.207301736e-01 -2.163204670e+00 -4.696914256e-01 -2.995152473e+00 -3.236201778e-02 -1.715384245e+00
-6.546090245e-01 -2.817382812e+00 -4.841254056e-01 -1.919104695e+00 -7.477776408e-01 -2.891899347e+00 -4.453754127e-01 -2.095601082e+00 -8.601566553e-01 -2.997272968e+00 -4.635397792e-01 -1.683077335e+00
-7.136886716e-01 -2.852702618e+00 -7.766972184e-01 -1.957382441e+00 -6.484479904e-01 -2.888688326e+00 -4.446538985e-01 -1.097887039e+00 -7.285169363e-01 -2.992805958e+00 -3.189479709e-01 -2.322457552e+00
-7.900124788e-01 -2.756640196e+00 -6.478765011e-01 -1.791560650e+00 -1.181266308e+00 -2.745600462e+00 -8.044642806e-01 -1.226524830e+00 -8.912320733e-01 -2.744104147e+00 -6.892920136e-01 -2.767606974e+00
-1.306819916e+00 -1.883437753e+00 -9.875254035e-01 -1.260867476e+00 -8.497900367e-01 -1.946969748e+00 -8.692073226e-01 -1.419667602e+00 1.633388996e-01 -1.966740847e+00 -4.879968166e-01 -1.166016698e+00
-1.014422417e+00 -2.732378483e+00 -5.745866299e-01 -2.195716143e+00 -1.085719705e+00 -2.819405079e+00 -1.166493058e+00 -1.840843081e+00 -2.995747626e-01 -2.882957220e+00 -1.582168221e+00 -2.098362446e+00
-2.073574811e-02 -2.285235167e+00 -2.783929408e-01 -1.678826571e+00 -4.732349813e-01 -2.421416044e+00 -1.180244327e+00 -1.768228173e+00 -7.430765629e-01 -2.489185810e+00 -2.050497770e+00 -2.308569670e+00
-2.100641251e+00 -2.451303720e+00 -1.548899770e+00 -2.665819407e+00 -1.624791145e+00 -2.453344107e+00 -2.081955671e+00 -2.046951294e+00 -1.138367295e+00 -2.368816853e+00 -1.940634489e+00 -2.174583435e+00
-2.065334320e+00 -3.041379929e+00 -1.633084059e+00 -3.552759409e+00 -8.977560401e-01 -3.141734600e+00 -1.664753318e+00 -2.550629616e+00 -9.826886058e-01 -3.135789394e+00 -1.492185354e+00 -2.047864914e+00
-1.422655463e+00 -3.156900883e+00 -6.133399010e-01 -2.644007444e+00 -6.247119308e-01 -3.284579515e+00 -9.198399782e-01 -1.955207348e+00 -7.815601230e-01 -3.304883003e+00 -1.082896709e+00 -3.071066141e+00
-1.389995933e+00 -2.818530321e+00 -6.701166630e-01 -2.518141508e+00 -1.078689814e+00 -2.858737469e+00 -1.193029761e+00 -2.300226450e+00 -8.533049822e-01 -2.908365488e+00 -1.419841170e+00 -2.024784088e+00
-1.291958928e+00 -2.545805454e+00 -1.682752609e+00 -2.388093472e+00 -1.285877705e+00 -2.548835278e+00 -1.556006670e+00 -2.314046860e+00 -1.126809001e+00 -2.510310411e+00 -1.102504253e+00 -1.373758912e+00
-1.196231470e-01 -2.415231705e+00 -1.825316846e-01 -2.193648577e+00 6.750471145e-02 -2.331170797e+00 4.243349135e-01 -1.940084457e+00 2.134319395e-01 -2.296545506e+00 7.044646144e-01 -9.665070176e-01
-3.648538888e-01 -2.359563828e+00 5.298269987e-01 -1.749090433e+00 -9.955741763e-01 -2.290611982e+00 -7.098025829e-02 -2.255431652e+00 -1.055646539e+00 -2.227545977e+00 -3.570978642e-01 -1.437522769e+00
-2.500428557e-01 -2.115163088e+00 -5.871087909e-01 -2.128556967e+00 -5.242233872e-01 -1.973785520e+00 -5.410681367e-01 -1.774485588e+00 -8.525637984e-01 -1.830254555e+00 -3.817203939e-01 -1.488685846e+00
-2.782979310e-01 -2.001936674e+00 -1.037891626e+00 -1.859109044e+00 -1.574871242e-01 -1.891381502e+00 -1.290691346e-01 -1.660719037e+00 -3.231553435e-01 -1.791823626e+00 4.688079953e-01 -1.271049261e+00
3.595760465e-01 -1.931386709e+00 3.755493462e-01 -1.613809943e+00 2.111178637e-02 -1.827277780e+00 6.704297066e-01 -1.443038106e+00 -7.420370579e-01 -1.714013696e+00 6.201937050e-02 -1.508298993e+00
-3.860424161e-01 -1.739055634e+00 -7.767350078e-01 -1.615841389e+00 -7.078068703e-02 -1.648116112e+00 -1.531137526e-01 -1.339034200e+00 -6.060554385e-01 -1.573381543e+00 -7.550823689e-02 -1.445925474e+00
-2.223471403e-01 -1.292513490e+00 -7.556459308e-01 -1.229910731e+00 2.337685227e-02 -1.140516520e+00 -7.287216783e-01 -1.008975267e+00 -6.322333813e-01 -1.018428564e+00 7.739667594e-02 -1.089660406e+00
-3.490564227e-01 -1.002689958e+00 9.408664703e-02 -1.010059476e+00 -3.316639066e-01 -9.059546590e-01 -1.578451842e-01 -8.928279281e-01 -7.630785108e-01 -8.533023596e-01 -7.955061793e-01 -9.502122998e-01
-3.149130344e-01 -3.624183238e-01 -4.698387682e-01 -4.637280107e-01 -5.392274857e-01 -3.002314568e-01 4.218572378e-01 -4.032536745e-01 -2.287485600e-01 -2.745844424e-01 6.140867472e-01 -3.859686553e-01
2.846480906e-01 -1.575567126e-01 -2.519730031e-01 -8.078671992e-02 -7.188393176e-02 -1.748170257e-01 -1.497361213e-01 -1.701774299e-01 3.678713143e-01 -2.262034863e-01 -9.983769804e-02 -2.307302654e-01
1.660371870e-01 -4.986871779e-02 -5.188497901e-01 -5.551325902e-02 2.435662597e-01 -7.251345366e-02 -4.842604101e-01 -7.063768059e-02 1.688061953e-01 -1.152343228e-01 -1.408686489e-01 -1.427898109e-01
4.729858413e-02 3.837785125e-02 2.542045712e-01 -9.196991101e-03 -1.772924364e-01 1.614121348e-02 2.302716672e-01 -2.163426951e-02 3.311571777e-01 -7.223929465e-02 5.795257092e-01 -1.712960377e-02
3.532370031e-01 4.752331600e-02 2.505720556e-01 1.116369292e-01 -2.329273224e-01 6.112425774e-02 -5.693199039e-01 8.908272535e-02 -2.792191505e-01 2.524502808e-03 -7.426726818e-01 -4.340252839e-03
2.560830712e-01 3.004968539e-02 -4.465677589e-02 3.692733869e-02 2.396512479e-01 2.855403163e-02 1.625276506e-01 1.120435372e-01 1.573885530e-01 -2.488701046e-02 1.572723389e-01 6.671947427e-03
2.193799466e-01 -6.274078786e-02 1.157202601e+00 3.020247445e-02 -1.015017182e-01 -6.318928301e-02 1.100533247e+00 1.023946404e-01 1.080813333e-01 -1.215102971e-01 -5.599278808e-01 6.554077379e-03
7.548512220e-01 -1.300828159e-01 -5.464258790e-01 -8.002953604e-03 3.663564622e-01 -1.638680398e-01 1.210492384e-02 -1.857547089e-03 1.991616637e-01 -2.692448497e-01 -1.155989021e-01 -1.489956230e-01
5.134111643e-01 -1.930735856e-01 -1.374528706e-01 -1.786542386e-01 6.349989176e-01 -2.185439467e-01 5.828796029e-01 -3.924437612e-02 7.723225355e-01 -3.457387984e-01 4.983487129e-01 -3.888619691e-02
6.713241935e-01 -3.100319207e-01 -2.195046246e-01 -1.197037697e-01 5.827438235e-01 -3.208448589e-01 -9.191560149e-01 -8.528780192e-02 2.901421785e-01 -4.109133780e-01 -4.819747210e-01 -2.102890611e-01
3.628148735e-01 -2.582359612e-01 -3.132990003e-01 -2.462506890e-01 4.527376294e-01 -2.628796101e-01 5.148148537e-02 -1.661888808e-01 2.036523521e-01 -3.622471690e-01 1.553448588e-01 -2.505382299e-01
3.947210610e-01 -2.444433868e-01 4.278548956e-01 -2.630147934e-01 2.936759293e-01 -2.637066841e-01 5.462784767e-01 -1.238081604e-01 4.703451693e-01 -3.669181764e-01 -1.397498995e-01 -1.436764747e-01
2.592699826e-01 -1.383980960e-01 -8.103595115e-03 1.966784522e-02 2.632977962e-01 -1.408760995e-01 -1.728008240e-01 7.030487061e-02 -6.492274255e-02 -2.167683542e-01 -3.207013011e-01 -5.588026717e-02
2.043922991e-01 -5.256118998e-02 7.435300946e-02 1.275748760e-01 -2.046477199e-01 -7.915600389e-02 2.079506516e-01 1.053979918e-01 1.754017770e-01 -1.000170261e-01 -5.379978195e-02 1.528300811e-02
8.089308627e-03 -9.576380253e-02 -8.075355291e-01 -6.964161992e-02 -1.446490735e-01 -1.141407713e-01 3.502031565e-01 -3.196822479e-02 -1.798573881e-01 -1.732187122e-01 8.470935822e-01 -1.335831285e-01
2.622719109e-01 -1.182438433e-01 -7.184915990e-02 -1.800319403e-01 -3.741627336e-01 -9.599652141e-02 2.360281795e-01 -1.033707783e-01 -3.260872066e-01 -1.081200615e-01 5.656987429e-01 -1.738786697e-01
3.834801912e-02 -3.242306784e-02 -3.692397177e-01 -3.923751414e-02 -4.053584039e-01 -2.757177502e-02 -5.907449126e-01 -8.517105132e-02 -3.597728014e-01 -2.807671949e-02 -2.828014083e-02 -4.523893818e-02
3.605456948e-01 -9.859378636e-02 3.514892161e-01 8.710486442e-02 -2.059452087e-01 -8.367161453e-02 1.748455465e-01 4.911600053e-02 -3.701634109e-01 -8.129499853e-02 -5.607584715e-01 -5.135212839e-02
1.125346571e-01 -1.193564832e-01 -1.053088307e+00 2.134583145e-02 4.011798799e-01 -1.033695489e-01 -3.730767965e-01 5.436182022e-02 4.165643454e-01 -9.501783550e-02 9.260780364e-02 -5.187413096e-02
3.335304856e-01 -6.096208841e-02 -2.905945778e-01 -5.964583531e-02 -1.321319789e-01 -3.933129832e-02 3.660869002e-01 -1.362835467e-01 6.881257147e-02 6.814086810e-03 7.018634081e-01 -2.053718865e-01
6.516844779e-02 -3.960356116e-02 9.184704721e-02 -2.516805828e-01 -5.148171782e-01 1.872746833e-02 -2.587885782e-02 -2.742940485e-01 -3.271759152e-01 5.011481047e-02 -6.796579808e-02 -2.499026656e-01
-6.349970102e-01 -4.651547596e-02 -7.337552309e-02 8.275065571e-02 -4.546526670e-01 1.260946691e-02 -6.995590329e-01 -9.699000418e-02 -4.670703113e-01 3.853486106e-02 -3.349049091e-01 -2.387219220e-01
3.791927546e-02 -4.254817218e-02 4.225673378e-01 3.074802160e-01 -6.151863933e-01 3.251980245e-02 5.230730176e-01 1.132935956e-01 -7.233297825e-01 6.411049515e-02 -4.842561781e-01 -9.716545045e-02
-6.136080623e-01 2.528154105e-02 -5.296427011e-01 8.348499238e-02 -7.895260453e-01 9.414693713e-02 3.299819827e-01 2.886832692e-02 -5.923030376e-01 1.180673018e-01 -1.296902634e-02 -5.184280500e-02
1.504111886e-01 -9.325365722e-02 -5.320748687e-01 1.629249379e-02 -1.865072101e-01 -4.190965369e-02 -6.511698365e-01 -4.420527071e-02 -6.534140706e-01 -3.030796768e-03 -2.899136245e-01 -1.556723118e-01
-5.408326387e-01 -1.586036086e-01 2.519510686e-01 -2.101583928e-01 -6.027284265e-01 -1.176133454e-01 -2.083250135e-01 -2.101869732e-01 -4.807791114e-01 -1.188865826e-01 -7.961043119e-01 -2.327768505e-01
3.784971312e-02 -1.023405343e-01 -3.276172280e-01 3.040840104e-02 -5.834777355e-01 -4.574862495e-02 3.902523816e-01 -1.744162664e-02 -8.087799549e-01 -2.759633958e-02 2.101427615e-01 -1.259808391e-01
1.451279223e-01 -1.460802853e-01 1.026111245e-01 -1.348919272e-01 -2.532615364e-01 -1.477168500e-01 2.707579136e-01 -8.619262278e-02 -8.198767900e-02 -1.420811266e-01 -1.636685282e-01 -1.662993431e-01
-2.505524755e-01 3.219985217e-02 -4.635949433e-01 -2.343965024e-01 -4.230753183e-01 6.989724189e-02 -4.034145176e-01 -2.336304337e-01 -5.819260478e-01 1.113857254e-01 3.137899637e-01 -2.895152569e-01
-3.197088242e-01 -1.145554036e-01 2.854372263e-01 -5.236979127e-01 -6.991611719e-01 -6.526792049e-02 4.885696471e-01 -4.420248568e-01 -5.299559832e-01 2.687952854e-02 -2.947194688e-02 -5.052965879e-01
-5.369908810e-01 -2.567508817e-01 -2.714215219e-01 -6.587589383e-01 -5.572594404e-01 -1.932658553e-01 -3.156866729e-01 -5.869179964e-01 -5.482417941e-01 -1.083256751e-01 -3.379355967e-01 -5.582671762e-01
-2.724950314e-01 -2.574746311e-01 -4.021193385e-01 -4.118630588e-01 -8.734289408e-01 -1.960451603e-01 -1.603029519e-01 -5.691254139e-01 -8.274047971e-01 -1.344465762e-01 7.437326908e-01 -4.604237080e-01
5.210291147e-01 -1.641039550e-01 6.480542421e-01 -4.286601841e-01 -2.571973205e-01 -1.123791561e-01 3.917810321e-01 -4.648894370e-01 -7.461717129e-01 -6.119563803e-02 -1.978799701e-01 -4.724213183e-01
1.869906783e-01 -1.701542139e-01 3.793696761e-01 -2.229618281e-01 9.108756483e-02 -1.469499469e-01 5.864893794e-01 -2.166206390e-01 4.887494445e-02 -1.671639830e-01 2.392509878e-01 -2.167186886e-01
3.834895194e-01 -1.686159521e-01 -5.816181377e-02 -1.108192578e-01 3.362204432e-01 -1.521858871e-01 -3.927076459e-01 -5.419113487e-02 5.283821821e-01 -2.051157951e-01 -5.980514362e-02 -4.195237998e-03
3.294317424e-01 -1.367268115e-01 2.475471795e-01 3.220288828e-02 -2.588380501e-02 -1.235116720e-01 3.672716022e-01 1.850151457e-02 5.482573509e-01 -1.913258433e-01 5.685409307e-01 7.621122152e-02
2.330574691e-01 -1.738843322e-01 7.396270037e-01 1.420333534e-01 2.705876529e-02 -1.220933869e-01 7.356328368e-01 1.108254120e-01 -3.641310334e-01 -1.905187517e-01 4.574239850e-01 -7.604372501e-02
-4.457099736e-01 -1.797953993e-01 3.260717988e-01 2.966918051e-02 8.556384593e-02 -1.385546625e-01 -4.044954777e-01 8.056110889e-02 2.762654983e-02 -2.128514200e-01 -1.004269600e+00 7.884425111e-03
-1.491029859e-01 -2.207938731e-01 -8.125264943e-02 -3.297562897e-02 -8.175327778e-01 -1.931763291e-01 1.948798597e-01 -1.474810988e-01 2.451837361e-01 -2.417080402e-01 1.087656379e+00 2.016263083e-02
8.350397348e-01 -1.943790019e-01 2.089493752e+00 2.017808408e-01 -8.196995854e-01 -1.786192954e-01 7.105596066e-01 -1.231680624e-02 -1.220925212e+00 -2.395698875e-01 -8.723396659e-01 -2.195762396e-01
-1.018603086e+00 -2.642953396e-01 -1.551895380e+00 -2.072615623e-01 -7.340798378e-01 -2.508449852e-01 -1.148754001e+00 -1.068009734e-01 -5.041745305e-01 -2.928660512e-01 -4.943074286e-01 -1.765781343e-01
-3.089556694e-01 -3.105403781e-01 2.314448543e-02 -1.305515915e-01 -6.094058752e-01 -2.684272826e-01 3.078254759e-01 -6.379171461e-02 -1.198656917e+00 -3.187868595e-01 -3.923520744e-01 -2.975909710e-01
-5.405835509e-01 -2.437650710e-01 -9.641439319e-01 -2.365700006e-01 -2.792129815e-01 -2.366778851e-01 -1.671548963e+00 -1.950790882e-01 7.832117677e-01 -2.831774354e-01 -1.094085336e+00 -1.340012699e-01
4.891142845e-01 -3.451617658e-01 -1.887762100e-01 -2.069539875e-01 4.379229248e-01 -3.512111902e-01 8.478884399e-02 -2.417715490e-01 1.660168022e-01 -4.202366471e-01 4.371133447e-01 -3.307984769e-01
7.398682833e-01 -3.390555084e-01 2.474354953e-01 -2.187719345e-01 3.504147530e-01 -3.763665855e-01 -1.611565650e-01 -2.414892465e-01 3.666802049e-01 -4.159763753e-01 -7.253621817e-01 -3.745638728e-01
4.286763966e-01 -3.083768189e-01 -7.453658581e-01 -2.597911060e-01 8.804225326e-01 -2.926339209e-01 -3.875785694e-02 -1.828232706e-01 4.060215950e-01 -3.150137961e-01 8.078595996e-01 -2.128968239e-01
4.616127908e-01 -2.982100546e-01 1.023574829e+00 -2.899374068e-01 1.051846892e-01 -2.406417131e-01 3.560570776e-01 -3.302158117e-01 -2.760793865e-01 -2.731997073e-01 -5.433194339e-02 -3.095960915e-01
-3.365147114e-01 -3.680883348e-01 3.857067972e-02 -4.557112753e-01 -9.585613608e-01 -3.173010647e-01 3.585847616e-01 -5.723489523e-01 -7.471409440e-01 -3.214968443e-01 8.359647393e-01 -5.094307065e-01
2.953190506e-01 -2.473422140e-02 9.965885878e-01 7.667675614e-02 3.670918643e-01 1.407601871e-02 -9.252589345e-01 2.250447869e-04 2.024026215e-01 -6.029990315e-02 -1.907970667e+00 3.274474666e-02
2.643667161e-01 -8.377283812e-02 -2.782686651e-01 -1.161527634e-01 -1.104926705e+00 -2.942648903e-02 7.954978347e-01 -1.193908229e-01 -3.395695090e-01 -4.837538674e-02 7.346879244e-01 -1.457782984e-01
-3.811339438e-01 -1.472681016e-01 -1.259828079e-02 -2.098870426e-01 -6.518362761e-01 -5.702869222e-02 5.867434740e-01 -2.801741362e-01 -3.439963162e-01 -5.355897546e-02 4.433912337e-01 -2.203535140e-01
-3.772390634e-02 -1.725850254e-02 -4.660335779e-01 -1.096272245e-01 8.034393191e-02 3.121525981e-02 -5.879378319e-01 -8.117975295e-02 -3.040116727e-01 1.607354498e-03 4.971577227e-01 -1.215535179e-01
8.166892529e-01 4.563165084e-02 -4.234852493e-01 -9.085255116e-02 -3.296760917e-01 7.116185129e-02 5.355595946e-01 -1.047506109e-01 -3.163437843e-01 6.215235963e-02 2.930464983e+00 -1.497691870e-01
2.616809905e-01 1.480847597e-01 1.415341496e+00 4.122105837e-01 2.685594261e-01 1.790780723e-01 -1.626956224e+00 3.921189308e-01 2.619495094e-01 1.492245793e-01 -1.612849951e+00 3.271869421e-01
-6.541005522e-02 2.638736740e-02 -1.162603050e-01 -2.733593062e-02 -5.796214938e-01 4.806766286e-02 9.226542115e-01 -4.154640436e-02 1.197942421e-01 8.680885285e-02 9.211143851e-01 3.541938588e-02
-2.350607887e-02 -6.924934685e-02 7.956404239e-02 -1.575473323e-02 -4.784694314e-01 -2.087279037e-02 -8.088421077e-02 -8.562707156e-02 -5.140582919e-01 8.850573562e-03 -1.035883725e-01 -2.454303354e-01
-6.950200796e-01 -2.722546458e-01 -2.063787431e-01 -6.772083789e-02 -7.780825496e-01 -2.033340186e-01 -6.229478121e-01 -3.120550513e-01 -5.765855312e-01 -1.541889757e-01 -1.070716500e+00 -4.800545275e-01
-1.596237421e-01 -1.299757063e-01 -1.870599091e-01 -3.329219222e-01 4.059855938e-01 -1.015075818e-01 4.464842975e-01 -1.390319914e-01 -6.290352941e-01 -2.277157269e-02 4.702033103e-01 -2.061676830e-01
-2.758142054e-01 -1.344074458e-01 -3.074766882e-02 -3.003832102e-01 -1.854813099e-01 -1.342540830e-01 -1.655548960e-01 -2.263322920e-01 7.415259629e-02 -1.697422564e-01 4.725157619e-01 -2.044030726e-01
-2.653080225e-01 -1.578837931e-01 1.291955352e+00 -1.074298993e-01 -5.229361057e-01 -1.612635851e-01 -1.051850170e-01 -1.306983232e-01 -3.559247851e-01 -1.882522553e-01 -1.006014824e+00 -1.858263761e-01
1.348071396e-01 -1.707540005e-01 -8.226379752e-01 -2.561617792e-01 2.248447575e-02 -8.543334901e-02 3.571947515e-01 -1.797430664e-01 -5.369834900e-01 -6.184230000e-02 9.966372252e-01 -3.248140514e-01
8.276175261e-01 -1.136203259e-01 1.130989313e+00 3.639387339e-02 -6.430999637e-01 -4.075467959e-02 5.066564679e-01 -1.290974319e-01 -1.174408555e+00 1.834005304e-02 -4.562129378e-01 -3.268753588e-01
1.339704394e-01 -1.046067774e-01 -8.457102776e-01 2.710540220e-02 -2.633000016e-01 -9.211497754e-02 -8.399443626e-01 -6.521677971e-02 -2.708278894e-01 -1.132133007e-01 -1.250958443e-02 -2.439398915e-01
7.917917334e-03 4.605931789e-02 1.540140748e+00 1.396023631e-01 -2.626091242e-01 4.397425428e-02 1.186352134e+00 1.044846103e-01 -2.030464709e-01 4.997246712e-02 7.017118484e-02 6.439889222e-02
-2.098497301e-01 -2.919906192e-02 -1.143983483e+00 -4.429000989e-02 -3.998137712e-01 -8.686969988e-03 -3.392072618e-01 1.704679988e-02 -3.193268180e-01 -2.960800193e-03 2.953280210e-01 -1.565707773e-01
-2.626163065e-01 -1.742553711e-01 -1.496991236e-02 -2.351726592e-01 -3.121840060e-01 -1.566979885e-01 4.886515141e-01 -1.783718616e-01 -4.738674313e-02 -1.690849811e-01 3.801949918e-01 -2.010884732e-01
4.710518420e-01 -1.470808536e-01 -6.514323503e-02 -1.228657514e-01 -2.282505035e-01 -1.608109176e-01 -3.388579786e-01 -1.336962134e-01 2.937358022e-01 -1.774357110e-01 -3.798963726e-01 -2.779048383e-01
3.271969035e-02 -1.449013501e-01 2.683646083e-01 -2.051637471e-01 1.253862977e-01 -1.844872981e-01 3.122774065e-01 -2.638669610e-01 -5.845025182e-02 -2.653461099e-01 -1.711336225e-01 -3.260843158e-01
2.833929062e-01 -1.604561955e-01 -1.386969686e-01 -1.298556030e-01 2.375058085e-01 -1.269744188e-01 -3.369034827e-01 -1.594318748e-01 1.860809624e-01 -1.193551347e-01 -1.816266477e-01 -2.032807618e-01
4.902725518e-01 -1.160893887e-01 -1.222402677e-01 -6.953413039e-02 4.303655028e-01 -1.249108538e-01 -3.306317329e-02 -1.318010241e-01 5.256862044e-01 -1.527321339e-01 8.113029599e-01 -1.745743752e-01
8.412075639e-01 -1.840329468e-01 1.437309027e+00 -3.920275271e-01 -2.619570866e-02 -1.581338644e-01 6.381978989e-01 -4.081237018e-01 -2.453201711e-01 -1.570969373e-01 -7.745364904e-01 -3.168987334e-01
3.667511046e-01 -1.838164479e-01 -4.564759135e-01 -1.013004109e-01 3.898610473e-01 -2.030952424e-01 -5.848236680e-01 -8.515527844e-02 8.096535206e-01 -3.107847273e-01 -7.615001202e-01 -1.380382180e-01
7.247147560e-01 -1.544821411e-01 -9.536750913e-01 1.493311767e-02 4.999130368e-01 -1.880279034e-01 2.941488847e-02 9.635517746e-02 1.029546142e+00 -2.683446109e-01 7.633079886e-01 -6.982675940e-02
4.994073808e-01 -2.355986834e-01 5.980265737e-01 -1.335357726e-01 4.899941385e-01 -2.313257158e-01 5.704025030e-01 -1.301927716e-01 -9.712210856e-03 -3.266962171e-01 -2.141668946e-01 -2.045706213e-01
1.998161972e-01 -1.997697055e-01 8.160218596e-02 6.410872191e-02 5.856474042e-01 -1.862057149e-01 6.951157451e-01 9.296627343e-02 -2.749497592e-01 -2.834432423e-01 -5.739705265e-02 -2.258916497e-01
7.275323868e-01 -2.549571395e-01 -2.529917359e-01 5.101253837e-02 2.004756331e-01 -2.356439829e-01 3.759170696e-02 3.518629819e-02 -3.664101958e-01 -3.084731698e-01 -1.269306242e-01 -3.280342817e-01
2.434466332e-01 -6.818309426e-02 -9.783653617e-01 6.560946256e-02 1.647471488e-01 -2.467902564e-02 2.015582323e-01 6.573677063e-02 3.690391481e-01 -9.560862184e-02 9.895647168e-01 -3.497627378e-02
3.975026608e-01 -1.020694822e-01 1.444644779e-01 9.522064775e-02 5.677679181e-01 -5.497687683e-02 -1.864518821e-01 5.156052113e-02 3.204444349e-01 -8.647639304e-02 5.014168620e-01 -3.077285737e-02
7.459546626e-02 -7.871365547e-02 1.271923661e+00 -1.302156001e-01 -1.036440209e-01 -1.798286289e-02 6.941532493e-01 -7.789843529e-02 4.014227390e-01 -4.667216446e-03 -4.541330934e-01 -5.354301631e-02
8.362815380e-01 -6.979583204e-02 2.103953362e-01 3.672679141e-02 2.016780376e-01 -6.157707889e-03 3.669092655e-01 6.507329643e-02 -3.541412354e-01 -6.331561599e-04 1.450132877e-01 -1.559892297e-01
2.381797135e-01 -4.563075677e-02 1.085052609e+00 8.018188924e-02 5.096318945e-02 2.837268449e-02 -2.158742845e-01 1.442205459e-01 1.937115341e-01 3.707884112e-03 -9.164230227e-01 4.595245048e-02
3.988900185e-01 -5.374749377e-02 -8.655614406e-02 1.786591858e-01 6.251089573e-01 -2.805709466e-02 3.756894767e-01 2.152386606e-01 4.258854091e-01 -1.302891131e-02 8.115293458e-03 4.157341644e-02
5.733817220e-01 -1.372938007e-01 -6.750828028e-02 2.974018455e-02 3.693709671e-01 -9.654513001e-02 7.087750733e-02 3.299145401e-02 2.728223205e-01 -1.009029672e-01 1.439569518e-02 -6.041652337e-02
5.590082332e-02 -1.105223745e-01 -3.090623617e-01 -1.591708325e-02 -2.467576601e-02 -2.808417380e-02 -1.293879300e-01 6.342323124e-02 3.066909313e-01 -3.797645867e-02 1.256731987e+00 5.572234839e-02
6.000755429e-01 -1.749942452e-01 1.452502131e+00 -7.124768198e-02 1.383372992e-01 -8.699122816e-02 5.424687862e-01 -6.338024884e-02 2.531255484e-01 -6.905525178e-02 -7.459239364e-01 -7.906419039e-02
3.465976119e-01 -3.166530728e-01 -3.222808838e-01 -2.014696002e-01 6.531925797e-01 -2.923921049e-01 3.216962516e-01 -2.196337134e-01 -2.100750059e-02 -2.977558672e-01 -1.437146962e-01 -3.890179694e-01
6.827801466e-01 -6.124326587e-02 -2.748788595e-01 -7.944064587e-02 5.410879850e-01 -5.604998022e-02 7.535474896e-01 -3.259295970e-02 3.060857058e-01 -6.521214545e-02 3.336645067e-01 -1.961391717e-01
8.403188586e-01 -8.147069812e-02 -1.094214171e-01 -1.183067113e-01 6.964364648e-01 -5.005227029e-02 2.693017423e-01 1.677414216e-02 5.131058097e-01 -5.561438575e-02 4.244514704e-01 -7.330949605e-02
4.840871990e-01 -1.204169393e-01 1.753571210e-03 -1.317006499e-01 4.521373808e-01 -7.716540247e-02 -2.801707387e-01 -1.580823809e-01 2.513098717e-01 -6.001030281e-02 -1.228120774e-01 -2.538992167e-01
9.986482561e-02 -7.274828851e-02 -2.770364471e-02 -1.112140045e-01 3.457867205e-01 -3.635951132e-02 5.679224730e-01 3.107959591e-02 8.308781981e-01 -1.016914099e-01 9.560498595e-02 6.928742677e-02
4.051097333e-01 -1.447974145e-01 5.231218338e-01 -3.891519085e-02 4.803900421e-01 -8.891685307e-02 9.899035692e-01 8.075550944e-02 3.910656869e-01 -1.135918796e-01 5.298429728e-01 4.033314437e-02
5.945549011e-01 -6.456837058e-02 -1.075610369e-01 1.047806740e-01 5.378651619e-01 -4.573079571e-02 -2.909017801e-01 1.050941646e-01 3.566273749e-01 -7.993263006e-02 -3.617166579e-01 2.935669944e-02
4.860909879e-01 -9.258779883e-02 2.483309656e-01 -1.085771844e-01 -1.092064679e-01 -9.787462652e-02 1.098751903e+00 -1.065999418e-01 3.330051005e-01 -1.449475586e-01 8.292311430e-01 -8.646513522e-02
1.004708260e-01 -1.164638251e-01 -2.686624825e-01 -6.286740303e-02 5.028153658e-01 -4.967868328e-02 -1.126409173e+00 -1.204787865e-01 8.179973364e-01 -4.022593051e-02 -6.113905907e-01 -1.432139575e-01
6.409137845e-01 -6.196726114e-02 -1.433819234e-01 4.975731671e-02 2.277618498e-01 -3.600442037e-02 7.574884295e-01 1.138888299e-02 -1.679295599e-01 -4.197560251e-02 7.642368674e-01 -2.079207301e-01
8.040887117e-02 -9.984073043e-02 3.000469804e-01 -2.751065791e-02 5.883607864e-01 -6.941556185e-02 -1.232898533e-01 -1.193118021e-01 1.178224906e-01 -7.626619190e-02 -7.156367302e-01 -1.355856955e-01
-1.139394864e-01 -8.273050189e-02 5.147684216e-01 -1.738011837e-02 2.490246147e-01 -6.651399285e-02 4.428637624e-01 3.011447005e-02 2.238743156e-01 -1.149313599e-01 -5.030275583e-01 -6.181830540e-02
3.718813509e-02 -2.771256492e-02 -2.381120920e-01 -8.571916260e-03 3.485952616e-01 4.909033887e-04 8.990180492e-02 9.791462123e-02 5.288001299e-01 -2.451164648e-02 -8.691376448e-02 4.888396338e-02
6.805207729e-01 1.335289888e-02 9.915683419e-02 1.951128542e-01 4.726732969e-01 4.778958857e-02 1.635980457e-01 1.330565065e-01 2.593630739e-02 -2.949470654e-03 1.079924330e-01 -6.084264442e-02
-6.415287033e-03 7.205133140e-02 2.664509416e-01 1.318029612e-01 4.623015225e-02 1.122406572e-01 6.882791519e-01 1.713081747e-01 3.553128541e-01 6.706268340e-02 7.058010697e-01 1.135500968e-01
1.682741493e-01 -3.079750016e-02 -3.631702363e-01 6.350352615e-02 -2.458858117e-02 1.078059431e-03 -7.209920883e-01 4.304982722e-03 -1.939101145e-02 -2.723822743e-02 3.134585023e-01 -4.406012222e-02
2.226463109e-01 -1.402485967e-01 4.513760507e-01 -1.633183807e-01 -9.462068975e-02 -5.934450403e-02 1.502530649e-03 -1.552282125e-01 -3.918153644e-01 -3.163114935e-02 -1.716062278e-01 -1.313559413e-01
-3.178490400e-01 -1.662542820e-01 -3.035836518e-01 -2.381686717e-01 -3.496881574e-02 -9.354518354e-02 -3.529805541e-01 -1.154467985e-01 3.294917941e-01 -9.020427614e-02 -7.680270821e-02 -8.093748242e-02
2.087516934e-01 -7.707317173e-02 8.805380017e-02 -1.416708529e-01 8.369936794e-02 -1.770017110e-02 1.335240453e-01 -5.775041133e-02 -1.564864963e-01 -2.708360553e-02 3.647553325e-01 -1.309904307e-01
7.781374734e-03 5.870195106e-02 -4.219570383e-02 3.654450923e-02 4.451788068e-01 1.357476413e-01 -2.055419050e-02 5.908327550e-02 6.565389037e-02 1.412749588e-01 1.190305129e-01 -4.693548381e-02
-4.126341641e-01 -7.874995470e-02 2.809501290e-01 -1.167877167e-01 7.619343698e-03 -2.592057362e-02 8.319033384e-01 -2.286310121e-02 2.594341040e-01 1.316831820e-02 2.796014249e-01 -9.876723588e-02
5.560493469e-01 -1.456404384e-02 -5.375663042e-01 3.938766569e-02 1.937146783e-01 1.463452540e-02 -6.200749874e-01 4.292683303e-02 6.844407916e-01 5.615723878e-02 1.868969016e-02 -9.715356678e-02
1.492749751e-01 -1.201883107e-01 8.619440347e-02 -2.088293284e-01 -4.695387185e-01 -4.387117177e-02 -2.812836468e-01 -2.719329000e-01 -1.931121498e-01 5.642517656e-02 -8.579620123e-01 -2.679254413e-01
-5.501991510e-01 -3.546950221e-02 4.411001503e-02 -1.241284758e-01 -6.365445256e-01 5.286674947e-02 4.686523676e-01 -1.835097522e-01 -3.608975410e-01 1.473449171e-01 2.185367234e-02 -1.883626878e-01
6.345815212e-02 -5.222415552e-02 -3.661281466e-01 -2.102073431e-01 -2.144616097e-02 -2.153840102e-02 -1.528544426e-01 -1.835421324e-01 -4.890874773e-02 3.469973104e-03 -3.557644039e-02 -2.029068470e-01
-6.200544536e-02 -5.520062447e-01 2.085193545e-01 -4.101112485e-01 7.581278216e-03 -5.505707264e-01 4.228407145e-01 -4.307855964e-01 1.250955015e-01 -5.818718672e-01 2.158697397e-01 -5.139738917e-01
-1.553488076e-01 -1.504032731e+00 -5.020039529e-02 -1.304447174e+00 -8.474963903e-01 -1.422253132e+00 -3.737018704e-01 -1.138724327e+00 -5.986406803e-01 -1.383780479e+00 -8.974942565e-01 -1.059554935e+00
-3.728454709e-01 -1.862229466e+00 -1.313744903e+00 -1.305673838e+00 -1.212459207e-01 -1.804292202e+00 -5.305558443e-01 -1.189626813e+00 -3.263306320e-01 -1.820279837e+00 5.265620947e-01 -1.011949182e+00
-7.347586751e-01 -2.649491787e+00 -1.163734961e-02 -1.772808552e+00 -6.694638729e-01 -2.616170645e+00 -1.099701971e-01 -1.560248852e+00 -7.988380194e-01 -2.717038155e+00 -3.854023516e-01 -1.060707927e+00
-1.859776974e-01 -2.192181110e+00 -4.446480274e-01 -1.145808220e+00 -4.788371921e-01 -2.118419170e+00 -3.435740173e-01 -6.084741950e-01 -7.934679389e-01 -2.165372372e+00 -4.898117483e-01 -3.406364024e-01
-5.451354384e-01 -1.708521247e+00 -1.418456793e+00 1.277622581e-01 -2.774242163e-01 -1.581437111e+00 -1.183375001e+00 3.041864038e-01 1.109580100e-01 -1.408528447e+00 -1.125002146e+00 1.536938667e+00
7.299262285e-01 2.178378582e+00 -7.825849652e-01 4.896463394e+00 1.501377583e+00 2.463871241e+00 -9.207568765e-01 3.908221006e+00 1.806642532e+00 2.689182281e+00 -7.061576843e-01 6.031217098e+00
-1.106919572e-01 -3.572007716e-01 -1.503556490e+00 1.518693924e+00 7.208018899e-01 -1.335989088e-01 -1.833633661e+00 1.581700563e+00 1.409483314e+00 -8.223623969e-03 -1.652081370e+00 2.941955805e+00
-1.125312805e+00 -1.947506666e+00 -1.513209701e+00 -7.671838403e-01 3.049230874e-01 -1.921678066e+00 -1.108772397e+00 -2.670051157e-01 6.123716235e-01 -1.937406659e+00 -6.175879836e-01 1.934205294e-01
-1.440912247e+00 -2.524527311e+00 -7.209756970e-01 -1.151188612e+00 -1.827426910e+00 -2.399201393e+00 -1.686235428e+00 -1.312236786e+00 -1.861022830e+00 -2.407495975e+00 -1.979680061e+00 -1.637213230e+00
-2.124812841e+00 -2.230595112e+00 -2.224356413e+00 -4.509675503e-01 -1.468951941e+00 -2.114088297e+00 -3.323289633e+00 -7.428476810e-01 -6.799468398e-01 -2.080857277e+00 -3.198353291e+00 -3.647829890e-01
-8.701068759e-01 -2.735273361e+00 -2.091734409e+00 -2.599005938e+00 -1.956940442e-01 -2.695302725e+00 -1.253274322e+00 5.457764864e-01 1.346839219e-01 -2.755449533e+00 -7.795274258e-01 -1.239508867e+00
-1.771098375e+00 -2.914793253e+00 -1.617062807e+00 -3.090299368e+00 -1.510069132e+00 -2.898681164e+00 -1.883899689e+00 -1.767183423e+00 -6.274288297e-01 -3.114562035e+00 -1.815188766e+00 -2.533376932e+00
-6.830772758e-01 -3.046270609e+00 -1.212793827e+00 -3.304607391e+00 -5.524364710e-01 -3.063379049e+00 -1.009235859e+00 -2.482915878e+00 -5.105165183e-04 -3.243607998e+00 -5.462918878e-01 -2.313283205e+00
7.034522295e-01 -3.245862484e+00 1.181102917e-01 -2.107567310e+00 7.190060616e-02 -3.191301823e+00 -7.602471113e-01 -1.995378852e+00 -1.347810388e+00 -3.376975060e+00 -1.892925501e+00 -3.304137945e+00
-2.846644521e-01 -2.936022520e+00 -8.147091866e-01 -2.491925955e+00 -2.594987154e-01 -2.814721823e+00 -1.280369163e+00 -2.079432487e+00 -5.558074117e-01 -2.880202770e+00 -1.471756935e+00 -2.519963980e+00
9.812113047e-01 -2.298921585e+00 -9.326176643e-01 -1.911595583e+00 1.279586196e+00 -2.347675323e+00 -8.360810280e-01 -1.494403124e+00 8.203575611e-01 -2.396384001e+00 -4.132941961e-01 -1.520711899e+00
3.303004801e-01 -2.090190411e+00 -3.622059822e-01 -1.620881438e+00 3.008758724e-01 -1.980649233e+00 -1.121969938e+00 -1.615758538e+00 5.633167624e-01 -1.856866717e+00 -1.002966762e+00 -1.137907982e+00
-4.842368364e-01 -1.639543533e+00 -4.603472948e-01 -1.666718602e+00 -5.500613898e-02 -1.524266124e+00 8.711204678e-02 -1.196656585e+00 -8.310176134e-01 -1.425065875e+00 -6.934080720e-01 -1.126138687e+00
-3.829483688e-01 -7.911862731e-01 -4.706057161e-02 -8.724067211e-01 -7.843083143e-01 -7.140836716e-01 -2.349070609e-01 -5.957834125e-01 1.098430604e-01 -6.679620743e-01 -7.806716021e-04 -3.329496980e-01
1.392005831e-01 -1.498777717e-01 -1.800331175e-01 -1.932152212e-01 8.763645887e-01 -1.433859020e-01 2.531555854e-02 3.942972049e-03 5.440265536e-01 -2.132461071e-01 -1.366621256e-01 -2.953621373e-02
5.568407178e-01 -2.342742980e-01 4.881387353e-01 -1.524104774e-01 6.939077973e-01 -2.180377543e-01 2.000159770e-01 -9.140896797e-02 -6.599882245e-02 -2.410271913e-01 -2.906585038e-01 -2.209067047e-01
-4.679871202e-01 -1.912630647e-01 -7.400082946e-01 -3.794403970e-01 5.413046479e-01 -1.499771625e-01 -1.001049131e-01 -2.297771722e-01 9.846888185e-01 -1.629664153e-01 4.183098376e-01 -4.829967767e-02
8.245630264e-01 -1.553446352e-01 5.399909616e-01 -1.640549302e-02 7.518931627e-01 -1.485778689e-01 1.077560410e-01 -5.651281774e-02 5.199204087e-01 -1.551093757e-01 -1.042952091e-01 3.545990214e-02
1.523661707e-02 -5.985878408e-03 3.643375933e-01 -1.276626587e-01 1.441146582e-01 4.961095005e-02 3.272500634e-01 -2.228239551e-02 3.345257640e-01 8.746334910e-02 6.133733783e-03 1.785396934e-01
-3.256966174e-01 -3.987044096e-02 -9.126146883e-02 -2.806187272e-01 6.520066261e-01 -8.879717439e-03 6.785233617e-01 7.003581151e-03 1.094848752e+00 -9.811121039e-03 1.177228689e+00 2.887020111e-01
5.834901333e-01 -1.400873661e-01 7.493979931e-01 -2.239996940e-01 7.715607882e-01 -1.395445615e-01 3.812063932e-01 -8.452790976e-02 2.909213603e-01 -1.695947796e-01 -5.296554565e-01 -1.012057886e-01
2.991461456e-01 -1.278241873e-01 3.002776802e-01 -1.948656142e-01 5.028135777e-01 -1.549687088e-01 8.601561785e-01 -1.200737432e-01 6.085005403e-01 -1.987349689e-01 7.437850237e-01 -3.646831959e-02
-2.551355064e-01 -2.235102952e-01 -6.989342719e-02 -2.769258320e-01 3.384631276e-01 -2.381254286e-01 -1.310624480e-01 -1.588661820e-01 2.025264651e-01 -2.647026777e-01 4.111048579e-01 -2.003001273e-01
6.989577413e-01 -1.417826563e-01 2.890357971e-01 -1.332478672e-01 8.777654767e-01 -1.928328723e-01 7.648218870e-01 -1.036723107e-01 1.172511578e-01 -2.255948484e-01 5.553570986e-01 -1.496317983e-01
-3.036636673e-02 -1.106237471e-01 -5.119225010e-02 -2.546208203e-01 4.050175846e-01 -1.214651242e-01 1.570066959e-01 -2.230193764e-01 5.111525655e-01 -1.710031629e-01 -6.977936029e-01 -4.699760303e-02
3.934422135e-01 4.726165533e-02 -3.462554812e-01 -2.870765924e-01 4.332004189e-01 9.243071079e-03 -7.843977809e-01 -1.228541583e-01 5.941215158e-01 -3.066971339e-02 -1.817968011e+00 1.002758071e-01
-4.303057492e-01 -1.002346426e-01 -1.949310660e+00 -2.654555440e-01 7.192666084e-02 -1.366056651e-01 -1.091649055e+00 -1.857746392e-01 5.987587571e-01 -1.539531797e-01 -6.293724775e-01 -1.189866066e-01
5.785897374e-01 5.727514625e-03 -3.710169196e-01 -1.517960876e-01 8.976432681e-01 -6.116094813e-02 8.348239064e-01 -9.612759948e-02 1.461133838e+00 -1.614262164e-01 1.225340605e+00 7.063477300e-03
3.828282356e-01 1.438961737e-02 1.804841608e-01 -1.336654425e-01 3.318986297e-01 -2.305436414e-03 -4.084396362e-01 -1.803469285e-02 6.090089679e-01 -8.721769601e-02 1.743177027e-01 -9.465756267e-02
3.398133814e-01 -1.994868517e-01 5.040863156e-01 -1.714130044e-01 1.082814336e-01 -1.527689397e-01 1.422117651e-01 -2.261145711e-01 2.423866689e-01 -1.844594181e-01 -2.621826231e-01 -1.965179592e-01
2.531454563e-01 -1.501893699e-01 -7.003453970e-01 -1.270087361e-01 -8.668747544e-02 -1.480117738e-01 -1.978445500e-01 -2.561722994e-01 4.861578345e-01 -1.922612935e-01 5.021391511e-01 -2.263038754e-01
-1.407014281e-01 -2.102359831e-01 1.353512883e+00 -3.123084307e-01 -5.472554564e-01 -1.711822897e-01 5.970691442e-01 -3.906208277e-01 -3.302958310e-01 -1.714346409e-01 -5.858073831e-01 -2.125528157e-01
-4.247302115e-01 -1.993723959e-01 -5.782449841e-01 -3.835430443e-01 1.112244487e+00 -2.438408136e-01 7.837637067e-01 -9.209125489e-02 4.529451132e-01 -2.384551018e-01 -7.403604686e-02 -4.982778430e-02
7.905633450e-01 -2.619959712e-01 -7.149358988e-01 -2.660045326e-01 4.909045398e-01 -2.773543298e-01 6.039568782e-01 -2.899845541e-01 8.174387217e-01 -2.415777445e-01 8.639258146e-01 -1.378843486e-01
-3.023861907e-02 -8.813337982e-02 -2.532789297e-02 -3.334079385e-01 -1.835014224e-01 -9.184143692e-02 -1.400946736e+00 -2.294818312e-01 1.063846707e+00 -7.220178097e-02 -4.793457985e-01 1.155546308e-01
3.603086770e-01 -6.022414938e-02 1.316981614e-01 -1.943279505e-01 -4.029817507e-02 -9.673605114e-02 2.236382216e-01 -1.770752817e-01 5.251413584e-01 -9.018075466e-02 -1.379491687e-01 -1.464091428e-02
9.585785866e-01 2.141753957e-02 -2.829401568e-02 -1.301672757e-01 8.888994455e-01 -3.873721510e-02 2.231214345e-01 -1.981607452e-02 8.467318416e-01 -7.010339946e-02 4.077701364e-03 5.455777794e-02
8.605608344e-01 -4.534167238e-03 -9.895525128e-02 1.178681925e-01 1.315523148e+00 -8.717264235e-02 2.045738846e-01 1.810443252e-01 -4.031462967e-01 -1.309930235e-01 -2.935390472e-01 -8.325608075e-02
5.414660573e-01 7.939441502e-02 -4.461689293e-01 1.014104709e-01 7.136154771e-01 -1.128767524e-02 6.928326488e-01 1.175103337e-01 8.579593301e-01 -5.806554109e-02 4.724560082e-01 1.237475872e-01
6.442960352e-02 1.380767860e-02 -7.606655359e-02 -2.008919567e-01 6.106287241e-01 -4.232598096e-02 -3.925303817e-01 -5.098044872e-02 6.708608270e-01 -1.305125356e-01 -6.869757175e-01 1.932684705e-02
7.773596644e-01 3.548162058e-04 -3.469718397e-01 -4.776347056e-02 7.501225471e-01 -5.572745577e-02 6.847085357e-01 -1.531343162e-02 5.425407290e-01 -1.101586670e-01 7.006873488e-01 -4.867750406e-02
-7.665373087e-01 2.568359673e-02 -3.427405357e-01 -2.588719428e-01 -3.368336242e-03 5.426404253e-02 -5.525105596e-01 -2.529650182e-02 9.660509825e-01 6.200199202e-02 1.067201257e+00 1.889739484e-01
5.391383171e-01 -7.977141440e-02 1.593011022e+00 -1.670566499e-01 5.811290741e-01 -7.167287171e-02 9.526275396e-01 -1.413474679e-01 4.645270705e-01 -1.086135209e-01 2.530834079e-01 4.249389097e-02
-2.500723004e-01 -8.488306403e-02 2.505751550e-01 -2.025066316e-01 -2.537050843e-01 -8.476630598e-02 -2.448369712e-01 -1.281736344e-01 6.973774433e-01 -9.722092003e-02 -8.088015914e-01 9.978362918e-02
2.853571475e-01 -1.369963884e-01 -9.762614965e-02 -7.133559883e-02 6.458552480e-01 -1.157095432e-01 4.096884131e-01 -2.169280127e-02 7.078112364e-01 -9.957345575e-02 5.393874049e-01 8.679395169e-02
-3.349962533e-01 -2.421945781e-01 -4.867938757e-01 -3.205184639e-01 4.504081011e-01 -2.136465758e-01 -6.279696524e-02 -2.138177752e-01 -2.242632657e-01 -1.656757891e-01 -2.807306945e-01 -1.327206641e-01
7.206348777e-01 -3.576820344e-02 -3.218795359e-01 -2.630180120e-01 8.569793105e-01 -2.984543331e-02 6.036064625e-01 -2.055454850e-01 1.149916172e+00 -1.298490353e-02 9.308186769e-01 2.592471614e-02
7.046284080e-01 9.505463764e-03 4.449765682e-01 -2.993883491e-01 3.626838028e-01 -1.005196944e-03 -1.510769278e-01 -1.400531381e-01 4.656929076e-01 -3.121710010e-02 2.834408171e-02 -7.584411651e-03
2.245357186e-01 -2.126226760e-02 6.304192543e-02 -2.020361274e-01 1.000029087e+00 -8.859577030e-02 -2.517805398e-01 1.166761667e-02 7.849180102e-01 -1.630656570e-01 -1.602543443e-01 5.106248334e-02
6.713585258e-01 -4.671245441e-02 -1.940665096e-01 -1.722095013e-01 1.316480875e+00 -6.448155642e-02 3.361712694e-01 -3.391628712e-02 9.874547720e-01 -1.265601069e-01 -3.245065510e-01 3.276631236e-02
9.557207823e-01 -5.155978724e-04 -5.509418249e-01 1.751526073e-02 7.266249657e-01 -5.796205252e-02 -5.973190665e-01 7.263226435e-03 1.023093104e+00 -1.153230891e-01 8.260653168e-02 4.223328829e-02
4.802161157e-01 -4.957109690e-02 3.027074039e-02 -1.324103214e-02 6.125386953e-01 -6.002917886e-02 -6.740175933e-02 -1.616456732e-02 1.032246590e+00 -1.036535427e-01 -5.430871621e-02 -3.049574047e-02
1.040574908e+00 -1.618119143e-02 7.122068852e-02 -1.228223462e-02 1.043343902e+00 -1.983512752e-02 -3.165495992e-01 6.359312683e-02 8.104326129e-01 -2.462124452e-02 -2.167244554e-01 2.372845262e-02
7.073156238e-01 -6.749897450e-02 9.481590241e-02 -7.184386253e-02 4.008037448e-01 -6.721553206e-02 -3.690443933e-01 -6.064760685e-02 6.393874884e-01 -8.027707040e-02 2.576872110e-01 4.536097497e-02
2.222591043e-01 -8.200903237e-02 1.391132474e-01 -1.244708374e-01 7.050388027e-03 -4.316446930e-02 -1.945537329e-01 -8.814585954e-02 -1.510319114e-02 -4.880871624e-02 -2.759652436e-01 -1.037126929e-01
2.440047413e-01 -1.865042187e-02 4.183543622e-01 -7.190747559e-02 2.724312544e-01 -1.878479496e-02 1.154692098e-02 -6.462641805e-02 1.391505450e-01 8.661943488e-03 1.528598070e-01 -8.201830089e-02
-2.445494384e-02 3.535930440e-02 2.068411559e-01 -9.202864021e-04 2.056060433e-01 5.035588145e-02 8.743005805e-03 2.405736409e-02 -2.404688150e-01 4.123967513e-02 -2.930558920e-01 1.549017336e-02
-8.593150228e-02 -9.657536633e-03 4.573339224e-01 -1.283407509e-01 -8.478089571e-01 5.927035958e-02 2.096969783e-01 -2.265670002e-01 -7.082043290e-01 9.803079069e-02 -4.554371536e-01 -1.486254036e-01
-1.577338874e-01 -5.727067590e-02 8.695554733e-02 -1.770764291e-01 -8.431386203e-02 1.118553616e-02 9.308856726e-02 -1.237796843e-01 7.858961821e-02 7.570383139e-03 -3.002446592e-01 9.417708032e-03
-4.548871815e-01 -8.806674182e-02 -5.816292167e-01 -2.166537791e-01 -6.526061296e-01 -4.382869229e-02 -9.002053738e-01 -1.568615437e-01 -6.297824979e-01 -2.596651670e-03 -1.018920541e+00 -9.853410721e-02
-2.586853690e-02 -5.623912439e-02 -1.797758490e-01 -1.618357301e-01 9.476464987e-01 -9.552531689e-02 6.612508893e-01 -8.264043182e-02 5.117369890e-01 -1.767841280e-01 4.517722726e-01 -8.710594475e-02
-5.454989672e-01 -1.571761370e-01 1.437531710e-01 -2.554204464e-01 -4.777707458e-01 -1.447929144e-01 4.156641960e-01 -2.089508772e-01 -6.081286669e-01 -1.435015500e-01 -1.016262546e-01 -1.965727210e-01
6.315167248e-02 -2.011322603e-02 -4.365399480e-01 4.002852738e-02 4.532834291e-01 -5.119585991e-02 -1.173022240e-01 3.676618636e-02 2.661300302e-01 -9.758899361e-02 1.246865317e-01 7.928013802e-02
3.603934124e-02 -1.673866250e-02 1.441029161e-01 -2.096125036e-01 5.047912002e-01 -6.786927581e-02 5.404086709e-01 -1.165383533e-01 3.684946001e-01 -1.678220332e-01 5.617880821e-01 -1.053465977e-01
-1.554926485e-01 -1.717388779e-01 -1.956476271e-01 -3.071092367e-01 -2.704116050e-04 -1.904719770e-01 -4.107554853e-01 -2.869492769e-01 4.306186363e-02 -2.316304743e-01 3.999802768e-01 -2.310984880e-01
-3.616432846e-01 -1.552862823e-01 5.208176970e-01 -3.610742390e-01 -1.891639084e-01 -1.758260578e-01 -1.062736362e-01 -2.167741358e-01 -5.541979671e-01 -2.023047656e-01 -2.834304869e-01 -1.703042239e-01
-6.797961593e-01 1.425214261e-01 -4.055087268e-01 -1.341154426e-01 -1.681393981e-01 1.473272890e-01 -4.600077271e-01 2.420650609e-02 -4.056630135e-01 1.468451172e-01 -5.283735394e-01 -1.976426318e-02
8.795483708e-01 7.323946059e-02 6.214532852e-01 -4.886126611e-03 1.117251158e+00 3.923878819e-02 1.430763364e+00 1.040272936e-01 1.294554323e-01 -5.258874223e-02 -2.983214557e-01 -1.872146875e-02
-2.039395571e-01 5.865019187e-02 -1.377991199e+00 -9.042649716e-02 4.216530919e-01 6.371935457e-02 -1.906917691e-01 -3.281529993e-02 1.258881092e+00 -6.120663136e-03 1.344723105e+00 2.115218341e-02
1.091430426e+00 1.137625128e-01 1.469256043e+00 1.056887731e-01 1.643565536e+00 1.036564186e-01 1.946820498e+00 2.021625638e-01 5.127242804e-01 4.388526082e-03 5.430360436e-01 1.172787845e-01
2.361723632e-01 8.436842263e-02 -6.018831134e-01 1.039142683e-01 5.118422955e-02 1.122881323e-01 -2.606430948e-01 5.702146888e-02 4.905309975e-01 1.054017991e-01 4.090027511e-01 1.328459382e-01
5.886974335e-01 1.197082177e-02 8.402768373e-01 6.667448580e-02 4.977323115e-01 8.580703288e-03 3.477527201e-01 4.945544899e-02 2.481257021e-01 -2.571043745e-02 -5.350062251e-01 2.228665724e-02
2.263993025e-01 -8.662986755e-02 -5.688790083e-01 -8.566705137e-02 2.165050060e-01 -4.430694506e-02 -2.871529460e-01 -1.404280588e-02 3.899124861e-01 -4.400316626e-02 -7.626502961e-02 4.868254811e-02
6.208441854e-01 -1.875156909e-01 -6.154645234e-02 -8.252086490e-02 1.129039407e+00 -1.337076128e-01 8.266730905e-01 -2.568478510e-02 9.237089157e-01 -1.230230108e-01 8.277251720e-01 4.444532469e-02
1.262967229e+00 -1.765587777e-01 9.609372616e-01 7.701347768e-02 6.700742245e-01 -1.833233684e-01 5.073204637e-01 -4.712640308e-03 1.980413347e-01 -2.050073296e-01 -3.079223037e-01 1.723700017e-02
6.906156242e-02 -3.323158026e-01 -4.271258712e-01 -1.882467866e-01 2.202080563e-02 -3.340819180e-01 -6.474156678e-02 -1.901470274e-01 -7.310447097e-02 -3.608805835e-01 -2.099107355e-01 -1.490333378e-01
-5.644631386e-01 -2.751242220e-01 -4.451274574e-01 -3.498154581e-01 -9.342323542e-01 -2.201415002e-01 -6.973191500e-01 -3.988332450e-01 -4.928643107e-01 -1.827721298e-01 -2.534818053e-01 -2.252107859e-01
-3.147847354e-01 1.129946709e-01 2.536841333e-01 -1.898379177e-01 -6.580449641e-02 1.728940457e-01 -1.223301794e-02 -1.242369190e-01 4.139743149e-01 1.919433624e-01 -2.366837263e-01 1.029738411e-01
3.005625308e-01 2.483900189e-01 -3.782437146e-01 1.167134121e-01 6.309157014e-01 3.173514307e-01 -2.151984125e-01 3.018694818e-01 8.861941695e-01 3.391600549e-01 1.022240967e-01 3.199205399e-01
3.715088069e-01 3.170600533e-01 4.592309892e-01 -4.990958795e-02 8.577775955e-01 3.576818109e-01 1.995248161e-02 1.342064440e-01 1.090724468e+00 3.691801131e-01 1.716430038e-01 1.845110357e-01
1.566189051e+00 2.085481882e-01 4.587838054e-01 1.986501813e-01 1.320094228e+00 2.358480990e-01 -1.883832961e-01 1.889773160e-01 5.697055459e-01 2.406647354e-01 -4.521985650e-01 1.526510119e-01
5.399120450e-01 1.132231355e-01 -1.527042389e-01 -1.575691067e-02 5.124151707e-01 1.294112504e-01 -1.014755890e-01 3.951868415e-02 7.615149021e-01 1.173393950e-01 -2.169031501e-01 7.526949793e-02
-2.350984663e-01 1.832324266e-02 -5.441209674e-02 1.150672063e-01 1.164808989e+00 6.973933429e-02 -4.603752196e-01 2.031311542e-01 8.791362047e-01 5.634791777e-02 2.558393478e-01 3.145980537e-01
1.332559943e+00 -9.718455374e-02 1.446589112e+00 2.541079521e-01 1.254638433e+00 -4.404602572e-02 2.306482345e-01 2.148639560e-01 8.603879213e-01 -2.442876622e-02 -7.609022856e-01 3.808521926e-01
1.226828575e+00 -2.692135274e-01 -3.934276104e-01 3.564422578e-02 9.438318014e-01 -2.540657520e-01 -5.751112700e-01 4.997440428e-02 7.805775404e-01 -2.368250340e-01 3.767628595e-02 1.319569647e-01
1.328237057e+00 -4.026598036e-01 4.093303978e-01 -8.628510684e-02 1.043442011e+00 -4.391425252e-01 -1.579379439e-01 -7.055886835e-02 1.681625992e-01 -4.884296060e-01 -5.147805214e-01 -1.949242204e-01
2.226558179e-01 -3.880386949e-01 -1.084232688e+00 -2.182752341e-01 5.873931199e-02 -4.010167718e-01 -8.440666795e-01 -1.787853986e-01 3.273400962e-01 -4.484335184e-01 -2.055509388e-02 -1.155415773e-01
6.998367906e-01 -3.209598064e-01 6.422122121e-01 8.356238902e-02 3.786697686e-01 -3.087864816e-01 1.242802069e-01 -1.313544624e-02 1.317938089e+00 -3.280027211e-01 7.974938750e-01 3.117925525e-01
2.032485157e-01 -1.685962826e-01 7.807632685e-01 1.870274544e-01 1.820596457e-01 -1.024449989e-01 -6.062080339e-02 1.241930127e-01 -2.806754112e-01 -9.870700538e-02 -4.904879928e-01 2.219740599e-01
-2.564447224e-01 -1.729975790e-01 -7.254988551e-01 -1.161774546e-01 -1.744232513e-02 -1.486437321e-01 -7.962872982e-01 -4.533171654e-02 -4.651068896e-02 -1.389660090e-01 -7.189452648e-01 5.202723294e-02
6.612159610e-01 -2.403671890e-01 -6.529369354e-01 -1.283581369e-03 -1.607374661e-02 -2.774963677e-01 -8.286898136e-01 -1.128609627e-01 -1.830437183e-01 -2.980861366e-01 -7.469938397e-01 -1.484557390e-01
1.039738297e+00 -3.178043664e-01 9.035888314e-02 -8.879622072e-02 3.403171003e-01 -3.367074430e-01 1.072923690e-01 -6.903275847e-02 1.012673020e+00 -4.037324190e-01 -6.805715710e-02 7.199140638e-02
9.334885478e-01 -1.542410702e-01 5.552543998e-01 -1.274635345e-01 4.521725476e-01 -1.552675813e-01 -2.774323523e-02 -1.242371649e-01 4.026944935e-01 -2.353741527e-01 -8.253000379e-01 -4.877754301e-02
5.326021314e-01 -1.747984141e-01 -5.104631782e-01 -1.640589684e-01 4.836631715e-01 -2.205003649e-01 -2.221491486e-01 -2.395668477e-01 6.206868291e-01 -3.201360703e-01 2.056972357e-03 -2.008864582e-01
-6.325688958e-02 -1.308673322e-01 5.240390822e-02 -7.774951309e-02 1.753458567e-02 -1.328661293e-01 -1.454760693e-02 -1.483702660e-01 6.627697945e-01 -1.613549739e-01 3.783715516e-02 2.209989354e-02
8.008966446e-01 -2.041660808e-02 6.081207991e-01 6.217277050e-02 7.287846804e-01 -5.313035846e-02 5.227143764e-01 5.240835994e-02 -4.639952779e-01 -9.101282060e-02 -1.053463817e+00 -1.469656676e-01
-5.130261779e-01 -3.040858358e-02 -1.797797799e+00 -1.708853543e-01 -1.861783117e-02 -1.792467944e-02 1.447086334e-01 -5.567217618e-02 5.990301967e-01 -4.923991859e-02 6.832204461e-01 -3.636467829e-02
5.135115385e-01 -3.014901839e-02 2.689513266e-01 -2.310780995e-02 7.582350969e-01 -5.823161826e-02 5.267768353e-02 -2.018847317e-02 1.615876406e-01 -1.019431949e-01 -6.497247815e-01 -9.366673976e-02
5.127428770e-01 2.612969838e-03 -7.947188020e-01 7.514064200e-03 1.008909225e+00 -3.092329018e-02 1.115998328e-01 5.576463789e-02 5.545459986e-01 -7.772834599e-02 4.486057758e-01 5.765938759e-02
1.093897820e+00 -6.515844166e-02 5.177369118e-01 1.403696742e-02 3.944225609e-01 -1.141159832e-01 2.445759485e-03 -2.277155966e-02 4.728920162e-01 -1.676830500e-01 -5.379592776e-01 -9.419011325e-02
1.684114784e-01 -1.069488078e-01 -1.056579232e+00 -1.142770424e-01 -9.405286610e-02 -1.971428245e-01 -3.682033718e-01 -1.964077204e-01 2.384213358e-01 -2.365886718e-01 -5.134396553e-01 -2.097770721e-01
-1.617719978e-01 -4.532701522e-02 -1.716695279e-01 -3.987829760e-02 -4.967525229e-02 -2.380311489e-02 -3.066686690e-01 -2.192675136e-03 -3.468168974e-01 -2.844049037e-02 -2.139215022e-01 -9.279220551e-02
1.768838167e-01 -1.321288943e-01 -2.645705342e-01 -1.341177672e-01 -6.143835187e-01 -1.388640404e-01 -4.847873449e-01 -2.664506733e-01 2.011399567e-01 -2.020379752e-01 -6.123476028e-01 -1.740205735e-01
4.383688271e-01 -1.485485584e-01 -6.157257035e-02 -1.804410368e-01 6.229495406e-01 -2.127868086e-01 -3.657113612e-01 -1.820774376e-01 7.306801081e-01 -3.063661158e-01 -7.897903919e-01 -1.056546420e-01
3.391028345e-01 -2.733240724e-01 -1.027938128e+00 -4.680057466e-01 8.404687047e-01 -2.927224636e-01 -8.851506114e-01 -3.682323992e-01 1.050618738e-01 -3.240969181e-01 -9.064443707e-01 -4.322818816e-01
-5.900905132e-01 -2.398563623e-01 -2.822090983e-01 -2.811550796e-01 8.571433276e-02 -2.379485220e-01 -1.365164667e-01 -2.066249847e-01 2.395410985e-01 -2.481247634e-01 -2.030808032e-01 -1.079198271e-01
-4.824600220e-01 -3.194643557e-01 -2.063241005e-01 -2.916730642e-01 -6.933999062e-02 -3.247202039e-01 2.638023496e-01 -2.445429116e-01 -1.163246259e-01 -3.727661669e-01 -2.435415685e-01 -2.732888460e-01
-4.486511350e-01 -1.562572122e-01 -5.470155180e-02 -3.550391793e-01 -5.281490684e-01 -1.789102256e-01 -2.543664873e-01 -2.625035942e-01 6.210998446e-02 -2.040072978e-01 -7.402716875e-01 -7.698483765e-02
-1.525928378e-01 -2.110852003e-01 -6.877027750e-01 -4.314251840e-01 2.211829722e-01 -2.477388978e-01 -1.513362080e-01 -3.587218523e-01 6.759069562e-01 -3.129020035e-01 1.660714597e-01 -3.072565794e-01
8.448199928e-02 -2.275349498e-01 1.592422277e-01 -3.835731149e-01 3.722912371e-01 -2.535338104e-01 6.782448292e-01 -3.322161138e-01 2.781161666e-01 -3.131777346e-01 1.042339683e+00 -3.103366494e-01
-5.813256651e-02 5.601521954e-02 1.233791590e+00 -3.285499215e-01 4.574746490e-01 3.887323290e-02 1.197689891e+00 -9.870164841e-02 1.202502728e+00 -6.227042526e-03 3.739990890e-01 1.780866086e-01
1.058705524e-01 7.234998047e-02 1.025333405e-01 -1.098156273e-01 1.326341331e-01 3.642613068e-02 -1.865133345e-01 4.803357273e-02 6.988791376e-02 -8.012055419e-03 -1.764638871e-01 3.002702445e-02
-2.134473026e-01 3.291959316e-02 -8.332336694e-02 -1.765916497e-01 -8.067084104e-02 1.445411146e-02 2.074187100e-01 -6.692158431e-02 5.726246238e-01 -6.556927413e-02 1.208348870e-01 3.233174235e-02
3.393503278e-02 7.604093850e-02 -2.184657753e-01 -2.132613584e-02 -3.503372073e-01 4.793220386e-02 -2.906993628e-01 -1.430254243e-02 -2.534159124e-01 -1.701861387e-03 -4.079438448e-01 2.625701949e-02
-1.407419890e-01 1.466104947e-02 -1.475021839e-01 -2.851135135e-01 5.842559338e-01 1.574256644e-02 3.322875798e-01 -5.076564103e-02 1.058762431e+00 -6.653268635e-02 9.422684908e-01 1.546910256e-01
4.901795983e-01 -1.372289956e-01 8.569313884e-01 -2.043603361e-01 5.624021888e-01 -1.393017918e-01 7.881968617e-01 -1.414640844e-01 2.334437817e-01 -1.913281828e-01 3.641873598e-01 -1.792239696e-01
-3.698058426e-01 -6.206626818e-02 2.608869076e-01 -3.900616169e-01 -6.163650155e-01 -2.617622353e-02 -3.385424614e-02 -2.451270521e-01 2.121813297e-01 -5.685791746e-02 5.658184886e-01 -1.583538651e-01
4.834227860e-01 -9.810635448e-02 1.089471698e+00 1.393387616e-01 8.719843626e-02 -9.999670833e-02 8.082368970e-01 2.641309500e-01 -2.648214437e-02 -9.635664523e-02 -7.213043571e-01 1.927234828e-01
-1.591117024e+00 -1.373697519e-01 -2.234707117e+00 -4.312264025e-01 -1.449303508e+00 -1.063178703e-01 -1.343499303e+00 -2.659834623e-01 -7.478415221e-02 -1.079743207e-01 -8.474271744e-03 -1.399561614e-01
1.634867340e-01 8.274605870e-02 1.678365231e+00 -4.643327370e-02 2.668139637e-01 1.019178256e-01 1.720969558e+00 1.320726424e-01 -4.314537719e-02 7.667717338e-02 4.565676153e-01 1.420110017e-01
3.965806663e-01 -1.223519742e-01 -1.781730950e-01 -1.675389409e-01 5.993036181e-02 -1.054942384e-01 -4.328746200e-01 -1.107880175e-01 2.028284967e-01 -1.304737329e-01 -4.291218221e-01 -1.780973971e-01
1.329475790e-01 -6.027006358e-02 4.877338409e-01 -1.720790714e-01 2.594769895e-01 -2.792862989e-02 1.087985873e+00 2.098503523e-03 7.974187136e-01 -5.925586820e-02 1.044766784e+00 4.033147916e-02
-3.904553503e-02 -1.161401272e-01 5.498999953e-01 -2.813358605e-01 -4.964247644e-01 -4.169572890e-02 -3.649794459e-01 -2.536458075e-01 -4.925700724e-01 -2.376072668e-02 -6.055732369e-01 -3.347356319e-01
-2.361934334e-01 -1.254948378e-01 3.026588857e-01 -3.895527422e-01 -5.146954656e-01 -5.582184345e-02 3.933492899e-01 -2.830221951e-01 8.826464415e-02 -2.444943041e-02 2.369758934e-01 -7.420572639e-02
-3.110510297e-02 -1.051432639e-01 -3.714272976e-01 -3.248474300e-01 -2.455981076e-01 -5.088638887e-02 7.085492462e-02 -2.165123820e-01 -2.909547389e-01 -4.373255000e-02 2.330775745e-02 -1.903963238e-01
-3.871236145e-01 -1.847933084e-01 -1.002193466e-01 -4.396734238e-01 -5.344684720e-01 -8.033613861e-02 -3.953469694e-01 -3.015961051e-01 1.680036634e-01 -5.199909210e-02 -3.742189109e-01 -1.859597266e-01
-2.046696842e-01 -3.430482149e-01 2.103480995e-01 -5.359714031e-01 4.183140397e-02 -2.723287642e-01 8.247229457e-01 -3.295713663e-01 1.963049471e-01 -2.556328475e-01 2.914107442e-01 -1.920488179e-01
1.622792482e-01 -2.765718699e-01 2.430303842e-01 -2.703433633e-01 2.030460238e-01 -2.539129257e-01 8.439741284e-02 -2.568264604e-01 1.155051142e-01 -2.615864873e-01 -4.594660997e-01 -2.925975919e-01
4.854953289e-01 -2.459095120e-01 -4.425871074e-01 -2.726273984e-02 4.864105284e-01 -3.281818628e-01 -1.877687573e-01 -1.587842219e-02 1.063511610e+00 -3.956809640e-01 -5.897639692e-02 -2.515089139e-02
-5.825433880e-02 -1.209260672e-01 1.191269159e-01 -3.490923643e-01 5.160926580e-01 -1.451347023e-01 1.039324999e-01 -8.224413544e-02 9.626526237e-01 -2.141066194e-01 3.635963500e-01 -2.513884380e-02
1.493138373e-01 -4.803490639e-02 1.863835156e-01 -1.620791405e-01 9.311784059e-02 -6.075834483e-02 1.042556167e-01 -6.576572545e-03 8.518400192e-01 -1.611961573e-01 -1.972160339e-01 1.302171946e-01
-6.568651199e-01 -3.362338990e-02 4.473282993e-01 -1.840450764e-01 7.226601243e-02 -5.354690365e-04 4.232432544e-01 -2.049641684e-03 3.363389075e-01 -9.750992805e-02 7.857171297e-01 9.709727019e-02
3.173726797e-01 5.784051493e-03 6.520167589e-01 2.643753588e-02 -4.570990801e-01 1.050889120e-02 4.001771212e-01 -3.212580457e-02 -7.972108573e-02 -3.132248670e-02 2.502718866e-01 5.952914059e-02
6.061011925e-02 -1.825645752e-02 5.044583678e-01 -9.664598107e-02 4.910815135e-02 -3.938650712e-03 4.230310023e-01 -1.241858751e-01 5.974841770e-03 -1.198333222e-02 1.180686131e-01 -1.319346279e-01
2.902312875e-01 -5.153005943e-03 -1.199940369e-01 -6.410825253e-02 4.037840366e-01 1.076371782e-02 -5.044206977e-01 -1.774430275e-02 3.175747991e-01 -4.357160535e-03 -7.561751008e-01 -1.236192510e-01
5.038744770e-03 -1.213722229e-01 -8.071910739e-01 -6.768961251e-02 2.010449953e-02 -7.633510977e-02 -4.899662733e-01 3.756053746e-03 1.047965661e-01 -8.915375918e-02 -4.376451373e-01 1.742825285e-02
