-1.892658323e-01 -3.899684250e-01 -2.206791788e-01 -1.625606120e-01 -2.362215966e-01 -4.344692230e-01 -1.535193622e-01 -8.304401487e-02 -9.817983955e-02 -4.227896333e-01 -6.697442383e-02 -7.543348521e-02
-5.431663245e-02 -6.453449130e-01 -6.970177591e-02 -3.804299235e-01 -3.844842315e-02 -6.951774955e-01 9.519511461e-02 -3.310985267e-01 6.253789365e-02 -7.344602346e-01 -3.260125965e-02 -4.495510757e-01
4.367652535e-02 -1.121451020e+00 -4.387720823e-01 -7.569146752e-01 -3.542168438e-02 -1.198130250e+00 -5.098161101e-01 -7.134010792e-01 -1.801151633e-01 -1.259673357e+00 -4.245012403e-01 -8.452956676e-01
3.040758371e-01 -1.450807810e+00 -5.629930496e-01 -1.043822289e+00 -3.179692328e-01 -1.511146903e+00 -3.705590665e-01 -1.075274706e+00 -7.918720841e-01 -1.625725389e+00 -1.218607053e-01 -1.283375502e+00
-4.468290210e-01 -1.735382557e+00 -4.296869040e-01 -1.370246768e+00 -8.028960824e-01 -1.831350446e+00 -5.620195866e-01 -1.243246675e+00 -1.361385942e+00 -1.932304859e+00 -7.122005224e-01 -1.859540343e+00
-9.485750794e-01 -2.265301943e+00 -5.586861372e-01 -2.080801249e+00 -1.070957303e+00 -2.254140615e+00 -6.628571153e-01 -1.422804236e+00 -1.200568557e+00 -2.296158075e+00 -7.617974877e-01 -2.326712132e+00
-1.633957267e+00 -2.171043873e+00 -1.017517090e+00 -2.231132030e+00 -1.611553669e+00 -2.051426411e+00 -8.236284256e-01 -2.434799910e+00 -4.080168009e-01 -2.066391468e+00 -3.224287033e-01 -1.374554515e+00
-2.997306585e-01 -2.998829126e+00 -1.472128928e-01 -2.138878107e+00 -1.301654935e+00 -2.972924232e+00 -1.229972839e+00 -2.765858173e+00 -2.016943216e+00 -2.966032982e+00 -2.099600554e+00 -2.817655802e+00
-1.222987771e+00 -2.901250601e+00 -7.606050968e-01 -3.642680168e+00 -1.416412950e+00 -2.907051086e+00 -9.270503521e-01 -2.263959885e+00 -1.058152795e+00 -2.919511795e+00 -1.006214380e+00 -2.326780558e+00
-2.355703264e-01 -3.440618992e+00 -1.074438930e+00 -3.645818949e+00 -5.982165337e-01 -3.497331619e+00 -1.621058226e+00 -2.457870722e+00 -1.366261959e+00 -3.537374020e+00 -1.648769736e+00 -3.100062132e+00
-6.346238256e-01 -3.457827091e+00 -1.381259561e+00 -3.846810818e+00 -8.766010404e-01 -3.379072666e+00 -1.853647590e+00 -2.801308155e+00 -1.019724488e+00 -3.289885044e+00 -1.971702099e+00 -2.272534370e+00
-6.610144973e-01 -3.331467867e+00 -1.113986611e+00 -3.208324909e+00 -1.001622677e+00 -3.167956829e+00 -1.288258553e+00 -2.458339930e+00 -1.352836132e+00 -3.119581461e+00 -1.506670833e+00 -2.553622723e+00
-5.739184618e-01 -2.976649761e+00 -5.957999825e-01 -2.062675714e+00 -2.880999148e-01 -2.863962650e+00 -1.134204306e-02 -1.870773315e+00 -5.798777342e-01 -2.801384449e+00 5.440186709e-02 -2.780930519e+00
-1.041371077e-01 -2.430447817e+00 3.187707365e-01 -1.764171600e+00 -3.394104540e-01 -2.283419609e+00 5.549288988e-01 -1.952132940e+00 -5.150363445e-01 -2.292896509e+00 1.231392398e-01 -1.877482176e+00
4.395885468e-01 -1.611472011e+00 1.118615389e+00 -1.277847648e+00 1.997425407e-01 -1.409433365e+00 7.905741930e-01 -1.284821033e+00 1.292694807e-01 -1.301872492e+00 7.692877650e-01 -8.624179959e-01
9.037806988e-01 -9.655904770e-01 1.656505167e-01 -9.916378260e-01 4.067556858e-01 -8.451959491e-01 -2.212969773e-02 -8.487586975e-01 -4.874397516e-01 -7.255333662e-01 -2.080517709e-01 -9.999437332e-01
1.197179854e-01 -3.006351292e-01 -2.851259112e-01 -5.432950854e-01 -8.737872541e-02 -2.427349538e-01 -1.853348315e-01 -4.391679764e-01 -6.379351765e-02 -2.105977237e-01 -1.060758591e+00 -4.962107539e-01
2.879555225e-01 -2.830716409e-02 -8.264510036e-01 -4.549549520e-01 7.064540684e-02 -3.558980301e-02 -4.359292332e-03 -3.199390173e-01 6.266314536e-02 -6.208027154e-02 6.266836524e-01 -3.566521406e-01
1.884627342e-02 -3.477026522e-02 1.205688193e-01 -2.806737423e-01 -8.262092620e-02 -2.246722393e-02 -8.288831711e-01 -2.070753574e-01 -2.766844928e-01 -7.038358599e-02 -1.203375340e+00 -2.921307087e-01
3.179989457e-01 -3.460172564e-02 -8.765704632e-01 -9.975773841e-02 -8.411099762e-02 -7.280524075e-02 3.747214377e-01 7.132305950e-02 5.331083536e-01 -1.086725220e-01 1.069583535e+00 7.518068701e-02
5.455520749e-01 -1.435432583e-02 3.504642546e-01 -8.894297294e-03 4.470791221e-01 -6.580838561e-02 -5.964959860e-01 1.692912579e-01 5.592558980e-01 -1.542169154e-01 -8.851112723e-01 9.444194287e-02
6.817796826e-01 -6.540718675e-02 -6.356526017e-01 1.002651826e-01 1.008531928e+00 -9.846281260e-02 1.264394999e+00 7.246577740e-02 6.769165993e-01 -1.756351739e-01 2.108777761e+00 2.129536867e-02
6.447228789e-01 -1.344194859e-01 1.712210417e+00 -1.907033920e-01 8.865251392e-02 -1.406381577e-01 -1.212195083e-01 -1.366548985e-01 -1.552488506e-01 -2.214407623e-01 -2.411144972e+00 -2.022118419e-01
-8.091416955e-01 -1.248981506e-01 -1.930103064e+00 -4.775990248e-01 -5.142880678e-01 -9.477706999e-02 -1.794495225e+00 -2.316021919e-01 3.572549522e-01 -1.485660076e-01 -2.322730571e-01 -1.396236271e-01
2.597061396e-01 -1.048634499e-01 1.270169616e+00 -4.075369537e-01 2.263354361e-01 -9.744537622e-02 8.937459588e-01 -1.679639816e-01 -7.424161583e-02 -1.347689927e-01 -5.288714767e-01 -3.724350035e-02
3.480121791e-01 -1.597691774e-01 -1.212063432e+00 -3.446663618e-01 7.635324597e-01 -1.866966784e-01 3.714265525e-01 -1.207571700e-01 1.508552879e-01 -2.585693598e-01 1.691116571e+00 -4.096380621e-02
1.157683060e-01 -1.897646040e-01 1.339868426e+00 -3.925220370e-01 3.899933398e-02 -1.939289719e-01 -2.624478936e-01 -1.482548863e-01 2.651934326e-01 -2.406695038e-01 -1.074340820e+00 -7.421778142e-02
3.519032896e-02 -2.223675400e-01 -1.191282749e+00 -4.328952134e-01 -4.356388003e-02 -1.807646453e-01 -1.656265736e+00 -1.923108995e-01 1.395263821e-01 -1.947994679e-01 -9.828153253e-01 -2.450655550e-01
-2.369254977e-01 -1.556744576e-01 5.412800983e-02 -5.175305605e-01 -5.037154555e-01 -1.071213558e-01 1.386455774e+00 -3.441624343e-01 1.406271905e-01 -7.772568613e-02 1.395801306e+00 -1.575919986e-01
-4.698779583e-01 -1.529146284e-01 7.098010778e-01 -5.709959865e-01 -3.733206093e-01 -1.195423454e-01 3.475549221e-01 -4.340285063e-01 -1.196821630e-01 -1.371056288e-01 3.907556236e-01 -2.233969122e-01
6.881332397e-01 -1.679661125e-01 1.260910869e+00 -4.471948743e-01 2.979794741e-01 -1.823231280e-01 6.336132288e-01 -2.912625670e-01 3.508279622e-01 -2.432372868e-01 -9.609655738e-01 -1.397508681e-01
-1.230649278e-01 -1.845431328e-01 -1.950999975e+00 -6.013379693e-01 2.051423192e-01 -1.858374476e-01 -1.089583874e+00 -3.767726719e-01 7.821465842e-03 -2.261415273e-01 4.602015484e-03 -3.011276126e-01
9.201901406e-02 -2.119663507e-01 1.066329241e+00 -5.019227266e-01 3.532712758e-01 -2.546985447e-01 1.266049385e+00 -3.405188024e-01 6.511013508e-01 -3.544540405e-01 2.392590046e-01 -1.283528805e-01
5.979679227e-01 -1.405775547e-01 -3.824145794e-01 -4.368438423e-01 7.169705629e-01 -1.961370260e-01 -5.864708424e-01 -3.168389201e-01 6.429007649e-01 -3.068885505e-01 -1.423615217e-01 -2.802866995e-01
5.304910541e-01 -1.727990806e-01 1.438772380e-01 -1.493864954e-01 1.661250591e-01 -2.119151801e-01 -4.142516553e-01 -1.734837592e-01 4.583285451e-01 -2.796869874e-01 -8.136376143e-01 -2.191984504e-01
4.884517789e-01 -2.114416659e-01 -1.605990291e+00 -9.376066923e-02 5.170878172e-01 -2.420695275e-01 -8.922342658e-01 -8.666116744e-02 7.709875107e-01 -2.532168329e-01 -1.465921253e-01 -1.469738632e-01
6.677863598e-01 -1.950243711e-01 5.535248518e-01 -2.306613177e-01 5.083758831e-01 -2.620415390e-01 1.123596191e+00 -2.690161765e-01 3.961463869e-01 -3.024927974e-01 7.900773883e-01 -2.238146812e-01
5.458441973e-01 -1.064098775e-01 8.362025619e-01 -1.328667700e-01 4.009145498e-01 -1.413328350e-01 4.195217192e-01 -5.388781428e-02 8.047280312e-01 -1.122448295e-01 -5.751544833e-01 2.742822841e-02
7.168821692e-01 1.175010353e-01 -4.719712138e-01 1.125646830e-01 9.498289227e-01 9.620344639e-02 -2.696188092e-01 2.334861010e-01 3.786569834e-01 6.265942752e-02 -4.309937060e-01 1.224275380e-01
9.634687901e-01 5.764849782e-01 -3.505290747e-01 4.715526402e-01 5.848828554e-01 5.816218257e-01 -3.257104158e-01 4.295206964e-01 1.549761463e-02 5.976879001e-01 -5.740690231e-01 5.515513420e-01
2.694831491e-01 1.756755590e+00 -8.081089854e-01 1.878114820e+00 8.083731681e-02 1.828639030e+00 -3.529055715e-01 1.219146132e+00 -1.413238002e-03 1.717840910e+00 -3.333827108e-02 1.619638920e+00
3.888393939e-01 2.743004084e+00 -9.626696706e-01 4.004516602e+00 8.335039616e-01 2.869007587e+00 -9.703308344e-01 3.373462200e+00 1.378217936e+00 2.786097527e+00 -5.015971661e-01 3.979102373e+00
7.845271230e-01 3.197505713e+00 -5.182493925e-01 3.916456223e+00 1.382300854e+00 3.182969570e+00 -7.190517783e-01 2.878995180e+00 1.027716041e+00 3.138598442e+00 -2.800630778e-02 2.849406004e+00
4.417898953e-01 3.542366982e+00 3.041725457e-01 3.084464312e+00 8.006969690e-01 3.557766676e+00 -1.840469539e-01 2.066279173e+00 8.349138498e-01 3.525911093e+00 -1.508102715e-01 2.458417177e+00
1.366065979e+00 3.757843494e+00 -4.562857151e-01 2.684751511e+00 1.929592729e+00 3.738298893e+00 -4.511767328e-01 1.841003776e+00 9.290752411e-01 3.556535959e+00 -3.913538754e-01 2.230893850e+00
1.864032507e+00 3.574165821e+00 5.930492654e-02 1.412956119e+00 1.177196503e+00 3.574297667e+00 1.116679549e+00 1.249279499e+00 4.290747344e-01 3.406069517e+00 1.672794223e+00 9.946764708e-01
1.131204367e+00 3.796793222e+00 2.791870534e-01 2.762566805e+00 9.901850224e-01 3.681536913e+00 1.008479372e-01 2.733578205e+00 3.056726456e-01 3.224103928e+00 -3.154262006e-01 3.067406893e+00
5.856356621e-01 3.104835033e+00 -2.747745812e-01 2.376348734e+00 -4.751285911e-01 3.056595325e+00 -1.008074403e+00 2.131566048e+00 -8.385487199e-01 2.810819864e+00 -8.067311049e-01 1.468443632e+00
1.322029680e-01 2.318572044e+00 3.287800252e-01 1.680121899e+00 -3.966770470e-01 2.208904743e+00 -7.558697462e-01 1.082636356e+00 2.677110136e-01 1.891681314e+00 -1.179300904e+00 1.015225410e+00
5.848991275e-01 1.351745963e+00 3.452915698e-02 1.226295114e+00 2.533695698e-01 1.274420619e+00 -3.379828930e-01 7.114842534e-01 -3.624486923e-01 1.064341664e+00 -8.001582026e-01 7.302335501e-01
4.926635027e-01 7.361895442e-01 -2.230964005e-01 5.475192666e-01 1.764007658e-01 6.846662760e-01 -4.863054305e-02 1.818450242e-01 5.958223343e-01 6.780396104e-01 8.619007468e-02 4.863466620e-01
4.064360559e-01 7.447469831e-01 2.643141747e-01 6.084761024e-01 6.375143528e-01 7.541658282e-01 -1.082284078e-01 4.088310003e-01 5.639456511e-01 7.810874581e-01 -3.755465150e-01 5.796582699e-01
8.553400636e-02 5.497583151e-01 2.924378812e-01 2.864087522e-01 -3.097057045e-01 5.385687351e-01 1.606167912e+00 3.096236289e-01 6.130068302e-01 5.871472359e-01 1.817433476e+00 4.088206887e-01
4.467735887e-01 2.870271504e-01 2.986291051e-01 2.482891083e-01 7.790819556e-02 2.885538638e-01 -1.753602266e+00 5.395954847e-02 2.787477076e-01 2.776996791e-01 -2.583904743e+00 2.200572789e-01
-4.005064368e-01 1.704690009e-01 -1.553902745e+00 3.853401914e-02 1.975317486e-02 1.828949302e-01 1.567741036e-01 4.279557616e-02 3.814673424e-01 2.545365691e-01 1.512628794e-01 1.749997735e-01
4.818316400e-01 -1.569063589e-02 -4.957267046e-01 -1.327432990e-01 5.790345073e-01 2.108161338e-02 -6.792859435e-01 -7.795853168e-02 2.977277935e-01 7.255888730e-02 -6.338570714e-01 -3.438618779e-02
1.211647272e+00 -8.044552803e-02 6.524574161e-01 5.443671718e-03 1.429610699e-01 -1.130035594e-01 2.206467628e+00 -1.122987717e-01 1.056985021e+00 -5.515646189e-02 2.099987507e+00 1.240790039e-01
7.583146691e-01 3.535972536e-02 1.325024843e+00 -8.384922519e-03 3.983293772e-01 2.771319263e-02 -4.512865841e-01 -9.657073766e-02 3.370410502e-01 3.523094952e-02 -1.431295276e+00 -7.438356429e-02
-3.768360317e-01 1.635862887e-01 -1.717970133e+00 1.352918893e-01 9.307972193e-01 9.451213479e-02 -2.669017315e-01 2.476438582e-01 1.226882100e+00 4.524447769e-02 5.920554399e-01 1.939416379e-01
6.129370332e-01 -1.447701827e-02 -1.787672788e-01 2.370579392e-01 9.201976657e-01 -2.424181253e-02 7.170702219e-01 3.232862353e-01 1.169382930e+00 -7.712097466e-02 5.510837436e-01 1.277866513e-01
4.484742284e-01 7.770140469e-02 8.863488585e-02 2.236576676e-01 3.734440804e-01 1.832942851e-02 -7.176336646e-02 7.298436761e-02 2.836928964e-01 -4.470353946e-02 1.382727474e-01 3.636808693e-02
8.579599261e-01 -1.787748635e-01 7.279538363e-02 4.594259337e-02 3.986856639e-01 -2.233147025e-01 -1.870156974e-01 -2.761858143e-02 -9.310405701e-02 -2.794984579e-01 -7.699203491e-02 -2.874711156e-01
-2.482206672e-01 -1.522733569e-01 -1.377526075e-01 -6.979066879e-02 1.762996800e-02 -1.501339227e-01 2.312778234e+00 1.240573823e-01 -2.791295350e-01 -2.089526653e-01 1.847016573e+00 -6.953401864e-02
4.763869345e-01 -3.546258062e-02 2.446973622e-01 2.123551518e-01 3.235731125e-01 -8.371510357e-02 -3.069744408e-01 1.570147276e-01 -3.007616699e-01 -1.208489910e-01 -2.212221771e-01 1.143219918e-01
-1.660432220e-01 8.234360814e-02 -6.627139449e-01 2.552347258e-02 -8.039858937e-02 2.678246610e-02 -1.374103069e+00 -4.745275248e-03 -5.282387137e-01 -4.355373234e-02 -1.673894286e+00 -9.544829279e-02
1.265120745e+00 1.387318224e-01 -7.994786501e-01 -6.397915632e-02 -2.769972086e-01 1.317379028e-01 -2.825473249e-01 -5.974851549e-02 -4.376775622e-01 1.242951304e-01 6.856796145e-02 -9.231083095e-02
6.802195907e-01 1.046266109e-01 6.553562284e-01 2.767112851e-02 5.219261050e-01 1.393204480e-01 6.127117872e-01 4.426281899e-02 8.187244087e-02 1.436943561e-01 3.152619600e-01 7.618422806e-02
5.693705082e-01 4.181034118e-02 -6.999044418e-01 -9.396144748e-02 5.358229876e-01 6.845286489e-02 -6.640436649e-01 2.063821070e-02 3.525044024e-01 8.935274556e-03 -2.044110000e-02 1.232843995e-01
1.496428698e-01 -6.417547166e-02 1.099604249e+00 -4.157966673e-01 -2.773647606e-01 -6.313449889e-02 1.511038065e+00 -3.206790686e-01 -1.440532953e-01 -1.013228446e-01 1.669356108e+00 -1.184682325e-01
-2.614589930e-01 1.299718022e-02 2.242398262e+00 -6.282542646e-02 -3.026100695e-01 5.200735852e-02 8.209981918e-01 1.340424083e-02 5.222943425e-01 4.197691008e-02 -1.817702532e+00 1.164161861e-01
-2.063134909e-01 2.847856879e-01 -3.035700083e+00 -1.294162869e-01 1.344394684e-01 2.581698000e-01 -2.494050741e+00 -2.261073440e-01 7.230426669e-01 2.238225043e-01 1.933746040e-01 1.365317553e-01
6.098113656e-01 -1.777855754e-01 9.124017358e-01 -2.137446702e-01 5.949382186e-01 -1.902234554e-01 5.645058155e-01 -2.158465087e-01 -5.414953232e-01 -2.003345042e-01 7.316284180e-01 -2.135753483e-01
5.025623441e-01 -1.760633737e-01 7.639093399e-01 -2.970593870e-01 3.000803292e-01 -1.450221837e-01 1.275157809e+00 -3.831385970e-01 -1.350816041e-01 -1.827771068e-01 1.175869346e+00 -3.602738380e-01
1.011049598e-01 -1.555932015e-01 3.140355349e-01 -6.460937262e-01 -4.817603156e-02 -1.427254826e-01 -1.219669823e-02 -6.641297936e-01 -3.791842610e-02 -1.660056412e-01 -1.435239077e+00 -5.761554837e-01
-3.805665076e-01 -1.915071607e-01 -1.263362288e+00 -6.011537910e-01 3.453362584e-01 -1.939506978e-01 -8.301734924e-01 -6.087769866e-01 1.155662060e+00 -2.799609005e-01 7.725573331e-02 -5.612941384e-01
1.008430719e+00 -4.326066673e-01 -5.436155200e-01 -5.271835327e-01 9.323233962e-01 -4.494419098e-01 3.461214900e-01 -5.217503309e-01 6.603427529e-01 -4.366283119e-01 4.435640275e-01 -6.251075864e-01
2.885413468e-01 -4.337692559e-01 7.595902681e-01 -5.276091695e-01 6.836377978e-01 -4.130038917e-01 7.849231958e-01 -4.952210784e-01 1.031004637e-02 -4.232299030e-01 2.364812940e-01 -4.595677853e-01
-3.344736993e-01 -4.901793599e-01 -1.705747724e+00 -6.215060353e-01 1.065002158e-01 -4.390704632e-01 -1.686432004e+00 -6.365773678e-01 1.673553288e-01 -3.960828185e-01 -5.514878631e-01 -6.975909472e-01
4.543437660e-01 -5.753278732e-01 1.142567396e+00 -6.074420810e-01 9.843162298e-01 -6.053423882e-01 2.379985809e+00 -4.572202265e-01 4.005657136e-01 -5.901091099e-01 8.043247461e-01 -4.908832908e-01
-4.736011624e-01 -5.132767558e-01 -3.865397573e-01 -7.310712934e-01 -7.609890103e-01 -4.447644949e-01 -2.162150860e+00 -7.206504345e-01 -2.272218615e-01 -3.945866525e-01 -2.127886772e+00 -5.293985009e-01
-5.652765036e-01 -6.304515600e-01 -9.652985334e-01 -7.003226280e-01 2.200509012e-01 -4.807026386e-01 1.265186310e+00 -6.435605884e-01 6.123640537e-01 -3.703366518e-01 3.315744400e+00 -4.220896363e-01
3.549597263e-01 -6.472833157e-01 2.040957212e+00 -4.052201211e-01 -2.907637656e-01 -6.212692857e-01 -1.243613243e+00 -6.135753989e-01 -5.660748482e-01 -6.138860583e-01 -2.881111622e+00 -5.017834306e-01
-8.708744049e-01 -6.100894213e-01 -2.047428608e+00 -7.230920792e-01 6.006728485e-02 -5.855878592e-01 7.861634493e-01 -5.605025291e-01 3.962041736e-01 -5.866273046e-01 2.300398350e+00 -4.036906660e-01
-2.240460366e-02 -7.092538476e-01 2.228237391e+00 -7.005413771e-01 -4.788572341e-02 -6.345316172e-01 1.900224686e+00 -6.397563219e-01 -2.136835456e-01 -6.546191573e-01 -1.606032997e-01 -5.411769748e-01
-7.548927665e-01 -6.401965618e-01 -1.429743916e-01 -7.773597836e-01 -7.685074210e-01 -5.838088393e-01 -6.123920679e-01 -7.291256189e-01 -8.310844898e-01 -5.014552474e-01 -1.955940008e+00 -7.586141825e-01
-3.426429033e-01 -5.873003006e-01 -2.866688251e+00 -7.582946420e-01 -1.174120545e+00 -5.412933826e-01 -2.462284803e+00 -9.151186347e-01 -4.759889245e-01 -5.088680387e-01 5.861954093e-01 -6.876921058e-01
-2.803951874e-02 -3.414800763e-01 2.061812639e+00 -5.379341841e-01 5.257545114e-01 -3.130672872e-01 2.203017235e+00 -4.005227387e-01 -1.533413231e-01 -2.931147516e-01 3.651771545e-01 -2.376688719e-01
-1.056405067e+00 -2.126871645e-01 -1.702623010e+00 -4.265776873e-01 -1.745163947e-01 -1.733408421e-01 -1.407373428e+00 -3.854537308e-01 5.297168493e-01 -1.505819112e-01 6.064567566e-01 -2.116424739e-01
2.360443585e-02 -2.683038712e-01 1.979393482e+00 -4.719960093e-01 2.478501499e-01 -2.920573354e-01 1.989476323e+00 -4.252609313e-01 -5.727431178e-01 -2.559180260e-01 4.231255651e-01 -2.276235372e-01
-1.091424465e+00 -3.093081415e-01 -1.314610839e+00 -6.361129880e-01 -6.311486959e-01 -2.743331492e-01 -4.927858710e-01 -6.481216550e-01 -8.638030291e-01 -1.958050579e-01 -8.962081373e-02 -6.223815084e-01
-3.551563919e-01 -3.631971776e-01 1.678162515e-01 -6.676477790e-01 -1.959253103e-01 -3.404829204e-01 1.976900995e-01 -6.598179936e-01 -2.144611329e-01 -3.139415979e-01 -1.546665728e-01 -4.974210560e-01
1.389417946e-01 -2.318991572e-01 -3.720562160e-01 -4.118533134e-01 -1.153581962e-01 -2.360988259e-01 -1.793619543e-01 -4.379284084e-01 6.409698129e-01 -2.353418916e-01 1.441983938e+00 -3.309274018e-01
2.247053832e-01 -4.041288197e-01 1.310876369e+00 -6.963702440e-01 3.223143816e-01 -3.996825814e-01 1.609691739e+00 -5.756324530e-01 -3.581121862e-01 -3.832782507e-01 -1.016876101e+00 -3.613418043e-01
-9.884183407e-01 -1.543443650e-01 -2.649975061e+00 -5.287763476e-01 -3.350884616e-01 -1.561732441e-01 -2.696985722e+00 -3.490836024e-01 1.738501787e-01 -1.825682968e-01 -1.879427552e+00 -1.022862643e-01
2.405850887e-01 -3.297032118e-01 4.124116153e-02 -4.965452254e-01 4.162501097e-01 -3.563988209e-01 9.923447371e-01 -3.206879199e-01 1.356903762e-01 -3.509537578e-01 8.918298483e-01 -2.227428108e-01
-2.821866572e-01 -3.093266487e-01 3.028098643e-01 -5.007167459e-01 -8.000458777e-02 -2.819783986e-01 1.577004939e-01 -4.335411489e-01 1.118728295e-01 -2.122765481e-01 -1.676324457e-01 -3.788302839e-01
-4.339500070e-01 -2.277079225e-01 -1.431085765e-01 -3.468052745e-01 1.788249165e-01 -2.245970517e-01 -1.379812658e-01 -1.919027418e-01 2.464788109e-01 -1.432990730e-01 -1.566778570e-01 -1.202350557e-01
1.306370497e-01 -2.227108926e-01 2.574672997e-01 -1.977479756e-01 -3.464972973e-01 -2.255743295e-01 8.359726667e-01 -2.423142493e-01 3.751419783e-01 -2.051674277e-01 1.179111242e+00 -8.409968577e-03
8.259132504e-01 -1.852249652e-01 5.548815727e-01 1.632975042e-01 1.018981576e+00 -1.967160702e-01 -2.494084239e-01 1.934372634e-01 -1.040413454e-01 -1.427909583e-01 -6.806487441e-01 6.129217893e-02
-3.396403193e-01 -2.291128635e-01 -6.968213320e-01 -1.937050968e-01 -1.040863395e+00 -2.761049867e-01 -1.707182050e+00 -4.235278964e-01 -7.009363174e-01 -2.796649635e-01 -2.231014252e+00 -4.884406030e-01
2.921219170e-01 -2.262747884e-01 -1.342201471e+00 -2.015616298e-01 1.413558364e+00 -2.929122746e-01 -6.105165482e-01 2.953968756e-02 1.165974379e+00 -4.203752279e-01 -1.945170760e-01 -1.955805272e-01
7.832719684e-01 -4.986692369e-01 -5.346170068e-01 -3.072663546e-01 6.333022118e-01 -6.411008239e-01 -5.088027120e-01 -4.642957449e-01 -3.609019518e-01 -8.053007722e-01 -6.406082958e-02 -7.399330735e-01
4.689199626e-01 -1.117777705e+00 4.450536668e-01 -6.383156776e-01 4.157859087e-01 -1.291368842e+00 8.352311850e-01 -9.055250287e-01 3.676435649e-01 -1.598861933e+00 1.109367728e+00 -1.147864699e+00
3.612129390e-01 -1.187536240e+00 3.907799721e-01 -2.900826931e-01 -1.794574618e+00 -1.397748709e+00 -4.081375897e-01 -1.811883688e+00 -6.259517074e-01 -1.680632949e+00 -8.265513778e-01 -1.689311624e+00
8.182650805e-01 -1.115697384e+00 -6.177720428e-01 -5.837560892e-01 2.544637322e-01 -1.216324449e+00 -8.187359571e-01 -5.535220504e-01 -3.769443333e-01 -1.371124148e+00 -1.207766414e+00 -1.417413235e+00
-2.211634398e+00 -2.017087936e+00 -2.331719875e+00 -1.902394176e+00 -1.507427216e+00 -2.174320459e+00 -2.181296587e+00 -1.355883002e+00 -8.128501773e-01 -2.362279654e+00 -1.819219232e+00 -1.745543957e+00
-1.950714469e+00 -2.401474237e+00 -1.522908688e+00 -1.669381976e+00 -2.039028645e+00 -2.569149971e+00 -1.972086430e+00 -2.692842484e+00 -8.761577010e-01 -2.830437183e+00 -1.838598251e+00 -2.228809357e+00
-1.038289309e+00 -2.439538717e+00 -7.964248061e-01 -2.686764956e+00 -8.182538748e-01 -2.422718763e+00 2.802574635e-01 -1.523665667e+00 -5.030866861e-01 -2.556914091e+00 4.280968308e-01 -2.303465366e+00
-6.462166905e-01 -2.619449139e+00 -3.856619895e-01 -1.715178013e+00 -7.630466819e-01 -2.696963787e+00 -1.070057631e+00 -2.608482361e+00 -5.259300470e-01 -2.798440695e+00 -1.212994337e+00 -2.082058191e+00
-2.824006677e-01 -3.098973036e+00 -3.346397877e-01 -2.213698387e+00 -5.560936928e-01 -3.136160374e+00 -8.860285282e-01 -2.105067968e+00 -9.124899507e-01 -3.177216530e+00 -1.444601655e+00 -2.718709707e+00
-4.933964014e-01 -3.282986164e+00 -1.931792617e+00 -2.452962637e+00 -7.345888019e-01 -3.262466192e+00 -2.716650963e+00 -3.261727571e+00 -1.263540149e+00 -3.277868748e+00 -2.473485947e+00 -2.400422096e+00
-6.813632250e-01 -3.283571482e+00 -1.946699381e+00 -2.670849085e+00 -9.827795625e-01 -3.155592918e+00 -2.188513041e+00 -2.849443436e+00 -5.613936186e-01 -3.087822676e+00 -1.887707710e+00 -2.235331297e+00
-3.797422349e-01 -2.964055777e+00 -1.505290151e+00 -2.816933155e+00 -6.217101216e-01 -2.977181911e+00 -2.090343475e+00 -2.473207235e+00 -7.110949755e-01 -3.004019260e+00 -1.766772985e+00 -2.537267923e+00
4.756673872e-01 -2.848796129e+00 -1.080391288e+00 -1.907742500e+00 -2.255883366e-01 -2.833740950e+00 -1.656416416e+00 -1.958173752e+00 -4.040757120e-01 -2.800458193e+00 -1.546083212e+00 -2.177740812e+00
6.430387497e-01 -1.952289224e+00 -7.982388139e-01 -1.321395993e+00 7.826529443e-02 -1.952486277e+00 -8.759714961e-01 -1.182704687e+00 -2.873288095e-01 -2.014184475e+00 -5.471100807e-01 -1.704231262e+00
-5.425823331e-01 -9.253900051e-01 -8.641332388e-03 -8.606800437e-01 1.588196009e-01 -8.422055840e-01 -3.478907347e-01 -5.390995741e-01 2.439509034e-01 -7.931810617e-01 -5.012422204e-01 -5.044078231e-01
7.659643888e-01 -4.316256344e-01 -5.726060867e-01 -1.994985491e-01 6.139838099e-01 -3.998727500e-01 -3.825763166e-01 -4.344962537e-02 -4.634385929e-02 -3.892051876e-01 -3.133364916e-01 -2.564214468e-01
9.677507728e-02 -2.271671593e-01 -3.068830669e-01 -1.165351272e-01 6.348188519e-01 -2.315824330e-01 -1.239765957e-01 8.536161482e-02 3.777676523e-01 -2.502101362e-01 -3.148282170e-01 2.648638189e-02
7.357180715e-01 4.432849586e-03 -2.188381851e-01 1.687602550e-01 5.830811858e-01 -4.277975298e-03 -6.617943943e-02 2.374272197e-01 6.159240603e-01 1.513033733e-02 1.372110546e-01 2.430056930e-01
1.407576203e+00 5.488948151e-02 2.349393368e-01 2.311824262e-01 9.204578400e-01 3.245410323e-02 3.372212946e-01 2.736919522e-01 3.148033619e-01 4.522624239e-02 -2.079508007e-01 1.000062153e-01
-5.094702169e-02 9.038540721e-02 -1.090349674e+00 -2.452843264e-02 1.729183495e-01 7.213275135e-02 -8.410842419e-01 5.222728848e-02 4.388801455e-01 1.498566195e-02 -5.548377335e-02 1.406033784e-01
6.964082122e-01 -3.688866645e-02 4.970995784e-01 1.550455112e-02 8.421501517e-01 -4.292692058e-03 5.098550916e-01 1.041323915e-01 8.267415166e-01 -1.096120849e-02 2.260265797e-01 1.038387194e-01
1.801688969e-01 -3.547281772e-02 -3.140088320e-01 -1.839467883e-01 -1.095530987e-01 -5.191206187e-02 5.298523903e-01 -9.667537361e-02 1.927919090e-01 -1.043565795e-01 1.028149128e+00 -1.560940295e-01
4.967838526e-01 -7.504053414e-03 1.090717554e+00 -1.174256355e-01 -3.635896146e-01 1.657366008e-02 1.686273068e-01 -1.377627999e-01 -6.846528053e-01 -4.606189206e-03 -8.116387725e-01 -1.733154207e-01
-1.234527349e+00 1.161105931e-01 -6.374351978e-01 -3.825814128e-01 -4.638279974e-02 1.184525788e-01 -7.714377046e-01 -2.096071541e-01 4.605876803e-01 1.380486041e-01 -5.158100724e-01 -4.573938996e-02
2.671329081e-01 -2.779659256e-02 -4.660518467e-02 -2.893058956e-01 -2.722160816e-01 -3.484038264e-02 -1.619338393e-01 -3.452021182e-01 -8.383022547e-01 3.045730479e-02 -3.752042353e-01 -2.601667643e-01
-4.494959861e-02 -2.320996672e-02 -2.689785957e-01 -2.634884417e-01 -4.227338731e-01 -5.108139291e-02 -3.973980546e-01 -1.587312520e-01 1.274884641e-01 -4.316569865e-02 -3.554864526e-01 -4.440258443e-02
7.845684886e-01 -4.053095728e-02 2.478069812e-01 5.253733695e-02 7.831705213e-01 -2.766975015e-02 4.753135741e-01 2.444975674e-01 -1.286946237e-01 -8.246663027e-03 3.875802457e-01 6.951463968e-02
8.043122292e-01 -1.055546254e-01 -2.677254193e-02 -1.266691387e-01 4.021009803e-02 -7.849004120e-02 2.739379108e-01 -6.285342574e-02 -1.555487961e-01 -9.447969496e-02 2.048187107e-01 -1.869147420e-01
2.297846079e-01 -1.104708165e-01 2.682277262e-01 -1.493507177e-01 6.029337049e-01 -1.307235956e-01 8.886855096e-02 -6.780842319e-03 -2.055895478e-01 -1.603328139e-01 -1.094608754e-01 -8.715294302e-02
7.037357688e-01 -9.905317426e-02 -7.175616920e-02 1.309577096e-02 4.985055923e-01 -8.206600696e-02 2.684251368e-01 -1.817315072e-02 -1.439672709e-01 -1.418724805e-01 2.287443876e-01 -1.882716119e-01
1.227426052e+00 -6.198249385e-02 2.829014957e-01 2.817499042e-01 7.062808871e-01 -1.097130924e-01 -1.795245558e-01 2.589115798e-01 -1.532046944e-01 -1.782227904e-01 -1.218749881e+00 -1.418418437e-01
4.037200511e-01 -1.503888145e-02 -1.832318902e+00 -1.169233993e-01 1.560308635e-01 -3.797965124e-02 -5.365633368e-01 -1.312751137e-02 4.491891265e-01 -1.076044813e-01 1.062081456e+00 -4.649233073e-02
2.998167574e-01 1.076235063e-02 1.423695087e+00 6.381746382e-02 1.411884576e-01 1.783309039e-03 5.365556479e-01 -5.612641573e-02 -1.173174977e-01 -6.214702502e-02 -9.996772408e-01 -1.020331010e-01
5.347652435e-01 -5.486300215e-02 -3.092261553e-01 -6.904898584e-02 2.054050099e-03 -6.221646443e-02 7.841875553e-01 -2.923103608e-02 -3.357061744e-02 -1.156807691e-01 8.580146432e-01 -8.510120958e-02
-2.442896515e-01 -1.842950284e-02 -1.766999811e-01 4.906305671e-02 -1.870944351e-01 -1.988775097e-03 -9.280967116e-01 6.683090702e-03 -2.834996283e-01 -8.645407856e-03 -1.027927399e+00 2.384211868e-02
3.723008931e-01 -3.967820853e-02 -1.850509346e-01 -4.659727588e-02 5.099718571e-01 -5.532235652e-02 5.866982937e-01 6.227651983e-02 5.339672565e-01 -5.198311806e-02 6.769515276e-01 5.824062228e-02
2.233033329e-01 1.066592522e-02 2.882898152e-01 -1.520033330e-01 -4.752380028e-02 3.683114797e-02 2.452956140e-01 -1.400993615e-01 -3.730261233e-04 2.435057657e-03 2.908715010e-01 -5.926756188e-02
2.840459347e-01 3.389699385e-02 -4.073386954e-04 -5.641600117e-02 1.982553899e-01 1.435677521e-02 1.111726016e-01 5.534382537e-03 6.014347076e-01 -5.226909369e-02 1.944367588e-02 7.713325322e-02
6.431862712e-01 4.366341978e-03 2.862854898e-01 -5.662007257e-02 5.923183560e-01 1.617780328e-02 5.051686168e-01 -5.217777193e-02 2.733590603e-01 -2.157840878e-02 -2.379432507e-02 -6.196129695e-02
9.758069515e-01 -7.123583555e-02 -5.256409645e-01 -2.733246982e-02 1.029149413e+00 -4.905456677e-02 -3.064706549e-02 4.397819191e-02 5.711320639e-01 -7.744289190e-02 6.409579515e-01 -5.901755765e-02
9.163194299e-01 -5.760968104e-02 1.338752866e+00 1.716460288e-01 5.986700654e-01 -2.800914086e-02 7.471424341e-01 1.242247075e-01 -3.144528568e-01 -5.150939152e-02 -3.214366436e-01 -9.788221121e-02
-4.663239419e-01 -5.202579871e-02 -3.694186211e-01 -7.582885772e-02 -2.076498270e-01 3.328168020e-02 2.131009400e-01 -3.870677948e-02 3.655815870e-02 2.654357115e-03 2.767645717e-01 6.479308754e-02
-1.314313114e-01 -1.042927057e-01 4.108262807e-02 -2.585139126e-02 -1.293807030e-01 -6.248033419e-02 1.357322037e-01 -4.346480127e-03 -1.201340854e-01 -1.317902803e-01 -8.261065930e-02 -6.010368001e-03
2.793266773e-01 -3.443121165e-02 3.071622550e-01 1.166091487e-01 3.245899379e-01 -6.181097776e-02 -1.116703525e-01 1.142228767e-01 1.359598041e-01 -6.463471800e-02 -5.103590488e-01 2.966189384e-02
-1.724977642e-01 -4.544787109e-02 -9.338825941e-01 -9.530368447e-02 2.457404137e-01 1.991642639e-04 -1.873041093e-01 -7.142248750e-02 6.138678193e-01 -2.297258563e-02 -2.525363863e-01 8.934359998e-02
1.006070495e+00 1.707165129e-02 -2.125389874e-01 6.814578176e-02 2.754585743e-01 9.542915970e-03 4.612948373e-02 -3.045954928e-02 2.367844582e-01 6.697701756e-04 -9.052758664e-02 -4.582328349e-02
6.119917631e-01 -1.012611091e-01 2.142019756e-02 -1.504390538e-01 6.193210483e-01 -9.927009791e-02 4.770019948e-01 -1.183844656e-01 1.349949002e+00 -1.020621657e-01 4.902536273e-01 2.445805818e-02
1.139456511e+00 -4.989332557e-01 6.356054544e-02 -2.886219919e-01 6.485162973e-01 -5.295470357e-01 3.325454593e-01 -3.184219897e-01 2.901711762e-01 -5.980015397e-01 -1.130728945e-01 -4.805960655e-01
1.628316045e-01 -8.003336787e-01 -2.689517140e-01 -6.718299389e-01 2.066670358e-01 -9.360029101e-01 -3.453648686e-01 -8.358954191e-01 7.464073300e-01 -1.116891384e+00 -8.229196817e-02 -8.986546397e-01
4.237954915e-01 -1.377959251e+00 -4.935663566e-02 -1.285250902e+00 -7.376112342e-01 -1.414128304e+00 -2.673873007e-01 -1.332288861e+00 -2.097763300e+00 -1.423435330e+00 -3.508823812e-01 -1.596305609e+00
-1.565054893e+00 -2.032656431e+00 -1.126589298e+00 -2.261510372e+00 -1.722881794e+00 -2.093295336e+00 -7.168138027e-01 -2.269852877e+00 -1.453859210e+00 -2.056067705e+00 -5.449113250e-01 -1.634493232e+00
-1.491008878e+00 -2.481140137e+00 -4.129236639e-01 -2.379591465e+00 -1.901272774e+00 -2.481847525e+00 -5.552647710e-01 -2.151164532e+00 -1.147642851e+00 -2.512202024e+00 -2.514290214e-01 -2.353734255e+00
-1.086773872e+00 -2.666259050e+00 -4.685937166e-01 -2.258906364e+00 -6.189454198e-01 -2.641322613e+00 -1.096017882e-01 -2.297613621e+00 -3.794207275e-01 -2.692111492e+00 3.359470367e-01 -1.334780812e+00
-5.704728961e-01 -2.606956720e+00 4.661559761e-01 -2.288219929e+00 -1.154098988e+00 -2.577646494e+00 1.284989417e-01 -1.951474190e+00 -1.432780862e+00 -2.548280954e+00 -3.291592598e-01 -2.784369707e+00
-1.204728842e+00 -2.850371122e+00 -1.174640656e+00 -3.198485851e+00 -1.056286335e+00 -2.805505753e+00 -1.155644536e+00 -2.985419989e+00 -4.481455982e-01 -2.794837713e+00 -7.723025680e-01 -1.609343886e+00
-1.083503842e+00 -3.137184381e+00 -4.367029965e-01 -2.841233969e+00 -1.252555132e+00 -3.056981802e+00 7.981372625e-02 -2.308246613e+00 -9.728348851e-01 -2.974794865e+00 7.616656423e-01 -2.434954882e+00
-5.285903215e-01 -3.240777254e+00 -1.833686382e-01 -2.757653236e+00 -6.191491485e-01 -3.109930754e+00 4.870307744e-01 -1.983566046e+00 -4.593250453e-01 -2.992175102e+00 8.938856125e-01 -2.107841730e+00
-7.852827013e-02 -2.503730297e+00 5.246143937e-01 -2.050065279e+00 1.022336259e-01 -2.466142654e+00 9.112185836e-01 -1.695170522e+00 -5.389484763e-01 -2.478948355e+00 2.685268819e-01 -2.216223001e+00
-1.965894103e+00 -2.247654200e+00 -6.250635982e-01 -1.704492927e+00 -1.517275333e+00 -2.257853031e+00 -2.314509600e-01 -2.033322573e+00 -5.387162566e-01 -2.279404163e+00 -3.751737177e-01 -2.039445639e+00
-7.416926026e-01 -1.504006863e+00 3.039627373e-01 -1.441819072e+00 -6.573456526e-01 -1.480047226e+00 3.693417013e-01 -1.668629766e+00 -6.366863847e-01 -1.432557344e+00 2.479873449e-01 -1.538144350e+00
-1.033772230e+00 -9.890182018e-01 1.691289544e-01 -1.288075089e+00 -4.759168029e-01 -9.504283667e-01 1.926632971e-01 -1.284290075e+00 -3.673556447e-01 -9.161378741e-01 5.479524136e-01 -1.022207856e+00
-4.578435123e-01 -5.271028280e-01 8.886516094e-01 -5.734311938e-01 -2.361448109e-01 -4.542281628e-01 7.667921782e-01 -4.869277179e-01 3.791420758e-01 -4.125543833e-01 5.250620246e-01 -2.842690349e-01
7.607984543e-01 -2.640851438e-01 4.413672388e-01 -1.053231508e-01 1.050238162e-01 -2.916380763e-01 7.034706473e-01 -1.511476040e-01 -4.824173450e-02 -2.880956233e-01 6.321559548e-01 -1.360026598e-01
-3.800042868e-01 -1.108794212e-01 -2.357151825e-04 -3.116609454e-01 5.450525880e-01 -8.270043135e-02 -3.105028570e-01 -1.326464415e-01 9.699932933e-01 -1.017512158e-01 1.879687048e-02 7.052066922e-02
6.218941212e-01 -4.215779155e-02 4.967562258e-01 4.552720115e-03 1.222740859e-01 -2.679811791e-02 1.258637786e+00 1.054050773e-02 1.021915317e+00 -4.690567777e-02 1.998925328e+00 3.695874810e-01
4.950034916e-01 -7.870341837e-02 1.389129400e+00 7.262107730e-02 3.030555546e-01 -3.674812987e-02 3.220097721e-01 7.158029824e-02 -8.115001768e-02 -1.175977886e-01 -7.155973315e-01 1.159936041e-01
-5.571507812e-01 -1.301143914e-01 -7.440338731e-01 -2.306393087e-01 -1.466381401e-01 -9.199142456e-02 -3.223422170e-01 -1.314059347e-01 3.304106593e-01 -1.359881610e-01 -5.329934955e-01 4.331890121e-02
-1.487500519e-01 -7.624438405e-02 -1.061643839e+00 -1.538835019e-01 1.164281592e-01 -7.068549842e-02 -1.415288329e+00 -1.376359314e-01 4.666662514e-01 -1.352198273e-01 -7.887325287e-01 -4.879331961e-02
-2.385487407e-01 -5.784103274e-02 5.743323565e-01 -1.714003831e-01 -3.014655039e-02 -4.380911216e-02 8.983308077e-01 -7.163444906e-02 2.809222937e-01 -2.112494037e-02 -2.012134194e-01 1.850478202e-01
-5.852669105e-02 -5.626536533e-02 -1.954900622e+00 -4.038471356e-02 -1.234127656e-01 -3.863472864e-02 -8.302330375e-01 -1.269150898e-02 2.203650922e-01 -5.093912780e-02 -2.409069240e-01 6.005194783e-02
3.623695374e-01 -2.520799078e-02 9.201354980e-01 2.599273622e-02 6.997386813e-01 -2.641804982e-03 1.149845719e+00 1.720109284e-01 6.288926601e-01 -3.831113875e-02 5.775405169e-01 1.657697409e-01
4.727401733e-01 -2.441863995e-03 4.570195675e-01 7.935036719e-02 5.826869011e-01 2.142840251e-02 -6.482896805e-01 1.317126304e-01 5.870065689e-01 2.479794621e-02 -1.030493975e+00 1.615332663e-01
6.705991030e-01 9.502129257e-02 -9.158515930e-01 4.233271815e-03 9.822551608e-01 8.905245364e-02 -5.943329334e-01 1.396240145e-01 1.340005517e+00 5.069746077e-02 -7.253798246e-01 1.595263779e-01
5.565330982e-01 1.347651631e-01 -4.760873020e-01 4.418454319e-02 1.359534144e+00 1.253068894e-01 -1.919684649e+00 1.367708147e-01 1.265488386e+00 2.518368699e-02 -1.743808746e+00 4.205388948e-02
-1.419192553e-01 4.676736519e-02 2.171593904e-01 -2.119851112e-01 -2.579995990e-02 9.922417998e-02 2.110832453e+00 -7.869209349e-02 8.688803315e-01 4.423713684e-02 2.905795097e+00 1.026374996e-01
3.311764598e-01 3.393068537e-02 7.887599468e-01 2.379696071e-02 5.152266473e-02 9.316211939e-02 -7.409297228e-01 -5.135608464e-02 2.142001241e-01 1.312196851e-01 -1.105750442e+00 3.233703971e-02
2.772541046e-01 1.121889651e-01 -4.663021564e-01 6.077351421e-02 1.727287620e-01 2.129118443e-01 -1.221827194e-01 9.766388685e-02 3.183223009e-01 2.977524102e-01 1.387975179e-02 1.885456443e-01
2.179027796e-01 7.849467397e-01 -8.051396906e-02 4.437567890e-01 3.688813746e-01 8.646524549e-01 3.819980919e-01 3.713567257e-01 5.307228565e-01 8.782317638e-01 -7.178209722e-02 5.274185538e-01
3.760498762e-01 1.180601358e+00 -9.112519622e-01 7.622109652e-01 3.613142371e-01 1.258192658e+00 -7.816373706e-01 7.170395851e-01 4.978210926e-01 1.272885323e+00 -3.278267682e-01 7.985388637e-01
4.015257359e-01 1.656042337e+00 1.654467732e-01 1.212149620e+00 1.822574437e-01 1.723620296e+00 -2.973511815e-01 1.212903619e+00 4.840491712e-01 1.818217158e+00 -8.391482383e-02 1.342021585e+00
1.199287891e+00 1.599296570e+00 4.754916430e-01 1.351971149e+00 6.912277341e-01 1.696865559e+00 3.162125349e+00 1.069508314e+00 -1.473958343e-01 1.804232240e+00 3.567217588e+00 1.605305314e+00
2.506897151e-01 1.656934977e+00 2.489302397e+00 8.241034150e-01 -9.116506577e-02 1.622718811e+00 1.007955194e+00 1.153996468e+00 7.841389179e-01 1.719264984e+00 6.550788879e-01 1.143609762e+00
8.874394298e-01 1.121014833e+00 9.861145616e-01 8.955072165e-01 5.810462236e-01 1.062746882e+00 1.385186791e+00 3.922908604e-01 3.812505007e-01 1.086171031e+00 -1.754006743e-01 7.837358117e-01
2.022000030e-02 9.729130864e-01 -1.612400651e+00 7.801446915e-01 6.284390092e-01 1.021489263e+00 -3.509255350e-01 5.652373433e-01 8.327663541e-01 1.104529738e+00 5.552666187e-01 9.642543793e-01
-6.517713889e-03 4.871603251e-01 1.344981074e+00 9.953836352e-02 -6.214229390e-03 4.957750440e-01 9.818419814e-01 5.649163574e-02 6.569600105e-01 4.727326632e-01 -1.168588758e+00 4.964072704e-01
2.697600126e-01 1.464540660e-01 -2.186654091e+00 1.263941079e-01 4.036120474e-01 1.402824968e-01 -2.557837963e+00 3.962286413e-01 9.465652108e-01 1.262067705e-01 -2.151541561e-01 2.510753274e-01
5.234043002e-01 -1.817018390e-01 5.963981748e-01 -2.291740775e-01 -3.016384542e-01 -1.973475069e-01 1.312400937e+00 -2.626905739e-01 -4.807688296e-01 -2.181951851e-01 7.276900411e-01 -2.207467556e-01
3.260582089e-01 -1.249085516e-01 7.398465276e-02 -2.257693261e-01 2.003248334e-01 -1.588798016e-01 -5.810336471e-01 -1.148518026e-01 7.719218135e-01 -2.209683955e-01 -5.906140804e-01 -8.601362258e-02
8.278334141e-01 -4.720582664e-01 -2.958958745e-01 -4.835977852e-01 3.849273920e-01 -4.636524320e-01 5.215649009e-01 -3.185253739e-01 5.713932514e-01 -4.973701537e-01 4.984410107e-01 -2.868340313e-01
9.540097713e-01 -2.069917619e-01 6.676643491e-01 -2.753219903e-01 4.074070454e-01 -2.306291163e-01 1.788132489e-01 -2.418402284e-01 4.393969178e-01 -2.922507524e-01 -2.814464569e-01 -2.642508149e-01
3.878273666e-01 -1.596115679e-01 -2.321046293e-01 -3.948482871e-01 5.562654734e-01 -1.579009444e-01 -4.930083156e-01 -3.644405901e-01 4.596115649e-01 -1.877307594e-01 -1.975159198e-01 -3.151914775e-01
-2.109178752e-01 1.143586189e-01 -3.280951977e-01 -2.576155365e-01 1.090453044e-01 8.128333837e-02 -4.880549312e-01 -2.128860801e-01 6.087727547e-01 2.298086323e-02 -4.624198377e-01 -1.439507008e-01
7.158082724e-02 -3.032113984e-02 2.185818553e-01 -2.612001002e-01 4.893911481e-01 4.291886836e-02 5.215377808e-01 -1.015281528e-01 7.302978635e-01 3.618346155e-02 3.273569942e-01 8.936163783e-02
-1.792819649e-01 -6.757479161e-02 2.270437963e-02 -1.310756952e-01 1.663519293e-01 2.925775386e-02 -3.441297710e-01 7.394425571e-03 2.807813585e-01 6.286941469e-02 -6.729247570e-01 6.715881079e-02
-4.946738183e-01 1.494032890e-01 3.689598143e-01 -6.881325692e-02 -2.910615318e-02 2.197789401e-01 5.389868021e-01 1.257114410e-01 4.019159675e-01 2.169765085e-01 1.646297276e-01 1.613684595e-01
1.267441362e-01 1.574240811e-02 -2.845395803e-01 -1.120382920e-01 6.221847609e-02 2.235958166e-02 -9.918309003e-02 -4.462427460e-03 1.479122192e-01 3.124899603e-02 -7.491436601e-01 5.092888139e-03
1.088045120e+00 5.446429923e-02 -6.300314069e-01 8.094742149e-02 5.825155377e-01 6.435371190e-02 1.476694830e-02 3.961930983e-03 2.425316721e-01 7.436734438e-02 -2.724192850e-02 5.400438793e-03
-1.381331384e-01 -2.111553214e-02 -1.112427860e-01 -2.257322967e-01 8.511081934e-01 -2.254651114e-02 -6.840155721e-01 -2.014545053e-01 5.749624372e-01 -4.558845982e-02 -2.889756858e-01 2.950628847e-02
6.489614248e-01 -5.583283305e-02 1.198108673e+00 -3.568088412e-01 8.437301517e-01 8.312240243e-03 8.161180019e-01 -2.676482201e-01 6.821499467e-01 1.206693426e-02 -7.199410349e-02 -9.015078843e-02
7.826981544e-01 -9.402089752e-03 -2.720613778e-01 -2.301265895e-01 9.050847888e-01 -4.742487147e-02 -2.418843657e-01 -1.290851235e-01 8.853945136e-01 -4.281792045e-02 -6.301701665e-01 -1.230041012e-01
1.086426735e+00 -1.369799078e-01 -6.097347662e-02 -9.463639557e-02 1.103831172e+00 -1.797120720e-01 -2.954250276e-01 -3.430422395e-03 6.994386911e-01 -1.729870290e-01 -6.122919172e-02 1.444111671e-02
9.922778606e-01 -1.328409612e-01 5.130145550e-01 -1.821037084e-01 1.213803530e+00 -1.230163574e-01 7.153877020e-01 -2.181544341e-02 1.368973613e+00 -9.557571262e-02 2.504836619e-01 1.211550832e-01
5.094631910e-01 -1.632857323e-01 1.510607637e-02 -1.941667497e-01 3.664613962e-01 -1.115231514e-01 6.521718502e-01 -1.724078059e-01 -3.617961705e-01 -4.265474156e-02 2.271548063e-01 -2.071978897e-01
3.533215448e-02 -1.100855917e-01 -1.075370330e-02 -4.607345760e-01 -3.489469886e-01 -9.784184396e-02 -3.542868495e-01 -4.584348798e-01 1.579264551e-01 -7.597614080e-02 -5.596944094e-01 -4.012534022e-01
2.568985522e-01 -8.772704005e-02 -1.058809683e-01 -3.318258524e-01 -1.223804280e-01 -4.374294356e-02 -6.235149130e-02 -3.362926841e-01 3.401396573e-01 -3.306470066e-02 1.174934506e-01 -2.386190593e-01
-5.116879009e-03 6.468722224e-02 -8.161028475e-02 -2.729045153e-01 5.036709309e-01 1.522292793e-01 9.231761098e-02 -1.493105888e-01 6.611082554e-01 1.402224600e-01 1.207563058e-01 -1.362268180e-01
3.197329938e-01 1.322138160e-01 5.157523975e-02 -1.801411659e-01 5.095059872e-01 1.825444400e-01 -2.246385664e-01 -1.297679842e-01 6.144589782e-01 1.659150273e-01 -7.728987932e-02 -1.046474800e-01
8.307738304e-01 1.414197832e-01 -3.796090558e-02 7.814683020e-02 9.520639181e-01 1.588234901e-01 -1.575513929e-01 6.611810625e-02 3.232403398e-01 1.517657042e-01 -8.057849854e-02 -1.096393988e-01
1.146536231e+00 1.203534901e-01 -7.355015725e-02 1.157704070e-01 7.395109534e-01 1.129685566e-01 -2.077419907e-01 5.376256257e-02 5.559049249e-01 1.043506861e-01 -1.653312594e-01 -5.621832609e-02
1.099021077e+00 9.058775008e-02 1.311938763e-01 7.582982630e-02 2.249031216e-01 3.238300979e-02 -5.646172166e-01 3.687778860e-02 1.611034125e-01 3.071135096e-02 -6.797935963e-01 -1.783616841e-01
1.274823211e-02 -5.526930839e-02 -5.184563994e-01 -2.769216895e-01 2.066156566e-01 -6.054200605e-02 -8.085286617e-01 -2.687470615e-01 6.410912424e-02 -9.204966575e-02 -9.555919170e-01 -2.806693614e-01
3.314370215e-01 3.040163517e-01 -3.423995674e-01 1.058313400e-01 2.003557086e-01 2.649821639e-01 -6.531214118e-01 5.596089363e-02 -6.584746763e-03 1.684298515e-01 -8.622398376e-01 8.989212662e-02
8.413406014e-01 4.639817476e-01 -2.439151406e-01 4.399636984e-01 7.154248357e-01 4.671283662e-01 -2.279059291e-01 2.094795704e-01 6.168461218e-02 4.961768687e-01 -5.166621208e-01 4.493770748e-02
-1.518724710e-01 -1.521616578e-01 -1.687239856e-04 -2.554874420e-01 3.209678233e-01 -1.591075063e-01 1.257670224e-01 -1.904568821e-01 9.665662050e-01 -1.292297840e-01 5.702100992e-01 3.581941128e-03
5.475634336e-01 -2.060942799e-01 4.937431514e-01 -1.077614874e-01 6.085230112e-01 -1.742840558e-01 1.019172519e-01 -3.133656923e-03 -2.083879113e-01 -1.331787854e-01 -4.896190166e-01 -1.496894658e-01
-1.363287121e-01 -2.374570072e-01 -3.038237989e-01 -2.214534283e-01 -1.737628132e-01 -2.589481175e-01 8.246757835e-02 -1.786523312e-01 3.142138720e-01 -2.373944223e-01 1.550921500e-01 -7.776845247e-02
4.608596563e-01 -4.668802321e-01 5.206223205e-02 -2.996251583e-01 3.852297664e-01 -5.205729604e-01 -6.404523551e-02 -2.644209862e-01 -9.372537732e-01 -5.240111351e-01 -7.163253427e-01 -5.368705392e-01
5.575569347e-02 -7.676983476e-01 -1.501965672e-01 -7.639019489e-01 -5.438853502e-01 -6.758102179e-01 -4.174976051e-01 -6.671431065e-01 -1.103802443e+00 -6.281521320e-01 -7.815071940e-01 -7.728591561e-01
-4.244244695e-01 -4.885604084e-01 -3.524847627e-01 -4.727024436e-01 -7.977481931e-02 -4.572962821e-01 -3.388969302e-01 -2.537093163e-01 -9.614026546e-02 -4.622124135e-01 -2.706999779e-01 -1.883810312e-01
4.970262572e-02 -2.154802829e-01 -6.027897075e-02 -5.006380007e-02 -1.003863141e-01 -2.434810400e-01 -1.161373109e-01 5.804711953e-03 -2.436292619e-01 -2.707209885e-01 -8.848622441e-02 -1.726614311e-03
-1.089604292e-02 -7.017770410e-02 -1.433874518e-01 7.215163112e-02 -1.514817327e-01 -7.052148879e-02 -1.188542098e-01 1.062137261e-01 2.349638194e-01 -9.741958231e-02 5.622581765e-02 1.860297769e-01
2.894327641e-01 -2.877204679e-02 2.787172794e-01 6.565832347e-02 -4.508905113e-03 -3.634386137e-02 6.174515188e-02 1.229868978e-01 -1.116414443e-01 -5.675025284e-02 -2.795959711e-01 1.031729728e-01
1.028908715e-01 -5.766047165e-02 3.194906982e-03 2.578839287e-02 -7.528497279e-02 -5.033047125e-02 -6.317321956e-02 9.868137538e-02 -1.998804063e-01 -3.282868862e-02 -2.569178045e-01 1.207989007e-01
4.668093026e-01 -6.051080301e-02 9.534163028e-02 1.207427308e-01 1.293475628e-01 -7.595837861e-02 2.806126885e-02 1.587187499e-01 2.730352581e-01 -9.336314350e-02 -1.012804583e-01 2.305086553e-01
1.741229594e-01 -4.879807681e-02 -8.713612705e-02 1.307714581e-01 8.253371716e-02 -7.108251005e-02 -6.265126914e-02 1.877480298e-01 7.778271288e-02 -1.151495203e-01 -6.415449828e-02 2.254438251e-01
2.701611519e-01 -4.470789433e-02 -8.974172920e-02 1.924042106e-01 -1.809244975e-02 -6.529459357e-02 -1.185685322e-01 1.808407307e-01 -1.218707263e-01 -1.081969738e-01 -1.326470077e-01 1.443139315e-01
1.562128365e-01 -3.979153186e-02 -8.273107558e-02 1.698649973e-01 -1.190844923e-01 -7.671206445e-02 -1.375343949e-01 1.459655911e-01 -8.031719923e-02 -1.374322474e-01 -1.475467533e-01 1.446494013e-01
1.513387561e-01 -6.269527227e-02 -1.035808250e-01 1.442766637e-01 -1.199128181e-01 -8.833497018e-02 -1.302556396e-01 1.391154528e-01 -1.396471262e-01 -1.494731307e-01 -1.704309434e-01 1.190778762e-01
1.125109121e-01 -5.361311510e-02 -1.242731363e-01 1.454293132e-01 -2.193855494e-01 -6.317515671e-02 -1.525029391e-01 1.211770028e-01 -1.442551464e-01 -1.031844020e-01 -1.638659239e-01 1.298114806e-01
2.243159264e-01 -9.640808403e-02 -1.607798785e-02 6.905369461e-02 -1.927067712e-02 -9.168142080e-02 -6.784447283e-02 1.408803612e-01 1.586276740e-01 -1.181298494e-01 -8.484268934e-02 1.578491181e-01
3.443200290e-01 -1.083590090e-01 1.558132470e-01 -6.141245365e-02 1.654155366e-02 -9.696222097e-02 1.438148320e-01 4.566905648e-02 -5.395985767e-02 -7.274594903e-02 6.814128160e-02 8.194454759e-02
7.700159401e-02 -8.980683982e-02 1.096404251e-02 -1.437997073e-01 -1.586790383e-01 -9.950950742e-02 -1.348565817e-01 -8.555971086e-02 -2.670250274e-02 -8.445759863e-02 -1.430877596e-01 -4.637614265e-02
6.164041534e-02 -5.257866904e-02 -7.718039304e-02 3.674580902e-02 -1.772627831e-01 -7.756900042e-02 -1.415209472e-01 3.625520319e-02 -1.739025414e-01 -9.461262822e-02 -2.506233454e-01 5.287338048e-02
1.767982692e-01 -6.636302918e-02 -9.658524394e-02 1.562832892e-01 5.541351810e-02 -7.724326104e-02 -1.877737194e-01 1.291404516e-01 1.524878740e-01 -9.568180144e-02 -2.515639365e-01 2.000582367e-01
-3.698318033e-04 -5.874432251e-02 -6.168486550e-02 7.476469129e-02 -1.877164990e-01 -8.025068045e-02 -1.174384952e-01 8.424790204e-02 -1.772938520e-01 -9.696758538e-02 -2.566727698e-01 1.225392669e-01
1.353904605e-01 -4.148894921e-02 -1.187528074e-01 1.262589544e-01 -3.674697876e-02 -5.146022886e-02 -2.035935968e-01 1.217211783e-01 -1.350771338e-01 -9.733066708e-02 -2.468145490e-01 1.185967773e-01
1.271475703e-01 -4.370230064e-02 -1.238993481e-01 1.166338846e-01 -1.161567718e-01 -6.904420257e-02 -1.621412933e-01 9.411261976e-02 -1.759340316e-01 -1.113604978e-01 -1.873983890e-01 1.039673910e-01
5.321051553e-02 -6.113035604e-02 -1.516441852e-01 8.086429536e-02 -2.138064653e-01 -7.603380084e-02 -2.290246338e-01 3.845394403e-02 -2.254579514e-01 -1.019124836e-01 -2.206171304e-01 2.541145682e-02
-7.898078859e-02 -2.499813288e-01 -6.786317378e-02 -1.330233961e-01 -3.273437321e-01 -2.374399006e-01 -1.897467375e-01 -1.893827766e-01 -4.329642057e-01 -2.348451018e-01 -2.970478535e-01 -2.155216783e-01
2.944645584e-01 -4.390907884e-01 -4.941932261e-01 -2.689296007e-01 -1.068745479e-01 -4.593610764e-01 -4.684200585e-01 -3.460498154e-01 -7.433547378e-01 -4.800755084e-01 -4.804761708e-01 -4.835065007e-01
-1.985500306e-01 -7.334024310e-01 -5.437161922e-01 -6.920406818e-01 -2.878527939e-01 -7.367084026e-01 -4.345585108e-01 -5.999107361e-01 -4.590368569e-01 -7.588332295e-01 -4.181897342e-01 -7.056697011e-01
-1.963671297e-01 -8.323839307e-01 -6.195609570e-01 -7.324935794e-01 -3.390356302e-01 -8.467692733e-01 -5.281351805e-01 -7.374731898e-01 -7.060395479e-01 -8.798407316e-01 -4.761717319e-01 -9.254043102e-01
-6.114768982e-01 -1.099151254e+00 -9.324205667e-02 -1.174845219e+00 -7.447515726e-01 -1.112953424e+00 1.233368926e-02 -1.235111713e+00 -3.450707793e-01 -1.153279781e+00 1.373232603e-01 -1.149470329e+00
-9.228347540e-01 -1.241549373e+00 -2.932315469e-01 -1.326558948e+00 -1.220603824e+00 -1.200047970e+00 -6.789807677e-01 -1.411101460e+00 -4.198372960e-01 -1.189457178e+00 -9.753457904e-01 -1.384415746e+00
-7.745208740e-01 -1.491572976e+00 -7.905101776e-01 -1.666125655e+00 -5.745972991e-01 -1.387029529e+00 -7.990038395e-01 -1.358313799e+00 -1.327487350e+00 -1.337256670e+00 -1.089830637e+00 -1.592487216e+00
-1.385072827e+00 -1.538885117e+00 -6.845075488e-01 -1.794294357e+00 -1.124457955e+00 -1.449646831e+00 -4.201189578e-01 -1.426709414e+00 -1.075840950e+00 -1.419755578e+00 -7.973653674e-01 -1.504575610e+00
-1.112169862e+00 -1.826045513e+00 -1.076721191e+00 -1.677300334e+00 -1.168303967e+00 -1.810383081e+00 -8.084746003e-01 -1.783380151e+00 -1.067816377e+00 -1.850263119e+00 -2.187956721e-01 -1.637067199e+00
-9.504374266e-01 -2.729885340e+00 -5.259975195e-01 -2.201749563e+00 -1.225304961e+00 -2.690100431e+00 -3.048456013e-01 -2.213589430e+00 -8.515926600e-01 -2.731190443e+00 -1.169622615e-01 -2.181704760e+00
-5.168633461e-01 -2.990120649e+00 -6.138419509e-01 -1.619426012e+00 -8.202659488e-01 -2.987205505e+00 -4.969677925e-01 -2.019698858e+00 -1.071907401e+00 -3.027768135e+00 -2.092739344e-01 -1.869909763e+00
4.899163842e-01 -3.069785357e+00 -3.805130720e-02 -2.449363470e+00 -3.670388162e-01 -3.040430546e+00 -4.701505303e-01 -2.025041819e+00 -1.352857232e+00 -3.072634220e+00 -5.233771801e-01 -2.830183506e+00
-5.032236576e-01 -3.327276945e+00 -1.138713837e+00 -3.053803444e+00 -1.244243383e+00 -3.192464113e+00 -1.229645491e+00 -2.417509794e+00 -1.218886256e+00 -3.125927448e+00 -7.145403028e-01 -2.307199717e+00
-5.226780176e-01 -3.091922522e+00 -1.319635868e+00 -2.965819597e+00 -1.094709992e+00 -3.022174358e+00 -1.639217257e+00 -2.343054295e+00 -1.335152984e+00 -3.003178835e+00 -1.073834896e+00 -2.072304964e+00
1.812290698e-01 -2.547499180e+00 -1.270876169e+00 -2.188971758e+00 -2.999612093e-01 -2.442034483e+00 -1.419330478e+00 -2.347372055e+00 -6.192142963e-01 -2.235803604e+00 -4.200475216e-01 -1.607204199e+00
-6.158785224e-01 -1.556272626e+00 -5.989159346e-01 -1.832396030e+00 -3.227469027e-01 -1.441350102e+00 5.578284264e-01 -1.319730401e+00 -3.179760873e-01 -1.391156197e+00 6.076502800e-01 -1.669937253e+00
1.834442765e-01 -8.077821136e-01 1.434783936e-01 -9.264186025e-01 -1.909051389e-01 -7.334870696e-01 3.550770879e-01 -6.877843142e-01 2.165913582e-01 -6.525042653e-01 5.507951975e-01 -6.139647961e-01
-4.772905260e-03 -6.866455674e-01 1.146781087e+00 -1.238495827e+00 2.213580459e-01 -6.479936838e-01 7.678210139e-01 -1.010410309e+00 -5.895493086e-03 -6.056872606e-01 -3.610805795e-02 -6.912339926e-01
-2.738333941e-01 -3.715456426e-01 -2.394801378e-01 -5.004186034e-01 -3.903188109e-01 -3.141324818e-01 -1.352988929e-01 -4.106410444e-01 -2.702302933e-01 -2.657053471e-01 -1.265200600e-02 -2.829374075e-01
-2.193967551e-01 -1.292574704e-01 -3.032188118e-01 -9.115055948e-02 6.478751302e-01 -1.175440401e-01 -2.860854864e-01 6.930490956e-03 6.452251077e-01 -1.372409314e-01 -6.759852171e-03 1.289073676e-01
-5.013983250e-01 -2.601757050e-01 -2.994825691e-02 -4.052671790e-01 -1.992365271e-01 -1.847563833e-01 -1.813181043e-01 -2.016778737e-01 -5.804199725e-02 -1.827138960e-01 -5.258557796e-01 -1.836972088e-01
3.149942681e-02 -3.271954656e-01 1.336235255e-01 -5.024759769e-01 -1.943686008e-01 -2.482130677e-01 -6.660872102e-01 -2.767966092e-01 2.205362767e-01 -2.152464092e-01 -1.206502914e+00 -2.480559647e-01
-3.621261716e-01 -2.369081229e-01 -9.155673385e-01 -3.200899065e-01 -2.457686216e-01 -1.524771303e-01 -1.556431204e-01 -1.421273351e-01 -1.973352581e-01 -1.137863472e-01 2.688685060e-01 -1.029409021e-01
-2.108140290e-01 -6.380656362e-02 -2.087029368e-01 -1.053432673e-01 -1.545121968e-01 -2.601943724e-02 -8.813905716e-01 -5.274426937e-02 2.312032320e-02 -6.984089315e-02 -5.691100955e-01 -1.104045361e-01
-2.456098199e-01 -1.310225427e-01 -5.252154469e-01 -2.935998738e-01 3.444292247e-01 -1.052119359e-01 -8.259983361e-02 -1.120538116e-01 8.421239853e-01 -1.222714037e-01 -5.741649121e-02 -1.779889613e-01
6.501582265e-01 -9.791138768e-02 4.395006299e-01 -8.939047158e-02 4.273921549e-01 -6.020154804e-02 9.431117177e-01 -1.605735868e-01 -2.880585566e-02 -7.421661913e-02 3.879131675e-01 -2.021331340e-01
-2.947844565e-01 -8.601868153e-02 -8.980950117e-01 -2.372270375e-01 1.164476871e-01 -5.028151348e-02 -6.757804751e-01 -9.496807307e-02 4.334446192e-01 -7.034670562e-02 3.767143488e-01 -1.066314876e-01
-1.586215384e-02 -5.706633441e-03 7.578722239e-01 -2.764508128e-01 2.934851125e-02 1.613587514e-02 6.142685413e-01 -7.181799412e-02 -1.217781305e-01 -1.096473075e-02 -4.900836349e-01 -1.391381025e-01
-6.069855094e-01 8.716624975e-02 -1.007134318e+00 -5.201801062e-01 -1.581483483e-01 8.755180985e-02 -6.775088310e-01 -3.695494533e-01 4.547782540e-01 5.231112614e-02 4.971867502e-01 -2.787297964e-01
-2.311239541e-01 -6.557303667e-02 6.094544530e-01 -3.273435831e-01 -1.517347693e-01 -3.246712312e-02 3.976530433e-01 -2.829115689e-01 -1.145600453e-01 -1.036432106e-02 -1.176757663e-01 -3.151297271e-01
-2.721310556e-01 1.965282485e-03 -3.154427111e-01 -4.442132115e-01 -1.675380617e-01 2.254097722e-02 2.180619538e-01 -3.221839964e-01 2.534304559e-01 -2.797047608e-02 7.733209729e-01 -2.670913637e-01
-3.232404292e-01 -1.119879633e-01 7.925403118e-01 -2.365121990e-01 -4.641926289e-01 -1.199645326e-01 1.350571066e-01 -2.947950959e-01 -1.994333267e-01 -2.024375647e-01 -3.969402015e-01 -2.627313137e-01
2.889829576e-01 -2.479180396e-01 3.082991112e-03 -3.160412014e-01 3.816055655e-01 -2.627536952e-01 -1.296682805e-01 -3.126389980e-01 1.459793895e-01 -3.085664213e-01 3.599268496e-01 -3.492018282e-01
-1.561563015e-01 -2.253838778e-01 2.996085584e-01 -3.345611691e-01 1.215645820e-01 -1.861725599e-01 2.099532932e-01 -2.346658260e-01 3.013874888e-01 -1.722286642e-01 -4.407795966e-01 -1.711708307e-01
-1.021521837e-01 -2.383879721e-01 -6.112793088e-02 -3.408078253e-01 -2.823823094e-01 -2.008454800e-01 -1.407216042e-01 -3.082823753e-01 -1.218267605e-01 -2.078994513e-01 -5.171924233e-01 -2.518944442e-01
-4.469366670e-01 -1.050418615e-01 -1.920009777e-02 -3.525528610e-01 -2.690774202e-01 -8.818235248e-02 -1.106206030e-01 -3.066257834e-01 -4.285125732e-01 -9.567672014e-02 9.528855234e-02 -3.345865905e-01
1.186668798e-01 9.006692097e-03 1.139921993e-01 -8.476400375e-02 2.726104558e-01 1.310386881e-02 7.587174326e-02 3.107332997e-02 7.311540842e-02 -6.608168595e-03 4.771935940e-02 4.541778006e-03
5.016793311e-02 -5.382944364e-03 6.044610739e-01 -1.102530509e-01 5.872808695e-01 -5.667541642e-03 5.348489881e-01 2.011244558e-02 4.552355707e-01 -7.075775415e-02 -4.378866851e-01 -3.367177397e-02
-2.175828516e-01 -3.403490409e-04 -3.693614304e-01 -1.834506541e-01 3.311665654e-01 3.122916911e-03 -2.975676358e-01 -8.722753823e-02 3.972017765e-01 -5.115307495e-02 1.266382635e-01 1.354933437e-02
6.447467804e-01 -8.366657794e-02 6.721414924e-01 -3.854599968e-02 1.152696609e+00 -8.087865263e-02 9.630843401e-01 -1.093256380e-02 7.577429414e-01 -1.513760090e-01 6.133831739e-01 1.180639118e-01
2.858447433e-01 -5.644711480e-02 5.930678844e-01 -1.655753255e-01 1.117655635e+00 -5.485023186e-02 4.421833754e-01 -4.497835785e-02 1.051622987e+00 -9.309574962e-02 -4.084216952e-01 6.881720573e-02
2.640112489e-02 -1.478655487e-01 -4.348168373e-01 -3.733440042e-01 1.095188931e-01 -1.029818431e-01 -3.142345548e-01 -3.139807284e-01 -1.955996007e-01 -1.045303568e-01 -3.648569882e-01 -3.725733161e-01
-4.604236186e-01 -1.499356329e-01 -9.299494326e-03 -3.876793087e-01 -2.836143039e-02 -1.218077168e-01 1.904149055e-01 -2.169377804e-01 3.802675605e-01 -1.329455674e-01 8.200166374e-02 -1.954039484e-01
7.793757319e-02 -1.689403802e-01 4.018473625e-01 -3.194282651e-01 4.304462075e-01 -1.169935614e-01 4.906538725e-01 -1.733761579e-01 4.486191869e-01 -1.253578216e-01 1.054117158e-01 -6.491180509e-02
7.452108711e-02 -1.236741692e-01 -1.172870874e+00 -4.239259660e-01 -1.061401144e-01 -1.211729124e-01 -1.652796149e+00 -3.494946063e-01 4.993789196e-01 -1.232402474e-01 -2.713733017e-01 -2.066615969e-01
9.586089849e-02 -1.433303505e-01 1.537261963e+00 -2.761462927e-01 1.182708740e-01 -1.516148597e-01 1.343008161e+00 -2.922568321e-01 4.235933125e-01 -1.680757403e-01 6.644873023e-01 -1.989308745e-01
2.047165781e-01 -1.957834363e-01 3.939737678e-01 -3.040089011e-01 4.224014282e-01 -1.529109180e-01 3.381567895e-01 -1.541393548e-01 5.153598189e-01 -1.439647079e-01 8.709828258e-01 -1.479792297e-01
7.373940945e-01 -1.227964908e-01 1.013690233e+00 -2.917923927e-01 4.188885093e-01 -1.414986998e-01 3.760576844e-01 -2.480399758e-01 -4.001349676e-03 -1.474829763e-01 -7.401807308e-01 -1.702625006e-01
-1.826542020e-01 -8.806882799e-02 -1.058040023e+00 -2.686251998e-01 -4.209253564e-02 -1.259102821e-01 -3.433418274e-01 -2.284114659e-01 -2.224381119e-01 -1.587972194e-01 3.954323232e-01 -2.359396219e-01
1.990372837e-01 -1.044095606e-01 5.192422271e-01 -1.007691920e-01 2.537317276e-01 -1.265608817e-01 -3.612214327e-02 -1.059480608e-01 3.393429220e-01 -1.635807604e-01 -7.623191476e-01 -7.282642275e-02
-1.252667513e-02 -9.086811543e-02 -4.283829629e-01 -6.962440163e-02 -6.239244714e-03 -7.506808639e-02 -2.503602952e-02 -1.483211480e-02 2.253605723e-01 -7.114659995e-02 3.267098218e-02 -3.771198541e-02
1.141674295e-01 -7.502621412e-02 -4.760894179e-02 -6.896175444e-02 1.732679605e-01 -1.795984805e-02 -4.677614868e-01 6.331530958e-02 3.281923234e-01 -2.023774199e-02 -4.134917855e-01 2.123199403e-02
-7.049148530e-02 -1.069046855e-01 -1.244517267e-01 -1.518646032e-01 1.264327914e-01 -8.984542638e-02 -1.946603954e-01 -1.302248389e-01 1.043619141e-01 -1.340148598e-01 -4.313698411e-01 -1.718945950e-01
9.373307824e-01 -1.928326041e-01 -7.561810315e-02 -1.041849405e-01 4.159628451e-01 -2.689756751e-01 3.359262645e-01 -1.401312351e-01 2.065049112e-01 -3.243380785e-01 4.109232724e-01 -2.784694135e-01
-3.198244795e-02 -2.948687673e-01 1.150916442e-01 -2.793201506e-01 6.260883063e-02 -3.458653390e-01 2.946957350e-01 -2.436425537e-01 4.315030575e-01 -3.666350245e-01 2.910054028e-01 -2.492380738e-01
4.270762503e-01 -5.708409548e-01 3.176762760e-01 -5.324561000e-01 6.082293764e-02 -6.656481028e-01 8.464177847e-01 -5.504782200e-01 3.519780040e-01 -6.865703464e-01 5.452609658e-01 -5.863104463e-01
1.730005145e-01 -5.474216342e-01 4.479135871e-01 -5.911545753e-01 2.205430269e-01 -6.565438509e-01 1.788494289e-01 -4.202672541e-01 4.329416156e-01 -7.038688064e-01 -1.375612915e-01 -4.872934222e-01
5.905846953e-01 -7.454870343e-01 -6.054098010e-01 -5.788096786e-01 9.239065647e-02 -8.941217065e-01 1.144377217e-01 -5.858491063e-01 -1.145935729e-01 -9.782688618e-01 4.875808954e-01 -7.629777193e-01
-1.492218301e-02 -1.071413398e+00 4.520404637e-01 -8.002042174e-01 -2.625700831e-01 -1.163944602e+00 -2.230654061e-01 -9.172229171e-01 -2.421010435e-01 -1.216593027e+00 -1.855656654e-01 -9.164896607e-01
-2.756737769e-01 -1.829817295e+00 5.170205832e-01 -1.505078554e+00 -6.717824340e-01 -1.809822559e+00 1.360279471e-01 -1.560718060e+00 -8.007157445e-01 -1.821424007e+00 5.830881372e-02 -1.329062462e+00
1.100037172e-01 -1.895987868e+00 6.383438110e-01 -1.957774997e+00 -8.395615220e-01 -1.763401389e+00 -9.670781903e-03 -1.932201982e+00 -6.239570975e-01 -1.634049058e+00 -4.532688260e-01 -8.005434275e-01
6.377648115e-01 -4.018074870e-01 -9.629920125e-01 4.218705930e-03 5.591939688e-01 -2.914869785e-01 -5.102068782e-01 -2.896269038e-02 -2.933230996e-02 -6.876996160e-02 -3.070217073e-01 1.030717731e+00
2.119636536e+00 1.395699382e+00 -1.082119271e-01 2.786730289e+00 2.120941401e+00 1.513112187e+00 -5.709177256e-02 3.037991762e+00 9.571142197e-01 1.601995468e+00 7.713389993e-01 2.341373920e+00
2.438250333e-01 4.084593356e-01 -1.060508609e+00 6.660968065e-01 1.802538633e-01 6.802049875e-01 -1.337939024e+00 1.702279329e+00 -3.577159718e-02 9.587725401e-01 -1.598139703e-01 2.501336575e+00
-7.636028528e-01 5.316210911e-02 -5.778837800e-01 3.350529969e-01 -5.037707090e-01 1.884430051e-01 -9.736750722e-01 1.282702684e-01 -2.055449784e-01 4.562735856e-01 -1.121409297e+00 1.486764908e+00
-4.324826896e-01 -1.956015587e+00 -1.574757218e+00 -1.295346618e+00 6.127408743e-01 -1.848362446e+00 -7.958387136e-01 -7.214972973e-01 3.335584700e-01 -1.681252718e+00 3.262918070e-02 -5.230925679e-01
9.914411902e-01 -2.623439074e+00 2.700024843e-01 -1.974716425e+00 6.629225612e-01 -2.475927591e+00 5.280602574e-01 -1.857616067e+00 3.613091633e-02 -2.512764454e+00 1.302253008e-01 -1.993604064e+00
-3.669298291e-01 -1.337452650e+00 1.976520866e-01 -1.704417109e+00 -4.732152820e-01 -1.164346814e+00 9.921212196e-01 -1.059494257e+00 -3.124273419e-01 -1.076898575e+00 1.265631616e-01 -7.088343501e-01
-8.034824580e-02 -1.011474729e+00 5.085130036e-02 -1.113345861e+00 1.116141602e-01 -8.827621937e-01 8.229042888e-01 -8.550923467e-01 -3.471668959e-01 -7.802182436e-01 9.281890988e-01 -6.112427115e-01
1.950501353e-01 -7.379724383e-01 6.414338350e-01 -5.040954947e-01 -5.753862858e-01 -7.026631236e-01 2.972506285e-01 -6.171140075e-01 -1.995765418e-01 -6.890150905e-01 -1.722802818e-01 -6.573928595e-01
-4.038346708e-01 -1.002779245e+00 -7.305753231e-02 -8.831956387e-01 -8.138328791e-01 -9.524891376e-01 -1.071165800e-01 -1.027104020e+00 -9.188514352e-01 -8.845763206e-01 -4.613596946e-02 -1.086836219e+00
-6.104433537e-01 -6.001316905e-01 3.335214555e-01 -7.379509807e-01 -6.303661466e-01 -5.829974413e-01 5.522994399e-01 -5.722110271e-01 -8.116252720e-02 -5.547385812e-01 2.520127296e-01 -4.758211970e-01
-6.005674005e-01 -1.918413192e-01 5.500124693e-01 -3.317250311e-01 -5.613995194e-01 -2.517727315e-01 3.671512306e-01 -3.603948057e-01 -5.620604157e-01 -2.318765819e-01 -1.923114359e-01 -3.329871297e-01
-6.662722230e-01 -1.092887074e-01 -3.340943456e-01 -4.374505952e-02 -9.392747879e-01 -1.231448576e-01 -4.080044925e-01 -1.517368257e-01 -1.172922969e+00 -1.056803092e-01 -7.281298041e-01 -2.548301816e-01
-4.741083384e-01 -1.596693099e-01 -6.681193709e-01 -1.365431398e-01 -3.315409422e-01 -1.787285060e-01 -4.133352339e-01 -1.553764939e-01 -5.102561414e-02 -1.634601057e-01 1.855300553e-02 -1.125668809e-01
-2.768614143e-02 -2.369341701e-01 1.920824200e-01 -1.192763299e-01 -3.548001349e-01 -2.093561143e-01 2.719715238e-01 -1.874573082e-01 -4.262826443e-01 -2.138863951e-01 3.294454813e-01 -2.382995635e-01
-8.981964588e-01 -1.402992755e-01 1.851572692e-01 -5.220944062e-02 -7.740703225e-01 -1.509256363e-01 1.408691853e-01 -4.356194288e-02 -4.260956347e-01 -1.334843487e-01 3.681077659e-01 -7.713723183e-02
2.358763069e-01 -6.221255660e-02 7.545462251e-02 2.555450201e-01 -4.471910596e-01 -6.988999248e-02 -2.661730687e-04 1.201090962e-01 -5.005664229e-01 -6.990879029e-02 -2.504845895e-02 5.100893229e-02
-1.741815954e-01 -1.192522328e-02 -4.853071272e-01 1.568527818e-01 -5.378133655e-01 1.762384921e-02 -3.472074270e-01 1.008996665e-01 -6.379713416e-01 5.148799717e-02 -4.255571961e-01 5.370562524e-02
-2.378716022e-01 4.138530046e-02 -5.213366821e-02 1.307424903e-01 -2.229811400e-01 4.791984707e-02 1.551118493e-01 1.442248225e-01 -6.795437634e-02 4.821634293e-02 3.237938881e-01 2.081852704e-01
-5.547241867e-02 5.659537390e-02 1.068315655e-01 2.848838568e-01 -1.749501228e-01 1.121900827e-01 1.763142496e-01 2.323154807e-01 -6.143759489e-01 1.242484450e-01 6.582617760e-02 2.177152634e-01
1.747835428e-01 1.212039143e-01 -1.859248728e-01 3.774318397e-01 4.285593033e-01 1.379894316e-01 -2.376170456e-01 3.251933753e-01 -4.648150504e-01 1.311576813e-01 -9.945434332e-01 1.781816036e-01
3.820485175e-01 3.323249146e-02 -2.353979498e-01 1.608104855e-01 1.096215367e+00 8.079055697e-03 9.694456458e-01 2.723134458e-01 1.369322389e-01 -1.698397100e-02 8.678085208e-01 3.503026441e-02
4.069835544e-01 -5.897665396e-02 1.035178542e+00 9.507931769e-02 9.892307222e-02 -6.352416426e-02 7.070440650e-01 6.983209401e-02 1.454298757e-02 -1.383822560e-01 5.780097842e-01 -1.679538190e-02
3.767037392e-01 6.249507889e-02 3.130588830e-01 2.093442231e-01 1.683418304e-01 1.839113049e-02 6.896552444e-01 2.265285999e-01 1.522786766e-01 -7.255100645e-03 4.847462773e-01 1.789841503e-01
-2.327854186e-01 -1.291674003e-02 4.855903983e-01 1.445557773e-01 -4.316465259e-01 -4.088848829e-02 2.993219197e-01 1.026752219e-01 -4.484055936e-01 -4.107146338e-02 -1.140067801e-01 1.203911379e-03
-4.007665217e-01 -1.229927409e-03 -2.542770840e-02 -4.334397614e-02 -1.038296223e+00 -3.719311953e-02 2.201432437e-01 -5.854205042e-02 -3.066888750e-01 -1.835475676e-02 2.382927388e-01 -6.339543313e-02
1.195145175e-01 -9.372480214e-02 6.333855987e-01 2.914107218e-02 -3.881909698e-02 -1.251559705e-01 4.579485953e-01 4.642914981e-02 -7.043414712e-01 -1.457107365e-01 1.345236748e-01 -1.593933105e-01
-1.514555067e-01 -1.044138521e-01 6.373571604e-02 1.132745817e-01 9.135603905e-02 -1.177991033e-01 2.586363852e-01 9.729965776e-02 -6.533970237e-01 -1.486151069e-01 -1.156738102e-01 -6.305328012e-02
-3.168523312e-01 -6.210511923e-02 -1.468622983e-01 -8.867938071e-02 -1.217496991e-01 -4.864209145e-02 -3.535706103e-01 -4.114137590e-02 -4.092662930e-01 -3.246859834e-02 -6.252165437e-01 -5.524110794e-02
1.330438554e-01 -1.009235680e-01 -3.951983154e-01 -1.830441654e-01 9.687650949e-02 -8.642548323e-02 -2.088724673e-01 -8.913961798e-02 -1.427728087e-01 -7.993832231e-02 -1.276062578e-01 -5.935316533e-02
2.145716101e-01 -3.799010813e-02 1.979893073e-02 -1.047079861e-01 6.238479540e-02 -4.507059976e-02 -2.110846490e-01 -4.497430474e-02 4.472621381e-01 -5.669754371e-02 -1.879321337e-01 2.144911140e-02
6.632567644e-01 6.643532217e-02 -1.520239413e-01 -2.348062769e-02 5.061613321e-01 3.877086565e-02 1.224283315e-02 4.757092148e-02 2.011909932e-01 5.073223263e-02 6.390257925e-02 8.769815415e-02
8.555144668e-01 7.299163938e-02 2.411380261e-01 1.149895042e-01 6.546948552e-01 2.269130945e-02 1.731035411e-01 1.558892429e-01 4.383521676e-01 7.327761501e-03 -1.882880479e-01 5.016268790e-02
8.282072544e-01 6.706057489e-02 1.540367156e-01 1.323126704e-01 8.323704004e-01 2.108494006e-02 -1.674259156e-01 2.139889151e-01 6.572549343e-01 8.739390224e-02 -1.831360459e-01 2.663636506e-01
3.308764696e-01 -2.596268430e-03 -2.403120846e-01 4.848833382e-02 7.552443072e-03 -2.234766260e-03 -4.724686444e-01 4.785080254e-02 -2.858841419e-01 2.514703386e-02 -5.769334435e-01 2.079660073e-03
4.413824379e-01 1.927765645e-02 2.224036306e-02 1.995609552e-01 5.637859702e-01 1.835388131e-02 1.208365634e-01 2.740517557e-01 2.814262509e-01 -2.314777300e-02 1.888215542e-02 1.823059022e-01
4.927681088e-01 1.558158733e-02 6.102084299e-04 1.350173354e-01 5.740942433e-03 1.991588157e-03 1.923849732e-01 1.193505079e-01 3.036763668e-01 -2.211375721e-02 1.794089824e-01 2.254872471e-01
4.415508211e-01 9.959790111e-02 4.775460958e-01 1.067601666e-01 3.945955336e-01 9.513422102e-02 4.015310705e-01 1.627972424e-01 3.354540765e-01 1.272121817e-01 -3.795332089e-02 1.907048970e-01
4.496609271e-01 3.963639587e-02 -2.521081567e-01 7.578614354e-02 5.934123993e-01 5.330591928e-03 -3.501629531e-01 1.892478019e-01 6.416094303e-01 1.727988571e-02 -3.549476266e-01 2.492714822e-01
5.161592364e-01 -3.723180294e-02 -2.161087841e-01 2.130901963e-01 4.566835761e-01 -6.681496650e-02 -2.460822910e-01 1.746312380e-01 5.013338923e-01 -6.456914544e-02 -3.480556011e-01 1.788320690e-01
4.779023528e-01 -1.632719189e-01 -1.496596336e-01 1.351106465e-01 5.346162319e-01 -1.967629939e-01 -2.636325359e-01 1.361037940e-01 1.099045798e-01 -2.397877872e-01 -4.457024336e-01 4.307473078e-02
7.628307492e-02 -4.574123025e-01 -4.208741188e-01 -3.258604705e-01 9.810198098e-02 -5.263299942e-01 -2.925879061e-01 -2.806538343e-01 -3.397843838e-01 -5.822032690e-01 -3.579618931e-01 -4.494895339e-01
-3.612741232e-01 -3.569509685e-01 -3.951452076e-01 -2.737343311e-01 -1.664610207e-01 -4.142117500e-01 -2.116118968e-01 -2.250475138e-01 5.590632558e-01 -4.311597943e-01 -2.877577841e-01 -2.009992152e-01
4.817239046e-01 -3.314508796e-01 -2.789371908e-01 -4.378826171e-02 -2.046923339e-01 -3.227852583e-01 -2.476592511e-01 -1.081370786e-01 -4.752943814e-01 -3.204847872e-01 -2.963823080e-01 -1.719810814e-01
1.397576332e-01 3.217775375e-02 -7.179123163e-02 2.073123604e-01 5.080893040e-01 3.787059337e-02 -9.901443124e-02 3.478055894e-01 7.725156546e-01 4.711246863e-02 -3.398815393e-01 4.127313495e-01
8.777287006e-01 1.141851693e-01 -3.211477399e-01 4.265334606e-01 4.581235945e-01 1.220206469e-01 -3.307843804e-01 3.838737011e-01 5.808284283e-01 1.259109825e-01 -3.327514231e-01 4.337665439e-01
4.695450366e-01 2.025218755e-01 -5.939393118e-02 3.932221532e-01 3.702315986e-01 2.114310563e-01 -9.831850231e-02 4.289778769e-01 2.374492437e-01 2.117483616e-01 -1.807398051e-01 4.417430162e-01
8.978316188e-01 3.601512611e-01 -1.201092079e-01 7.149652839e-01 5.944896936e-01 3.320262432e-01 -1.858690679e-01 6.315906048e-01 8.310722709e-01 3.021194339e-01 4.456947371e-02 5.848376155e-01
7.235673666e-01 3.619838059e-01 3.647510409e-01 5.955275297e-01 6.569164395e-01 3.624260426e-01 2.466987073e-01 6.298767328e-01 5.410050750e-01 3.953801394e-01 -1.292537712e-02 5.732629299e-01
6.128775477e-01 4.791453481e-01 -2.835948765e-01 6.591490507e-01 6.886357069e-01 4.440536499e-01 -3.495073318e-01 7.173842192e-01 9.574464560e-01 4.243478179e-01 -4.535818398e-01 6.033812761e-01
9.345408678e-01 5.094920993e-01 -6.417803764e-01 8.094912171e-01 6.317673922e-01 4.344800413e-01 -6.705924273e-01 6.694232821e-01 5.053715110e-01 3.903752267e-01 -3.677374423e-01 5.392418504e-01
5.629619956e-01 4.049458802e-01 -2.044876963e-01 5.933581591e-01 3.404117525e-01 4.093044698e-01 -3.827882111e-01 5.626971722e-01 4.086021781e-01 4.718932211e-01 -4.580313861e-01 6.177348495e-01
5.944327116e-01 3.490736485e-01 -3.981895447e-01 6.131244302e-01 7.629615068e-01 3.422468603e-01 1.894869804e-01 5.887682438e-01 7.084912658e-01 4.214946628e-01 4.968423545e-01 5.614035726e-01
7.674446106e-01 2.205973566e-01 5.107995272e-01 5.758283734e-01 5.770113319e-02 2.565807402e-01 -3.605063260e-01 4.949519336e-01 -4.163578898e-02 3.495672047e-01 -7.298774719e-01 4.397262931e-01
8.380102515e-01 6.244513988e-01 -2.759152353e-01 5.426360369e-01 1.972175121e+00 5.096392632e-01 -1.240589693e-01 7.471663952e-01 2.388146400e+00 5.346866250e-01 1.212382317e+00 8.249468207e-01
1.868525982e+00 -4.680888951e-01 1.296270013e+00 1.196113154e-01 -5.324822664e-01 -5.872521996e-01 3.461971581e-01 -4.831382334e-01 -1.058770418e+00 -6.664397120e-01 4.121776819e-01 -8.134058118e-01
-8.071247935e-01 -9.014661312e-01 1.418423802e-01 -1.106645107e+00 6.086073071e-02 -8.305472732e-01 5.631442666e-01 -6.767385006e-01 -4.418276250e-01 -8.162377477e-01 8.286123723e-02 -7.544572949e-01
-8.957163095e-01 -9.044350386e-01 -5.987204313e-01 -1.190263033e+00 -2.052161694e+00 -9.226039052e-01 -1.480811715e+00 -1.314312577e+00 -1.756213546e+00 -8.334957957e-01 -1.196113110e+00 -1.204788685e+00
-1.275894523e+00 -1.126377463e+00 -4.089916646e-01 -1.420964599e+00 -1.041411042e+00 -9.532262683e-01 -4.151082933e-01 -1.094520688e+00 -2.184276581e+00 -7.979283929e-01 2.150129341e-02 -9.971191287e-01
-1.073671460e+00 -6.672145724e-01 -8.514441848e-01 -6.914291382e-01 -1.896186829e+00 -5.736306310e-01 -1.435229421e+00 -7.078836560e-01 -1.545754910e+00 -4.643511176e-01 -1.647067666e+00 -6.271103621e-01
-2.344943136e-01 4.570477903e-01 5.689972639e-02 4.466301203e-01 4.816886783e-01 4.605544209e-01 3.668220341e-02 5.311764479e-01 1.327614665e+00 4.711944759e-01 -8.667533994e-01 6.586850286e-01
7.436655164e-01 6.692616940e-01 -5.220020413e-01 8.340224624e-01 1.324339807e-01 5.822083950e-01 -4.640841484e-01 5.685325265e-01 4.657060802e-01 5.094132423e-01 -3.540109992e-01 5.519284606e-01
5.624347925e-01 5.386049747e-01 3.736431599e-01 8.198930621e-01 6.218154430e-01 4.665260017e-01 4.246672690e-01 7.137546539e-01 7.295441628e-01 4.404624701e-01 2.831968963e-01 6.616263986e-01
2.383913100e-01 9.376947582e-02 1.177053824e-01 4.306577444e-01 2.201353908e-01 2.241295576e-02 3.227637410e-01 4.218419790e-01 2.643450499e-01 -6.919605285e-02 1.178340614e-02 2.817008495e-01
-1.914351135e-01 -1.115885973e-01 7.517045736e-01 1.008913517e-01 1.985905617e-01 -1.156339869e-01 1.736573577e+00 3.401334882e-01 2.463432550e-01 -1.578977853e-01 1.127517104e+00 3.020147979e-01
4.951033741e-02 -9.675447643e-02 -2.566908300e-01 1.945687383e-01 -2.018619478e-01 -1.259137839e-01 -3.767785728e-01 2.119167447e-01 -1.299538761e-01 -1.607128531e-01 -2.395280600e-01 1.820274144e-01
