-2.007143646e-01 1.014124274e+00 -1.297732592e-01 3.071292043e-01 -2.312227339e-01 1.278335333e+00 -3.968277574e-01 6.215760112e-01 6.176219583e-01 1.539366484e+00 -7.420778275e-01 1.377732635e+00
7.265547514e-01 1.489684939e+00 -1.641246438e+00 1.033753514e+00 1.653368235e+00 1.874999046e+00 -1.693233848e+00 1.728779912e+00 2.196192503e+00 2.225733042e+00 -1.268284202e+00 3.287981272e+00
-1.894348562e-01 1.848912835e+00 -1.391307950e+00 1.308246732e+00 6.601016521e-01 2.207569122e+00 -2.617446184e+00 1.373836398e+00 2.139134407e+00 2.567632437e+00 -3.056474924e+00 4.075479031e+00
-2.111770958e-01 2.032038689e+00 -3.798603296e+00 2.541540384e+00 1.330935359e+00 2.192220688e+00 -3.548221111e+00 2.160521030e+00 8.271144629e-01 2.324767828e+00 -2.927699566e+00 3.467098951e+00
-3.612647951e-01 1.879504442e+00 -3.417343855e+00 2.612972736e+00 1.438217640e+00 1.984522700e+00 -3.859521389e+00 2.222778320e+00 1.589940786e+00 2.057989836e+00 -3.458007097e+00 3.220365286e+00
7.232864499e-01 2.580224276e+00 -2.126425028e+00 2.779013634e+00 1.450008035e+00 2.891494513e+00 -2.932796478e+00 2.187571764e+00 1.735838652e+00 3.127553701e+00 -2.411025047e+00 3.948645830e+00
2.853821218e-01 2.746253729e+00 -1.473020911e+00 2.758811951e+00 1.335377693e+00 3.036963940e+00 -1.484421134e+00 2.033612967e+00 2.029585838e+00 3.310823202e+00 -1.357596755e+00 3.849074602e+00
6.877036095e-01 2.396070719e+00 -1.041803241e+00 2.481596708e+00 8.053441644e-01 2.567799568e+00 -7.744616270e-01 1.684284806e+00 1.218358755e+00 2.816158533e+00 -3.082253337e-01 2.360750437e+00
1.083557248e+00 1.538437724e+00 2.664612830e-01 1.325836897e+00 1.066806912e+00 1.620929837e+00 3.683368862e-01 1.224069834e+00 1.202550054e+00 1.748399854e+00 5.075168014e-01 1.603167772e+00
6.009727716e-01 8.617385030e-01 2.773574181e-02 7.735064626e-01 8.514226675e-01 8.421400189e-01 -2.088787109e-01 7.047477365e-01 9.699146152e-01 8.436506987e-01 -4.927585423e-01 8.102152944e-01
3.762018085e-01 5.018934011e-01 -8.065634966e-01 3.873268068e-01 2.022886872e-01 5.037348866e-01 -7.589884996e-01 3.238202631e-01 6.586276293e-01 5.304210782e-01 -6.879540086e-01 4.684929848e-01
3.458102643e-01 4.687877595e-01 -8.823572397e-01 3.763942122e-01 8.460279703e-01 4.609844983e-01 -5.286538601e-01 4.142951071e-01 8.620371819e-01 4.903411865e-01 -2.921967804e-01 4.305031896e-01
7.353680730e-01 3.259113133e-01 -7.954918742e-01 2.439360619e-01 5.356849432e-01 3.293179870e-01 -1.379618406e+00 2.196771502e-01 7.736340165e-01 3.765130639e-01 -1.044610500e+00 2.744174898e-01
4.677383006e-01 4.006803930e-01 -1.100482345e+00 1.677184552e-01 5.341161489e-01 4.911532104e-01 -2.653180957e-01 1.807237864e-01 4.312131107e-01 6.364965439e-01 2.657668591e-01 3.797980547e-01
6.446751207e-02 7.304495573e-01 1.372204162e-02 4.435208738e-01 -1.821124554e-01 9.105700850e-01 4.511155784e-01 4.769629538e-01 -3.178339824e-02 1.144556522e+00 5.347693563e-01 6.858409643e-01
4.062824696e-02 1.329639435e+00 2.045682669e-01 7.725650668e-01 4.424149692e-01 1.433502436e+00 3.331182599e-01 7.117590308e-01 5.964422822e-01 1.617590189e+00 1.579575986e-01 1.043201923e+00
7.601530552e-01 1.597354770e+00 9.246030450e-02 1.167726636e+00 7.241315842e-01 1.588976026e+00 4.669458866e-01 9.285837412e-01 7.959793806e-01 1.636683464e+00 8.110011816e-01 8.973543048e-01
4.032208622e-01 1.590800762e+00 1.379618764e+00 9.928274751e-01 8.924092054e-01 1.518907309e+00 1.352243900e+00 1.136321306e+00 1.143091202e+00 1.494556427e+00 1.315926671e+00 9.201552868e-01
3.474475741e-01 1.322173119e+00 8.225323558e-01 6.214241385e-01 3.651095033e-01 1.385581732e+00 1.081101656e+00 1.206430078e+00 2.982468307e-01 1.504088521e+00 2.777156353e+00 8.411962390e-01
1.825103045e+00 8.319835067e-01 2.898464918e+00 8.001154661e-01 4.425732791e-01 9.253513813e-01 3.954307318e+00 1.122833490e+00 1.966301538e-02 1.053475142e+00 4.085831642e+00 1.128335595e+00
6.474360079e-02 1.043225169e+00 3.472856283e+00 4.509350955e-01 7.830396891e-01 1.189918876e+00 1.555662155e+00 7.413966060e-01 4.227175415e-01 1.356514812e+00 -4.524160326e-01 1.189241886e+00
7.509294748e-01 1.376628280e+00 -1.757848382e+00 1.185840249e+00 1.000881314e+00 1.367710233e+00 -1.251992464e+00 1.123817086e+00 9.459508061e-01 1.371582985e+00 1.714558601e-01 1.003308535e+00
7.326426506e-01 4.207904041e-01 1.214954257e+00 2.438785732e-01 3.711418808e-01 4.332340062e-01 9.261078835e-01 2.637438178e-01 -3.837716281e-01 5.145109296e-01 1.219941735e+00 2.728349268e-01
-1.268693507e-01 4.031278193e-01 -2.227479368e-01 1.109894291e-01 1.973722130e-02 3.936966062e-01 2.659971416e-01 1.281257868e-01 9.411444664e-01 4.235410094e-01 8.971815705e-01 3.421994150e-01
-7.638131827e-02 -8.268296719e-02 8.495266438e-01 -6.982681900e-02 1.835060418e-01 -1.294241101e-01 8.425673246e-01 -8.147536218e-02 3.459273875e-01 -1.325537711e-01 -2.555887699e-01 -1.075994968e-01
-5.997757912e-01 -5.018889308e-01 -3.478039801e-01 -6.138998270e-01 -6.861617565e-01 -5.372868776e-01 -3.766151667e-01 -6.378070712e-01 -5.770840645e-01 -5.515186787e-01 -1.352653950e-01 -7.251742482e-01
-3.158497810e-01 -3.787573278e-01 -3.755441904e-01 -5.564801097e-01 -4.464745522e-01 -3.568224311e-01 -4.124190211e-01 -5.107963085e-01 -2.860723436e-01 -2.847656906e-01 -6.100586057e-01 -4.841112792e-01
-4.209711552e-01 3.635410219e-03 -4.342800975e-01 -1.494264752e-01 -8.950083703e-02 -3.433127701e-02 -2.755095363e-01 -1.114146858e-01 3.748030365e-01 -1.602004655e-02 -3.302370608e-01 -1.044308543e-01
4.509456158e-01 3.254298121e-03 -1.967146993e-01 1.915892214e-02 2.454708517e-01 -3.149166703e-02 -3.564165831e-01 2.458037809e-03 4.304651543e-02 -3.171435092e-04 -2.842373401e-02 -8.592849970e-02
-1.612432301e-01 -5.923208222e-02 -4.440131783e-01 3.917499632e-02 -9.996143728e-02 -1.206295267e-01 -2.233107835e-01 -7.997339964e-02 1.221059188e-01 -1.311494559e-01 -2.264812887e-01 -2.253143787e-01
-4.317973554e-01 -1.647287309e-01 -6.803908348e-01 -1.893362701e-01 -3.409149945e-01 -2.022729963e-01 -1.041551828e+00 -1.952131093e-01 -3.898717761e-01 -1.734517664e-01 -9.365186691e-01 -2.823420763e-01
1.495257467e-01 -1.990389824e-01 -3.194952607e-01 -1.379164159e-01 -1.215552539e-01 -2.034392953e-01 -8.704911172e-02 -1.159185916e-01 -3.013769686e-01 -1.321915239e-01 2.801509760e-02 -2.078551054e-01
4.280241728e-01 1.242865920e-01 7.175660133e-01 1.332468688e-01 -1.358783543e-01 1.222500950e-01 9.582771063e-01 1.867721528e-01 -3.304148093e-02 2.123167962e-01 5.893064737e-01 1.008245647e-01
8.690091968e-01 3.686954677e-01 -5.272004604e-01 4.352570474e-01 9.629683495e-01 2.744207382e-01 -6.032705307e-01 4.317725301e-01 8.503482342e-01 2.658191919e-01 -7.260949910e-02 3.407652676e-01
7.384458780e-01 2.694864273e-01 8.330844641e-01 3.120838404e-01 6.779605746e-01 1.528200358e-01 5.300594568e-01 2.705337107e-01 4.242297411e-01 6.663922966e-02 5.382320881e-01 2.571393549e-01
8.981156349e-01 1.164423227e-01 6.818689108e-01 1.060208604e-01 8.780442476e-01 3.405553102e-02 -7.452826202e-02 1.575451195e-01 1.011234760e+00 -4.414610937e-02 -2.195475340e+00 -6.750226952e-03
-1.026487425e-01 9.855160117e-02 -2.589138746e+00 -1.017027572e-01 7.386275530e-01 1.783534698e-02 -8.114758730e-01 8.746202290e-02 1.023390293e+00 -4.543201998e-02 1.510374427e+00 1.553846598e-01
1.170793176e+00 1.674690992e-01 2.028601885e+00 3.232247233e-01 1.113465428e+00 1.092880815e-01 5.354941487e-01 2.357115299e-01 1.042073250e+00 7.862557471e-02 -3.877467215e-01 2.555471659e-01
1.549732685e-01 2.142706886e-02 -9.662743807e-01 5.470537394e-02 4.437212944e-01 -1.334466226e-02 -1.572759748e+00 1.553386897e-01 5.397011042e-01 -8.160485327e-02 -1.580673695e+00 8.091220260e-02
-5.236050487e-01 -5.188566074e-02 -4.830203950e-01 -2.411433607e-01 -4.932136834e-01 -4.200152308e-02 -6.895405054e-01 -1.427545547e-01 8.144737482e-01 -5.890255049e-02 -3.113582730e-01 -8.248227835e-02
1.696223021e+00 -1.285520792e-01 3.874082863e-01 7.136511058e-02 7.722482681e-01 -1.590655446e-01 5.325608253e-01 4.575597122e-03 7.857831717e-01 -1.907716542e-01 -4.898761958e-02 -1.067540348e-01
3.477332890e-01 -3.838582337e-01 5.655445531e-02 -4.749381840e-01 -2.654200494e-01 -3.803006411e-01 -2.599565983e-01 -4.756069183e-01 -3.617202342e-01 -3.518045843e-01 -1.844630092e-01 -4.735544920e-01
-1.029659152e+00 -4.221265018e-01 -1.668409944e+00 -8.917496800e-01 -8.429471254e-01 -4.047774076e-01 -3.150206804e-01 -8.708062768e-01 -4.098877013e-01 -3.750660717e-01 -1.116585732e-01 -6.741346121e-01
-3.349713683e-01 -4.147979915e-01 -7.467319369e-01 -8.125829101e-01 -8.752132952e-02 -3.651522696e-01 9.848998785e-01 -6.237512231e-01 6.719268560e-01 -3.569361567e-01 2.169758797e+00 -3.073044419e-01
7.617810965e-01 -3.838779032e-01 1.341111183e+00 -6.119707823e-01 2.523915768e-01 -3.772984147e-01 -3.934701681e-01 -5.976378918e-01 -9.130468220e-02 -3.725015223e-01 -8.844023347e-01 -5.917161107e-01
1.511731386e+00 -1.352685690e-01 3.612193167e-01 -2.759940028e-01 1.222089648e+00 -1.719747633e-01 1.945836902e+00 -4.449760914e-02 6.365360022e-01 -1.835697740e-01 1.844333410e+00 7.494908571e-02
2.950215638e-01 -9.846702218e-02 9.287352562e-01 -2.448927462e-01 6.161407232e-01 -1.333186924e-01 1.516719609e-01 -2.402788103e-01 1.103325725e+00 -1.363158077e-01 2.755689919e-01 -1.245261431e-01
-5.917630196e-01 -1.509194374e-01 -8.826956749e-01 -5.142760873e-01 2.488104552e-01 -1.314860880e-01 -6.320176125e-01 -5.078547001e-01 5.194006562e-01 -1.382221431e-01 -4.785167873e-01 -1.366854906e-01
5.809312314e-02 -1.895072684e-02 2.584740706e-02 -4.773115814e-01 2.125539333e-01 -3.659497201e-02 4.937634766e-01 -4.310985506e-01 1.004599571e+00 -8.752618730e-02 1.326619744e+00 -2.755836844e-01
8.295940161e-01 -1.938336194e-01 1.111206889e+00 -4.299564362e-01 2.800906599e-01 -2.278005332e-01 -2.622817755e-01 -4.532682300e-01 1.228674352e-01 -2.550284863e-01 -1.529794693e+00 -4.233009219e-01
-1.532554179e-01 -1.567906886e-01 -1.169897318e+00 -5.486002564e-01 7.732078433e-01 -1.623805016e-01 7.554236650e-01 -3.776805103e-01 6.395141482e-01 -1.994601935e-01 1.026104808e+00 -2.687117755e-01
4.959398508e-02 -3.124528825e-01 -3.831755742e-02 -4.586026371e-01 -4.383807778e-01 -3.351459503e-01 -2.630527914e-01 -4.368237555e-01 1.322937757e-01 -3.366649747e-01 -5.990966558e-01 -4.425123036e-01
7.770954370e-01 -3.651634157e-01 -1.539888382e-01 -3.715988696e-01 3.649043441e-01 -3.728285134e-01 -6.698425114e-02 -3.719210923e-01 -1.045225374e-02 -3.603205979e-01 -7.539346069e-02 -5.343127251e-01
1.045415178e-01 -3.540897071e-01 -3.246232271e-01 -6.082655191e-01 5.785286427e-01 -3.332698941e-01 -3.987481892e-01 -5.217877626e-01 2.029477358e-01 -3.098130822e-01 -1.397032291e-02 -4.132860899e-01
8.344479799e-01 -2.942954600e-01 3.977710903e-01 -3.277193308e-01 8.426009417e-01 -2.986982465e-01 -1.002439260e+00 -2.642112076e-01 3.027107716e-01 -2.959211469e-01 -1.323263407e+00 -2.945848405e-01
-3.247130215e-01 -2.203386128e-01 -4.839869738e-01 -5.525031090e-01 -2.049959004e-01 -1.963651627e-01 4.863979220e-01 -4.744437635e-01 -1.852613091e-01 -2.330083400e-01 5.800125599e-01 -4.151023030e-01
-2.572007477e-01 -1.179242730e-01 -3.902458772e-02 -5.284169912e-01 2.984726429e-02 -7.204281539e-02 -4.180032909e-01 -4.479201436e-01 1.793958843e-01 -5.191462114e-02 -1.480609536e+00 -3.702714443e-01
3.121716715e-02 1.924548298e-03 -1.744239450e+00 -3.099326491e-01 3.403989971e-01 -2.649943717e-02 -1.020674706e+00 -1.490854919e-01 9.646345377e-01 -3.135227039e-02 1.157367587e+00 -8.536040783e-02
3.325403333e-01 3.943437710e-02 7.375280261e-01 -2.230818272e-01 2.435424626e-01 3.269447386e-02 -2.444666773e-01 -1.119134724e-01 6.192029715e-01 2.292044275e-02 -3.817864954e-01 -2.141028643e-02
3.659094870e-01 3.130197898e-02 -4.965954125e-01 -1.568909585e-01 6.950626373e-01 7.905168459e-03 8.972878456e-01 3.600333631e-02 7.807753086e-01 -1.915638335e-02 8.751069903e-01 1.061086655e-01
-3.251697421e-01 -3.640624508e-02 5.830547810e-01 -3.366476893e-01 3.119170666e-01 -5.575826019e-02 8.436284065e-01 -6.942197680e-02 4.243453741e-01 -2.460305579e-02 9.189311415e-02 -1.154556274e-01
5.470172763e-01 1.124096811e-01 9.772452712e-01 -7.042316347e-02 8.809319139e-01 7.144377381e-02 -8.966671228e-01 3.599458933e-02 3.510076106e-01 9.129603207e-02 -1.535952926e+00 -4.239088297e-02
2.538869083e-01 -8.331155777e-02 -1.623827338e+00 -1.537139267e-01 7.906299829e-01 -6.737014651e-02 -2.465254813e-01 -1.599278748e-01 1.185525179e+00 -7.317762077e-02 1.492289424e+00 1.110122204e-01
6.014101505e-01 -2.136630565e-01 1.166846752e+00 -5.748998523e-01 7.155061960e-01 -2.588261664e-01 -2.284413129e-01 -5.553907752e-01 1.573904455e-01 -2.187707275e-01 -1.522213817e+00 -5.607229471e-01
7.183613777e-01 -5.231683850e-01 -1.070915580e+00 -4.648123384e-01 9.211592376e-03 -5.354747176e-01 1.520243436e-01 -4.655677974e-01 4.178526402e-01 -4.823675156e-01 2.745327652e-01 -4.559834301e-01
3.326920569e-01 -6.901774406e-01 7.293705642e-02 -6.594309807e-01 1.979727894e-01 -6.555548310e-01 2.939039767e-01 -5.597863197e-01 9.269834757e-01 -6.034390926e-01 1.803266883e+00 -1.821659803e-01
5.903414488e-01 -8.472623825e-01 3.008807898e+00 -8.093217015e-01 4.718267024e-01 -7.370393276e-01 2.811642885e+00 -5.156499743e-01 2.176231742e-01 -6.906021237e-01 4.561135173e-01 -2.410871685e-01
5.453143269e-02 -7.728415728e-01 -1.421718478e+00 -8.772458434e-01 -4.798580110e-01 -6.108489633e-01 -1.440688223e-01 -7.385639548e-01 -4.151498973e-01 -5.526839495e-01 2.149502993e+00 -4.780741930e-01
4.837035835e-01 -3.415949047e-01 2.692388058e+00 -4.196508229e-01 8.529676497e-02 -2.420715243e-01 1.314079165e+00 -2.884823978e-01 -1.991081238e-01 -1.910141557e-01 -1.339450240e+00 -2.887004316e-01
3.542026132e-02 -1.390626654e-02 -9.980700016e-01 -1.128625497e-01 3.684743941e-01 -2.395884879e-02 -7.675571442e-01 -9.894931316e-02 8.331235647e-01 -3.200768307e-02 1.269920915e-02 8.477383852e-02
4.782361686e-01 1.729373783e-01 1.648881286e-01 5.905737728e-02 1.026101112e+00 1.502511054e-01 -4.240754843e-01 8.985678852e-02 9.352015257e-01 1.900625080e-01 -2.380153835e-01 2.075565457e-01
8.836702704e-01 3.208079040e-01 -1.373408586e-01 2.249993682e-01 9.132400751e-01 2.600941360e-01 -3.647495210e-01 2.181834877e-01 7.145337462e-01 2.487252802e-01 -2.702718377e-01 3.142656386e-01
3.925484717e-01 2.340316325e-01 2.654162943e-01 2.293966413e-01 1.011429310e+00 1.710964143e-01 7.166599035e-01 3.193880320e-01 4.115249813e-01 2.132690698e-01 7.434186339e-01 3.044259548e-01
4.156521261e-01 1.671055555e-01 9.332132339e-01 2.043552399e-01 5.050903559e-01 1.098226011e-01 7.453099824e-03 1.523489356e-01 -1.213228926e-01 1.244805306e-01 -8.720474839e-01 -2.071514726e-02
1.698981375e-01 -9.046801925e-02 4.475023150e-01 -2.684890628e-01 -1.964147240e-01 -1.567671150e-01 8.109727502e-01 -3.905163109e-01 3.582983315e-01 -1.951290816e-01 6.488478780e-01 -2.482405603e-01
-8.565928787e-02 -5.449947119e-01 -1.961021721e-01 -6.505029798e-01 -7.119515538e-01 -6.135337353e-01 -1.054023862e+00 -7.720878720e-01 -6.238931417e-01 -5.856347680e-01 -2.028572083e+00 -1.003276944e+00
-1.394501448e+00 -9.820924401e-01 -1.654319644e+00 -1.333309174e+00 -1.191016316e+00 -9.921804070e-01 -2.045027018e+00 -1.337632179e+00 -5.443681479e-01 -9.367424846e-01 -1.878739953e+00 -1.184797645e+00
-5.001561046e-01 -1.217337132e+00 -8.219493628e-01 -1.423764467e+00 -6.086474657e-02 -1.194458246e+00 -4.602243006e-01 -1.275301099e+00 -4.846377075e-01 -1.150397301e+00 -4.090269208e-01 -1.301054478e+00
-6.825822592e-01 -1.067386031e+00 -5.310242772e-01 -9.422917962e-01 -7.863500118e-01 -1.007329702e+00 -1.270875454e+00 -9.978848696e-01 -4.398626983e-01 -9.137465358e-01 -1.437137008e+00 -1.054304838e+00
3.993647099e-01 -6.680180430e-01 -3.013481200e-01 -6.168420911e-01 -3.980641067e-02 -6.277058125e-01 7.748581767e-01 -5.959402323e-01 -3.229559064e-01 -5.653560758e-01 1.887859941e+00 -5.156185627e-01
5.783259273e-01 -6.882303357e-01 2.863609552e+00 -5.804118514e-01 6.870796084e-01 -6.441833377e-01 2.651067257e+00 -3.833677769e-01 -2.654495835e-01 -5.802472234e-01 -2.816902697e-01 -4.595731497e-01
-4.331614971e-01 -4.347003400e-01 -2.127221823e+00 -2.402852029e-01 -8.916735649e-01 -4.479566813e-01 -3.000117779e+00 -3.730028868e-01 -6.695286036e-01 -4.006988406e-01 -2.765197992e+00 -5.860013962e-01
6.399542093e-01 -3.283570334e-02 2.544766665e-01 3.599161282e-04 7.191476822e-01 -4.751911759e-02 1.290882111e+00 1.223749518e-01 4.741367400e-01 1.600040309e-02 7.171874046e-01 1.581949592e-01
-2.528727055e-01 -2.069555521e-01 -7.311698198e-01 -2.602378130e-01 -1.860513091e-01 -2.228285670e-01 -1.309833407e+00 -2.805126905e-01 -2.097682357e-01 -2.125849575e-01 -1.493446827e+00 -4.014723301e-01
-6.635756046e-02 -4.274002612e-01 -7.531954646e-01 -3.694666922e-01 1.942846030e-01 -4.551732242e-01 -6.293270588e-01 -3.820529878e-01 -1.104414165e-01 -4.754364491e-01 -8.382809758e-01 -5.837452412e-01
-1.050950661e-01 -7.294149995e-01 -5.993839502e-01 -6.037761569e-01 -4.506285489e-01 -7.204737067e-01 3.382155299e-01 -6.886216402e-01 -3.313774467e-01 -7.048592567e-01 1.132956386e+00 -8.480994701e-01
-2.593113184e-01 -9.359470606e-01 7.338336706e-01 -7.997627854e-01 -4.032312930e-01 -9.337887764e-01 2.006656080e-01 -7.138099074e-01 -6.781203151e-01 -8.814387918e-01 -1.163270593e+00 -9.169318676e-01
-4.411995113e-01 -9.528014660e-01 -7.820208073e-01 -8.511355519e-01 -3.780302703e-01 -9.670289159e-01 -8.221082091e-01 -7.274687886e-01 -8.756056428e-01 -9.083026052e-01 -1.359842420e+00 -9.919806719e-01
-5.004432797e-01 -5.460496545e-01 -3.535149097e-01 -6.243523359e-01 -9.316592216e-01 -5.512354970e-01 -1.119418979e+00 -7.144494653e-01 -1.477751136e-01 -4.807688594e-01 -9.957297444e-01 -6.248868704e-01
5.186512470e-01 -5.591563508e-02 8.042851686e-01 -1.088089719e-01 5.811454654e-01 -8.927885443e-02 3.748867214e-01 -1.535390615e-01 7.492135763e-01 -3.762643412e-02 6.222061515e-01 -5.956336856e-02
5.777941346e-01 -1.964544877e-02 -1.695963554e-02 -1.434403956e-01 3.470099270e-01 -3.717805073e-02 -1.158026099e+00 -1.493980289e-01 3.069193661e-01 -1.317633875e-02 -9.564093351e-01 -1.716481745e-01
4.416524172e-01 4.628527537e-02 -5.271391869e-01 -6.637696177e-02 3.422903121e-01 5.769025534e-02 -8.116080426e-03 -2.089610510e-02 6.780085564e-01 6.351272762e-02 -6.823929399e-02 4.874151945e-02
8.488997221e-01 -8.497992158e-02 3.811994791e-01 -2.042898834e-01 7.009865642e-01 -9.068813175e-02 1.363067031e+00 -9.255118668e-02 5.338959098e-01 -3.916339949e-02 2.146250248e+00 -3.475612402e-02
5.141922235e-01 -4.372697696e-02 6.708785892e-01 -1.791075468e-01 5.724817514e-01 -6.491522491e-02 -6.176642776e-01 -1.215349287e-01 5.761007667e-01 -5.658029392e-02 -1.114593506e+00 -1.104741096e-01
1.561343968e-01 1.301440969e-02 7.496567909e-03 -1.204325929e-01 5.611850619e-01 2.480672114e-02 -2.329243571e-01 3.693622351e-02 8.151516914e-01 2.182633989e-02 -3.272212446e-01 7.339811325e-02
1.651920378e-01 4.578053951e-01 2.402237654e-01 3.328868449e-01 4.369702041e-01 4.465482831e-01 9.295612574e-01 3.750246763e-01 3.349523544e-01 4.625541568e-01 1.186784148e+00 4.585224390e-01
7.765073329e-02 5.930935144e-01 5.368595123e-01 6.821193695e-01 3.191291392e-01 5.150697231e-01 -2.060370684e+00 4.531972110e-01 4.688546956e-01 4.059100151e-01 -2.321041584e+00 4.391978681e-01
-4.340711832e-01 2.103377283e-01 -1.684304357e+00 9.383880347e-02 -2.549734116e-01 1.659012884e-01 -7.667444944e-01 1.208786964e-01 4.875261486e-01 1.326321512e-01 -5.504010320e-01 6.375908852e-02
1.501608789e-01 3.387272730e-02 -2.251473665e-01 -4.755044729e-02 2.157332003e-02 2.357019577e-03 7.269132137e-01 5.699945986e-02 7.609630376e-02 5.493037030e-02 4.595893621e-01 5.862483382e-02
-1.581767499e-01 -9.031268954e-02 -2.967355847e-01 -1.649870574e-01 2.115996182e-01 -9.395857155e-02 -5.687100887e-01 -7.267472148e-02 6.741943359e-01 -5.992500857e-02 -6.366314292e-01 -9.312602878e-02
7.448101044e-01 -1.440423131e-01 -1.477594487e-02 -1.765316725e-01 7.305750847e-01 -1.794009954e-01 -3.230602741e-01 -1.456171572e-01 2.931042016e-01 -1.648478657e-01 -6.387767196e-01 -2.848376036e-01
8.385240287e-02 -2.206140459e-01 -1.485584974e+00 -2.518208325e-01 2.131310999e-01 -2.620045543e-01 -1.394220233e+00 -2.666409314e-01 7.034425735e-01 -2.663900852e-01 -4.478111267e-01 -2.196745872e-01
1.836087406e-01 -3.786788881e-01 9.845438004e-01 -3.120450377e-01 1.892728060e-01 -3.628831208e-01 1.139749289e+00 -2.480191290e-01 8.601764590e-02 -3.526170254e-01 2.104809880e-01 -2.561599314e-01
1.158817112e-01 -3.493565619e-01 -6.244686246e-01 -4.694218040e-01 3.235407174e-02 -3.433136046e-01 4.327273965e-01 -2.436686754e-01 3.679001033e-01 -2.989568710e-01 6.573030353e-01 -1.571916342e-01
2.723250687e-01 -3.895041943e-01 4.958542064e-02 -4.659085274e-01 2.214705944e-01 -3.963087797e-01 -5.981581807e-01 -4.514493048e-01 4.360446036e-01 -4.022317231e-01 7.097580004e-03 -4.051174521e-01
1.995001137e-01 -4.285952747e-01 3.020990789e-01 -5.530083179e-01 9.665998816e-02 -4.499582350e-01 3.583265245e-01 -3.928818703e-01 -2.211916447e-01 -4.246957898e-01 -7.690069079e-01 -5.823240280e-01
-5.234303474e-01 -4.127469361e-01 -7.850836515e-01 -7.456044555e-01 2.157253027e-02 -4.063251019e-01 6.728261709e-01 -4.863528311e-01 1.620973349e-01 -3.852156699e-01 1.628876567e+00 -2.911526859e-01
-1.180088371e-01 -2.260516286e-01 1.346419811e+00 -3.192533851e-01 -4.489747584e-01 -2.442741394e-01 -1.183932185e+00 -4.146812260e-01 -2.876010537e-01 -2.013636082e-01 -3.013254166e+00 -4.676527381e-01
-1.600141264e-02 3.415349498e-02 -3.074585199e+00 -2.871112227e-01 -2.176572829e-01 -1.721070893e-02 -2.742750645e+00 -1.293441355e-01 3.251326978e-01 -6.046249345e-02 -9.496437907e-01 -2.187162638e-01
4.486241341e-01 -3.945551813e-01 1.238676667e+00 -3.294926882e-01 2.531099617e-01 -3.510240316e-01 2.120354176e+00 -1.900233924e-01 -2.216512859e-01 -2.940432429e-01 1.190982461e+00 -1.631209254e-01
4.236054122e-01 -2.645190060e-01 1.074070930e+00 -2.660632730e-01 2.202325314e-01 -2.675668597e-01 9.519668818e-01 -1.649591178e-01 1.609871686e-01 -2.117350847e-01 -2.325821966e-01 -1.761848927e-01
3.446849808e-02 -7.100412250e-02 -1.297343373e+00 -1.970321387e-01 -1.039037108e-01 -1.114523485e-01 -1.628421664e+00 -1.366097927e-01 -1.728377342e-01 -5.758773163e-02 -1.803080916e+00 -2.320560515e-01
-3.594333529e-01 -9.660619497e-02 -1.248054266e+00 -3.111882806e-01 -9.294346720e-02 -1.018288657e-01 -2.038333654e+00 -3.550793529e-01 3.397429287e-01 -7.531146705e-02 -8.039242625e-01 -1.841979623e-01
-4.645448923e-01 -3.124387264e-01 2.150102377e+00 -6.133380532e-01 -3.820761293e-02 -2.444434911e-01 3.470381975e+00 -2.773094177e-01 1.670771837e-01 -2.338433415e-01 2.385477781e+00 -5.914908648e-02
4.922663867e-01 -7.151371241e-02 -6.205574274e-01 -4.678837210e-02 -1.153012365e-02 -1.133577898e-01 -1.787960172e+00 -1.465493739e-01 4.298563302e-01 -7.017914951e-02 -4.393332899e-01 -6.742751598e-02
3.878828585e-01 -1.895997524e-01 4.783761203e-01 -1.438472867e-01 4.110997617e-01 -2.279306203e-01 -8.478449285e-02 -7.974027842e-02 -3.042011522e-02 -1.714230031e-01 -1.326612115e+00 -1.726792455e-01
1.356782913e-01 -1.227317452e-01 -8.909804821e-01 -2.823504210e-01 1.939144582e-01 -1.291594356e-01 6.379590929e-02 -2.156657875e-01 5.884326696e-01 -1.163407415e-01 1.093709707e+00 -1.009106636e-01
5.510689020e-01 -8.751019835e-02 6.796410680e-01 -3.011052310e-01 6.717154980e-01 -1.359363347e-01 -8.456779718e-01 -1.440251768e-01 5.549877882e-01 -1.627209038e-01 -1.238914013e+00 -1.610358208e-01
4.788643122e-02 -2.671959698e-01 -7.781062126e-01 -5.536476374e-01 6.557386518e-01 -3.148397803e-01 1.241726130e-01 -3.999717832e-01 1.479119211e-01 -2.910459638e-01 3.115716279e-01 -4.203500748e-01
-4.966243804e-01 -4.892986715e-01 7.040691972e-01 -8.453024030e-01 -1.039722562e-01 -4.675545096e-01 1.161374927e+00 -6.554424167e-01 1.286207139e-01 -4.857175946e-01 5.146678090e-01 -4.995333552e-01
3.477728367e-02 -6.180952787e-01 -1.226070337e-02 -6.301004291e-01 4.569282383e-02 -6.522589922e-01 -4.563540816e-01 -6.134347916e-01 -2.311260104e-01 -6.884828210e-01 -7.792267203e-01 -7.970091105e-01
-4.472982585e-01 -7.532404661e-01 -5.661200285e-01 -8.457587361e-01 -5.853446722e-01 -8.087871075e-01 -1.119950652e+00 -1.002340198e+00 -5.645838380e-01 -7.855808735e-01 -1.326504946e+00 -1.046808243e+00
-8.586043119e-01 -8.644465804e-01 -3.809469342e-01 -1.142189145e+00 -6.254733801e-01 -8.522374034e-01 4.665403962e-01 -9.211353660e-01 -2.056258619e-01 -8.055292368e-01 7.401574254e-01 -8.511184454e-01
-3.054800630e-01 -5.622410402e-02 7.226440310e-02 -2.104998827e-01 6.713169068e-02 -2.084872313e-02 7.423365712e-01 -4.787577689e-02 1.238119677e-01 1.819027774e-02 1.229941249e+00 1.949727237e-01
-8.023521304e-01 3.965983391e-01 1.627302289e+00 4.439703524e-01 -1.282459199e-01 4.295539558e-01 -2.020825446e-02 3.501856923e-01 2.680617869e-01 3.678587973e-01 -1.217494369e+00 5.630198717e-01
-1.136194393e-01 4.104637802e-01 -3.993979990e-01 3.098025918e-01 1.104608029e-01 3.981470764e-01 -3.961569071e-01 3.383366466e-01 7.407196164e-01 3.489909470e-01 2.727814019e-01 4.611820579e-01
6.151354909e-01 2.670242190e-01 2.181595564e-01 2.486846745e-01 1.267386973e-01 2.549743354e-01 3.566924930e-01 1.765129268e-01 4.708962142e-01 2.352602929e-01 -6.833608150e-01 1.785532236e-01
2.299775928e-01 1.169410646e-01 -1.187332749e+00 1.140988097e-01 6.174741685e-02 1.115936637e-01 -2.117139101e+00 1.071949303e-01 5.626666546e-01 9.806348383e-02 -1.725920439e+00 1.825402081e-01
1.837131381e-01 4.426339641e-02 5.377407074e-01 -2.587000728e-01 3.780126572e-01 1.018347293e-01 2.110117912e+00 -3.639988601e-02 5.869858265e-01 1.238348633e-01 3.033486366e+00 1.775538921e-01
6.742101312e-01 7.697123289e-02 2.367687464e+00 9.563510865e-02 6.002924442e-01 2.625398897e-02 -3.495379351e-03 3.461618721e-02 2.320370525e-01 2.121586911e-02 -1.527108908e+00 -2.292822301e-02
2.093396932e-01 -1.909580454e-02 -8.170826435e-01 -6.251216680e-02 3.680106699e-01 -5.243336409e-02 -6.079989076e-01 3.182739019e-02 4.033707380e-01 -4.320679978e-02 -1.018866301e+00 -7.804533839e-02
6.172648668e-01 -3.073465228e-01 -2.747996747e-01 -2.120669782e-01 5.901357532e-02 -3.323816657e-01 -1.505964845e-01 -2.099265307e-01 -4.012846574e-02 -2.541231811e-01 -1.620866060e-01 -2.904179692e-01
-5.342990756e-01 -3.258090913e-01 -4.030036032e-01 -5.981966853e-01 -2.844940126e-01 -3.400808573e-01 5.918959379e-01 -4.847651422e-01 1.424812376e-01 -2.897143960e-01 1.038922668e+00 -3.176327050e-01
5.744317174e-01 -4.862467647e-01 1.621526361e+00 -4.079124629e-01 5.825383216e-02 -5.276772380e-01 7.384327650e-01 -4.405256212e-01 -5.269233584e-01 -5.035226941e-01 -7.709591985e-01 -6.149502993e-01
-5.978248119e-01 -5.303516388e-01 -1.765167236e+00 -6.481957436e-01 -1.155899882e+00 -5.398231149e-01 -2.020038366e+00 -6.101326346e-01 -4.864687920e-01 -4.637939930e-01 -2.193972111e+00 -6.860244870e-01
-1.241780281e+00 -4.675904512e-01 -1.493755817e+00 -7.782038450e-01 -2.304211855e-01 -4.165798128e-01 7.765378356e-01 -4.690699875e-01 -1.457775354e+00 -3.507681489e-01 2.220282555e+00 -4.429936409e-01
-9.216491580e-01 -3.322432339e-01 2.135378122e+00 -4.264419079e-01 -3.063573241e-01 -3.542934954e-01 1.687973142e+00 -3.862221837e-01 -1.818001270e-01 -3.492764831e-01 1.037316322e+00 -1.459947228e-01
4.963797331e-01 -4.720301628e-01 1.123243421e-01 -1.468901038e-01 -9.456615448e-01 -5.127694011e-01 -1.371853232e+00 -4.061456919e-01 -6.865784526e-01 -4.963347912e-01 -2.111270666e+00 -6.049931049e-01
-9.080322981e-01 -4.051032364e-01 -1.509157777e+00 -2.842549086e-01 -4.770506322e-01 -4.376950860e-01 -1.105138421e+00 -2.739316225e-01 -1.121755838e+00 -3.802563548e-01 -2.855300009e-01 -2.874876857e-01
-7.764232159e-01 -3.374506533e-01 -8.756088018e-01 -4.472684562e-01 -1.012188047e-01 -3.142898977e-01 -7.414433360e-01 -3.101891279e-01 8.928640932e-02 -3.018952608e-01 -9.172439575e-03 -2.363992929e-01
2.181284279e-01 -4.592297375e-01 9.641846418e-01 -4.022678435e-01 4.451096058e-02 -4.186991751e-01 8.679164648e-01 -2.940621674e-01 -6.084210277e-01 -3.778888583e-01 -1.375343204e-01 -3.754210174e-01
-1.202540398e+00 -4.630829096e-01 -1.203740954e+00 -6.877200007e-01 -8.375687599e-01 -4.550007582e-01 -9.511269927e-01 -5.967637300e-01 1.674869806e-01 -4.615491331e-01 3.873953521e-01 -4.539673924e-01
5.147548765e-02 -3.404082358e-01 1.021527171e+00 -3.327456713e-01 6.121094823e-01 -3.612474501e-01 1.348912120e+00 -2.238355875e-01 1.002676859e-01 -4.306855798e-01 4.285684526e-01 -3.626379967e-01
-5.877870321e-02 -3.522860110e-01 -3.687754646e-02 -3.928875029e-01 7.301336527e-01 -3.597400486e-01 -3.777977824e-01 -3.510881960e-01 4.630593359e-01 -4.100552499e-01 -5.962626636e-02 -2.112450302e-01
9.756819159e-02 -2.481300533e-01 -2.428155243e-01 -5.292802453e-01 -1.105411127e-01 -2.156293988e-01 -9.562814236e-01 -4.939012527e-01 -3.354773819e-01 -2.291737944e-01 -1.458854973e-01 -4.588336349e-01
-5.522833467e-01 -2.874022722e-01 4.874526560e-01 -4.814881086e-01 -6.306136250e-01 -2.432729155e-01 6.964937784e-03 -3.734967709e-01 -4.590872824e-01 -2.532752752e-01 3.625411913e-02 -3.416684568e-01
-1.047861099e+00 -3.204117119e-01 -7.079962492e-01 -6.663709283e-01 -4.132859409e-01 -2.646464705e-01 7.417342663e-01 -4.872907996e-01 -1.990052760e-01 -2.129449099e-01 -1.424477994e-01 -3.581966460e-01
-7.945851088e-01 -3.858128786e-01 -9.872452021e-01 -6.829079986e-01 -6.037893295e-01 -3.759765029e-01 -1.282708168e+00 -4.982552826e-01 8.670473099e-02 -3.667420447e-01 -3.391731083e-01 -4.535692334e-01
-7.016079426e-01 -2.476072609e-01 -1.893227100e+00 -5.942269564e-01 -4.227164090e-01 -2.649106085e-01 -1.490844041e-01 -5.413294435e-01 2.953385003e-02 -2.309241742e-01 1.328889847e+00 -3.473131359e-01
-4.452084899e-01 -2.182525694e-01 2.596369982e+00 -3.203446865e-01 1.245105118e-01 -1.525836736e-01 3.015876710e-01 -2.665475309e-01 -3.989222646e-01 -1.201348752e-01 -1.138284564e+00 -3.220572174e-01
-3.660290837e-01 -4.296627268e-02 -1.692486882e+00 -3.111175597e-01 -2.559049428e-01 -2.943027951e-02 -6.343375444e-01 -1.378544271e-01 3.564843535e-01 -1.148651727e-02 7.897955924e-02 -2.088612318e-01
-2.229364514e-01 9.449809790e-02 1.377141118e+00 -2.202821076e-01 3.377272785e-01 9.557332098e-02 1.192993045e+00 -2.336763293e-01 1.696864516e-01 1.260725409e-01 7.618216872e-01 -1.256897151e-01
-1.361018978e-02 1.859018207e-01 -2.898564041e-01 5.079250783e-02 5.386024714e-01 1.551411301e-01 1.839423329e-01 1.328240931e-01 2.459481657e-01 1.672279388e-01 -9.717874527e-01 -7.644498348e-02
2.397944182e-01 1.680613607e-01 -1.975021005e+00 -2.449747920e-01 -5.501928180e-02 1.628221124e-01 -1.742190480e+00 -2.373656332e-01 3.428776562e-01 7.157616317e-02 6.381386518e-01 -3.062724471e-01
9.842684120e-02 1.562125236e-01 2.391194820e+00 -2.538364232e-01 1.836055815e-01 1.234683990e-01 2.347458124e+00 -2.774655223e-01 5.298512578e-01 4.130150005e-02 -2.057997733e-01 -2.246948779e-01
1.346260607e-01 1.395426840e-01 -1.020118117e+00 -4.702540487e-02 2.756001055e-01 8.617062867e-02 -4.731916487e-01 -1.120893359e-01 2.358208448e-01 4.085863754e-02 -4.258368015e-01 -2.588757873e-01
-1.780488342e-01 8.709338307e-02 -5.420492887e-01 -1.957782507e-01 -1.244217455e-01 3.914336860e-02 -3.951709270e-01 -2.157343626e-01 -8.494313806e-02 2.459324710e-02 -2.125165891e-03 -2.757736146e-01
-5.055508763e-02 9.140756726e-02 -1.135230660e-01 -2.988584042e-01 5.274394155e-02 5.454400182e-02 1.333732456e-01 -2.434705347e-01 -2.858000062e-02 7.329024374e-02 3.287036717e-02 -2.361096144e-01
2.730030417e-01 1.094067693e-01 1.369985044e-01 -1.031348035e-01 -1.769832373e-01 1.970819943e-02 -2.675486803e-01 -1.138947606e-01 3.521994054e-01 -6.519444287e-02 -2.439048439e-01 -2.432096004e-01
-4.313107580e-02 -2.293493599e-03 -3.308606744e-01 -2.518379092e-01 2.477609739e-02 -2.724008448e-02 -6.212220788e-01 -2.099023759e-01 3.375182161e-03 -7.273165882e-02 1.834808588e-01 -2.716520727e-01
4.222410619e-01 -9.238767624e-02 9.288492799e-01 -1.556755304e-01 6.286478043e-01 -1.133825555e-01 4.636673629e-02 -1.463276148e-01 2.628686130e-01 -1.408081502e-01 -1.879048944e+00 -2.735498548e-01
-1.476211250e-01 -6.256297231e-02 -2.353294611e+00 -1.706141084e-01 -9.654437006e-02 -8.745428175e-02 -2.276417017e+00 -2.466627657e-01 3.979555070e-01 -1.211849898e-01 7.150261998e-01 -2.136989236e-01
2.647614479e-01 -2.526813149e-01 1.647692084e+00 -9.804720432e-02 4.662220180e-01 -2.602040768e-01 2.272389174e+00 -1.805982292e-01 5.066140890e-01 -2.579399943e-01 7.376685739e-01 -1.018692851e-01
-1.964077540e-02 9.823384881e-02 -8.665372133e-01 3.941547126e-02 1.843031496e-01 1.409664564e-02 -1.772649169e+00 -5.077198148e-02 2.088294476e-01 -3.095929511e-02 -1.409084201e+00 -6.651040912e-02
-3.606832027e-01 7.743486762e-02 -9.529200792e-01 -1.413685679e-01 1.893843412e-01 1.883934252e-02 -5.143201351e-01 -1.057800949e-01 6.250434518e-01 -2.486740239e-02 7.577980161e-01 4.191690683e-02
4.877685606e-01 5.524668843e-03 7.215983868e-01 -2.185309678e-02 6.653043032e-01 -4.264302552e-02 -7.932288945e-02 3.578501940e-02 5.167005062e-01 -6.936888397e-02 -1.189765334e+00 -4.274106026e-02
4.223611951e-01 2.798188105e-02 -4.446557164e-01 -1.433726847e-01 8.887051344e-01 9.143291041e-03 3.403476477e-01 -9.680150077e-03 7.234067917e-01 -1.297461102e-03 5.901684165e-01 3.545600176e-02
2.652808428e-01 -1.289739013e-01 -4.942518175e-01 -2.268707603e-01 -1.075860709e-01 -1.404300034e-01 -8.356392980e-01 -1.797111332e-01 1.932589263e-01 -1.418760866e-01 -4.855341315e-01 -1.835525632e-01
3.582204580e-01 -1.808258593e-01 -3.553452790e-01 5.705126375e-02 7.663899660e-01 -1.321954876e-01 -6.191018820e-01 9.049248695e-02 6.351270676e-01 -1.304556876e-01 -4.910671413e-01 1.007539630e-01
1.022585392e+00 -2.009796649e-01 6.689658761e-02 -4.302147776e-02 4.810950160e-01 -2.299566865e-01 -7.129169106e-01 -1.800685227e-01 5.385009050e-01 -2.555454969e-01 -3.067493737e-01 -1.892234087e-01
4.529134184e-02 -2.331341058e-01 -6.396661997e-01 -2.940166593e-01 -3.054731190e-01 -2.603150308e-01 -2.090914398e-01 -2.880853415e-01 4.522764310e-02 -2.281406969e-01 -1.654619277e-01 -2.775714993e-01
-4.450678825e-01 -2.765679657e-01 -1.220364571e-01 -3.478083014e-01 -5.626016259e-01 -3.016613424e-01 -6.216758490e-01 -3.325859904e-01 -8.276414126e-02 -2.663359642e-01 -1.493248582e+00 -3.989208043e-01
-1.248471618e+00 -1.954105198e-01 -2.175840616e+00 -3.221768141e-01 -6.849176288e-01 -2.008020729e-01 -2.265919447e+00 -4.074476361e-01 -4.465894997e-01 -2.201443762e-01 -9.011920094e-01 -2.682108879e-01
-7.927502394e-01 -2.416951358e-01 -8.836356401e-01 -3.373757601e-01 -7.449585199e-01 -2.426316142e-01 -7.041902840e-02 -2.608167827e-01 -4.853638709e-01 -2.321033329e-01 -3.554371651e-03 -1.931408644e-01
-3.288609684e-01 -2.114762068e-01 4.467737377e-01 -2.230314612e-01 -2.293197513e-01 -2.275356501e-01 4.852740765e-01 -2.017634362e-01 4.785703123e-01 -2.270477861e-01 -2.685906291e-01 -6.709754467e-02
-1.118221357e-01 -1.777090430e-01 -4.055696353e-02 -6.724334508e-02 -2.667201161e-01 -1.716809273e-01 -1.164276749e-01 -5.012819171e-02 -6.903777272e-02 -1.303022951e-01 -2.202427387e-01 8.760272525e-03
-4.684903324e-01 7.842859626e-02 -6.094742417e-01 1.673459262e-02 9.955890477e-02 5.664400756e-02 -3.911875486e-01 8.384013176e-02 5.777388439e-02 8.812297881e-02 1.911539733e-01 2.467279434e-01
5.858993530e-01 9.541618824e-02 1.456143260e+00 1.330640614e-01 6.736251116e-01 7.621166110e-02 1.714536071e+00 2.085350305e-01 4.978385866e-01 4.866201803e-02 6.492173076e-01 3.903156221e-01
1.406494342e-02 5.394164920e-01 4.587827995e-02 1.717823744e-01 -4.589058459e-01 5.201831460e-01 -1.435431957e+00 9.200239182e-02 3.893549442e-01 5.064722896e-01 -1.597010016e+00 3.426225185e-01
2.439449281e-01 4.116508663e-01 -1.176193953e+00 2.000279427e-01 4.575511813e-01 3.636493981e-01 -4.976534247e-01 2.945977747e-01 1.211456537e+00 3.187512457e-01 5.781682730e-01 4.271712303e-01
8.084256649e-01 2.150411308e-01 1.006691813e+00 1.831479669e-01 1.138556004e+00 1.528035402e-01 1.202012420e+00 2.523450553e-01 1.310576558e+00 1.331616789e-01 3.101795614e-01 2.954355478e-01
-1.043078154e-01 5.962151662e-02 -1.221002460e+00 1.316286027e-01 -4.971048832e-01 4.613557458e-02 -3.935672522e+00 -1.481136084e-01 1.647725143e-02 5.607626960e-02 -3.910016060e+00 -9.278547764e-02
-3.751197755e-01 2.059105635e-01 -3.928870201e+00 -9.186572395e-03 6.686393023e-01 1.041180193e-01 -9.453994036e-01 8.009791374e-02 5.350216627e-01 7.201252878e-02 8.649736643e-01 1.274817884e-01
3.090835512e-01 1.646993458e-01 1.027755141e+00 2.116922140e-01 1.180553734e-01 9.246429056e-02 -1.111236811e+00 1.115189046e-01 9.517577887e-01 8.515830338e-02 -1.823050499e+00 1.996447146e-01
1.712656915e-01 6.291633844e-02 -1.952970505e+00 2.218567580e-02 4.142936766e-01 4.672060162e-02 -6.229264140e-01 1.023888774e-02 4.719549119e-01 -1.192080090e-03 4.712152183e-01 -2.672922611e-02
9.433542937e-02 -3.666516766e-02 -1.798085421e-01 -1.417207718e-01 1.222239137e-01 -3.836682439e-02 -2.721370757e-01 -9.662720561e-02 5.615133643e-01 1.395691745e-02 -4.979308546e-01 -8.913129568e-02
1.577588916e-01 -7.793453336e-02 -4.344378710e-01 -1.055849269e-01 4.092171192e-01 -5.536960065e-02 -1.489923149e-01 9.728863835e-02 5.265424252e-01 -8.374719322e-02 -2.460673153e-01 9.274011850e-02
-7.197125256e-02 -6.075259298e-03 -1.053987026e+00 -2.010027170e-01 5.175612569e-01 7.270641625e-02 3.631141484e-01 -6.921319291e-03 7.632315159e-01 2.480931394e-02 1.335224271e+00 1.613071561e-01
4.662447870e-01 3.347149789e-01 1.528979778e+00 2.627315372e-02 5.802425742e-01 3.256209791e-01 2.374589682e+00 8.113238215e-02 5.683153868e-01 2.955835462e-01 2.153352261e+00 2.866867781e-01
4.736384451e-01 1.248150587e+00 6.072149277e-01 4.725183547e-01 8.041681647e-01 1.241397023e+00 1.118734241e+00 5.725234151e-01 1.322029471e+00 1.185560107e+00 1.548281908e+00 1.137007117e+00
-5.339964628e-01 1.209673285e+00 2.059370041e+00 4.923617840e-01 7.654684186e-01 1.148718476e+00 1.260356784e+00 3.957580626e-01 9.250954390e-01 1.037180781e+00 -1.465815306e-01 8.287221789e-01
5.107308626e-01 6.482802629e-01 -1.013614058e+00 3.543241024e-01 1.042341590e-01 6.049330831e-01 -2.565123558e+00 2.696220577e-01 2.165359497e+00 6.032111049e-01 -2.479532242e+00 5.963587761e-01
5.511819124e-01 5.258651972e-01 -2.144852400e+00 2.756408155e-01 1.495663047e+00 5.087071061e-01 -8.891562819e-01 2.789135277e-01 1.157496452e+00 4.931670725e-01 -7.438148856e-01 3.128025532e-01
5.459337234e-01 3.689435124e-01 -1.771152377e+00 3.815340251e-02 4.768967628e-01 3.469032049e-01 -5.106714964e-01 4.072842002e-02 6.012637615e-01 3.918260932e-01 2.732957840e+00 3.319691420e-01
7.700623274e-01 1.335685849e-01 3.273668528e+00 2.379692793e-01 -1.214911640e-01 2.147582322e-01 3.978850365e+00 -7.213646173e-02 -6.617912650e-01 1.886981875e-01 -7.399471998e-01 2.300584167e-01
-1.235478163e+00 -3.376182616e-01 -4.031163216e+00 -5.668349266e-01 -3.312980831e-01 -4.053837955e-01 -1.612791777e+00 -2.790007889e-01 1.559782386e+00 -3.833609223e-01 2.969404221e+00 3.166203499e-01
2.293044478e-01 -2.017291486e-01 4.447612762e+00 3.849293888e-01 8.683398366e-02 -1.396660805e-01 4.643657684e+00 1.892127693e-01 -8.334710598e-01 -2.346325964e-01 -6.677526832e-01 -1.037610471e-01
-1.276047468e+00 -7.117949426e-04 -4.255504131e+00 -3.603565097e-01 -7.270278931e-01 -7.714675367e-02 -2.968375444e+00 -1.176126301e-01 5.417873263e-01 -1.182164401e-01 5.034596324e-01 6.764709949e-02
2.846643031e-01 -9.380459785e-02 2.702838182e+00 -1.271244884e-01 -2.643788457e-01 -1.403205544e-01 2.117588758e+00 -1.036843359e-01 9.978698939e-02 -1.537834257e-01 1.624867618e-01 7.698319852e-02
2.831154466e-01 5.027234927e-02 8.726246953e-01 -1.715192944e-01 -1.279601753e-01 7.572470605e-02 1.628551841e+00 -1.581961364e-01 -1.497469544e-01 7.547171414e-02 1.202831388e+00 -1.342150271e-01
-7.006325722e-01 5.192933083e-01 8.025989532e-01 -1.013210937e-01 -3.251442015e-01 6.309821010e-01 3.896182775e-01 4.544255137e-02 -9.451208264e-02 7.389190793e-01 1.788640022e-01 2.305188626e-01
-2.953835428e-01 1.231807590e+00 2.953335047e-01 6.653652787e-01 2.388994098e-01 1.266387105e+00 -1.462127715e-01 7.409878373e-01 8.324602842e-01 1.363686442e+00 -6.712316871e-01 1.026808023e+00
4.451143742e-01 1.119201779e+00 -2.271465361e-01 8.761964440e-01 3.366946280e-01 1.196431160e+00 -1.702506691e-01 8.517275453e-01 1.997218877e-01 1.294101477e+00 -3.013975620e-01 9.461078644e-01
1.534441113e-01 1.127501488e+00 -3.241389394e-01 7.447398305e-01 -3.870764375e-02 1.234621406e+00 -4.591719508e-01 7.985519767e-01 6.980218887e-01 1.348466635e+00 -2.267403156e-02 9.923284054e-01
5.500782132e-01 1.134757757e+00 1.159939408e+00 6.576759815e-01 1.192491293e+00 1.191542506e+00 1.991164088e+00 1.072970271e+00 8.420628905e-01 1.354282856e+00 2.829961777e+00 1.017261982e+00
9.731459618e-01 6.473634243e-01 2.131781816e+00 4.812957942e-01 -2.600222230e-01 6.895281672e-01 2.033744574e+00 2.731817961e-01 4.962490499e-01 7.906947732e-01 1.356266141e+00 5.458607078e-01
4.247364998e-01 5.596504211e-01 2.793633044e-01 5.468634963e-01 1.373721480e+00 5.287865400e-01 -4.831238091e-02 6.708796620e-01 1.723401427e+00 5.692409873e-01 -5.934450626e-01 7.068135738e-01
2.198168933e-01 1.150301099e-01 -8.187183142e-01 1.799805015e-01 -4.084198177e-01 1.179596335e-01 -6.718004942e-01 7.017305493e-02 -3.516472280e-01 1.582462043e-01 -8.822728992e-01 -5.679681897e-02
-5.920212269e-01 1.765721887e-01 -5.776767731e-01 1.186834946e-01 4.360199869e-01 1.798578799e-01 3.550122380e-01 4.625363648e-01 1.406169415e+00 1.951233596e-01 7.183293700e-01 6.868163347e-01
1.349906445e+00 2.378850803e-02 4.459913671e-01 4.533889890e-01 4.470095932e-01 -3.681512084e-03 8.822527528e-01 3.451756537e-01 -4.202962816e-01 -4.409562424e-02 6.858920455e-01 1.700251698e-01
7.139506340e-01 -1.360414177e-01 -1.689133346e-01 2.607728243e-01 1.563578129e+00 -2.124873847e-01 -1.240767598e+00 3.727995455e-01 1.295986414e+00 -2.987396717e-01 -1.040785074e+00 2.972438037e-01
1.246683121e+00 -3.200758398e-01 3.151142597e-01 1.374983042e-01 -3.828700483e-01 -3.298159838e-01 3.613591790e-01 -1.761058569e-01 -9.786198139e-01 -3.914680481e-01 1.694077849e-01 -3.576216698e-01
-4.414435029e-01 -4.361349344e-01 4.051415622e-01 -2.973361909e-01 -9.419749677e-02 -4.451544285e-01 1.277038604e-01 -1.475918889e-01 -2.028492689e-01 -4.754123688e-01 -2.700245678e-01 -2.086207420e-01
-6.038449407e-01 -5.443656445e-01 -1.042362809e+00 -4.441291094e-01 -8.491165638e-01 -6.005773544e-01 -1.225882888e+00 -4.745545387e-01 -7.000003457e-01 -6.032570601e-01 -1.249422669e+00 -6.168856025e-01
3.842301071e-01 -6.068229675e-01 -4.624045193e-01 -3.000554442e-01 8.229982853e-01 -6.262140870e-01 -4.662038684e-01 -1.650256217e-01 2.283759713e-01 -6.555002332e-01 -4.222780168e-01 -3.337092400e-01
7.491853237e-01 -9.385111332e-01 -2.916472256e-01 -6.060458422e-01 5.093229413e-01 -9.467355609e-01 -4.236139357e-02 -4.076485336e-01 7.653238717e-03 -9.278244376e-01 -5.576434731e-01 -8.108073473e-01
4.315722734e-02 -1.116392255e+00 -3.294755816e-01 -7.925108075e-01 1.396862864e-01 -1.144084573e+00 -9.028880298e-02 -8.362018466e-01 -8.011240512e-02 -1.153740883e+00 2.728125155e-01 -8.016377091e-01
-2.590570748e-01 -1.321758747e+00 1.044665575e+00 -1.035739303e+00 1.594633907e-01 -1.310230970e+00 8.862441778e-01 -9.084815383e-01 1.703655422e-01 -1.348646998e+00 -4.226889610e-01 -9.216891527e-01
-1.300425641e-02 -1.579473376e+00 -1.389911585e-02 -1.313458562e+00 -8.324273825e-01 -1.508240581e+00 -2.359229475e-01 -1.177407146e+00 -6.834874153e-01 -1.442355037e+00 -3.626535833e-01 -1.181235433e+00
-1.624458730e-01 -1.643262744e+00 1.676042378e-01 -1.450896859e+00 1.902131587e-01 -1.602612376e+00 1.496811807e-01 -9.941307306e-01 7.179777622e-01 -1.610793948e+00 -1.835526973e-01 -9.244042635e-01
-6.272177100e-01 -1.418340683e+00 -2.257192433e-01 -1.391717672e+00 -5.339180231e-01 -1.325480700e+00 -1.061047520e-02 -9.783915877e-01 -3.567191064e-01 -1.286686897e+00 -4.237927496e-01 -1.086440325e+00
-6.187378764e-01 -1.235752702e+00 3.493638942e-03 -1.192894340e+00 -8.915039897e-02 -1.178564429e+00 -2.478304356e-01 -9.221436381e-01 1.243868694e-01 -1.117456317e+00 8.058146387e-02 -9.064357877e-01
1.254581958e-01 -1.038037062e+00 1.360682100e-01 -8.561512828e-01 1.483798921e-01 -9.871037602e-01 2.476370484e-01 -7.839573026e-01 -2.379585803e-01 -9.364332557e-01 5.080768466e-01 -8.839234710e-01
-2.359255850e-01 -9.914304018e-01 6.648953259e-02 -9.623436332e-01 -2.237294316e-01 -9.528019428e-01 -6.438447535e-02 -8.028404117e-01 -5.568347573e-01 -8.431078792e-01 -7.989759743e-02 -8.512783647e-01
-3.315144479e-01 -6.124252081e-01 -4.523615241e-01 -7.909485698e-01 -3.665715754e-01 -5.948047042e-01 -7.410402894e-01 -6.660677195e-01 -4.433592558e-01 -4.764149487e-01 -1.018937588e+00 -6.579954028e-01
-6.451793760e-02 -3.903435171e-01 -7.629524469e-01 -4.469371736e-01 8.935448527e-02 -3.672942519e-01 -5.102720857e-01 -3.212807178e-01 -6.836298853e-02 -2.915909588e-01 -5.893720984e-01 -3.394503593e-01
-4.138221592e-02 -2.096025795e-01 -3.283077180e-01 -3.596923351e-01 5.819462985e-02 -2.457824498e-01 -2.597978711e-01 -2.425605655e-01 4.887532294e-01 -1.941632479e-01 -2.045286000e-01 -2.278425395e-01
5.729365349e-01 -2.137209028e-01 9.735141695e-02 -2.142686695e-01 4.655388594e-01 -2.489638478e-01 1.275345534e-01 -7.917711139e-02 3.867960870e-01 -2.093895525e-01 2.024643123e-02 -1.289724708e-01
6.606199145e-01 -2.078418881e-01 3.113441765e-01 -1.324929595e-01 5.662429929e-01 -2.542393804e-01 7.822857238e-03 -4.485796392e-02 3.709470630e-01 -1.971816868e-01 -1.651966572e-02 -6.116148829e-02
4.468673170e-01 -1.641499847e-01 -3.285322711e-02 -1.324326694e-01 -6.230740547e-01 -1.793819666e-01 5.848572850e-01 -1.460309178e-01 1.593043841e-02 -1.092924923e-01 8.181781769e-01 -4.454058409e-02
3.228128552e-01 -1.597651541e-01 8.066259027e-01 -1.299346145e-02 -6.468824148e-01 -1.953469962e-01 -4.676777422e-01 -1.717344373e-01 -2.513135970e-01 -1.419847459e-01 -1.198886752e+00 -1.110106111e-01
-3.145610988e-01 -1.100166440e-01 -1.070899487e+00 -3.127027750e-01 2.860769928e-01 -1.030025855e-01 -1.017018110e-01 -1.237568259e-01 6.942293644e-01 -1.284372360e-01 1.856577545e-01 -6.686341763e-02
5.057340860e-01 -2.824407220e-01 -1.803174466e-01 -1.729850620e-01 2.488093972e-01 -2.367181629e-01 -5.301323533e-01 -1.796622276e-01 6.518859267e-01 -2.060602754e-01 -3.037234545e-01 -8.110570908e-02
2.394029871e-03 -4.254148304e-01 -1.588624716e-01 -5.274537206e-01 -3.560796678e-01 -3.614788055e-01 2.252872884e-01 -4.233097136e-01 2.043595351e-02 -2.770186365e-01 4.352440834e-01 -2.646601498e-01
3.664647639e-01 -3.267552555e-01 -8.883236349e-02 -4.058480859e-01 5.922701955e-01 -3.542076647e-01 -4.531984329e-01 -2.101493478e-01 1.153681949e-01 -3.197571933e-01 -6.363742054e-02 -3.101875186e-01
2.794696987e-01 -3.550672159e-02 5.612726212e-01 -1.108657941e-01 7.289737463e-01 -1.931259222e-02 1.041385293e+00 8.151833713e-02 3.719907999e-01 4.180715606e-02 1.134369731e+00 2.257305831e-01
2.849549651e-01 3.346269727e-01 1.334707141e+00 1.973129064e-01 4.731215537e-01 3.604676723e-01 1.192647696e+00 1.858646274e-01 7.554860711e-01 3.476088345e-01 6.424669027e-01 4.227035940e-01
5.472183228e-01 5.088797212e-01 -3.742287755e-01 4.383603334e-01 6.874092817e-01 5.542829633e-01 -8.616956472e-01 4.847546518e-01 7.088721991e-01 5.337435007e-01 1.029311419e-01 4.497898221e-01
2.606408298e-01 7.505198121e-01 1.056071877e+00 4.948390722e-01 2.548784316e-01 7.517213821e-01 1.439756870e+00 3.474731743e-01 4.287110269e-01 7.960501909e-01 5.996102691e-01 6.927509904e-01
-1.663284898e-01 1.362610698e+00 -9.144788384e-01 7.575421333e-01 1.466543972e-02 1.331934452e+00 -5.243419409e-01 1.020858645e+00 2.589026988e-01 1.244721770e+00 7.675112486e-01 1.108788967e+00
-5.433980227e-01 1.336162686e+00 1.526907325e+00 4.897427261e-01 -4.753188193e-01 1.435827374e+00 1.112064958e+00 1.075890660e+00 -3.540220559e-01 1.443494558e+00 1.581009984e+00 9.219719172e-01
3.486245275e-01 1.647997975e+00 -7.814384997e-02 1.506529689e+00 5.149994493e-01 1.574092269e+00 6.113709211e-01 1.001318455e+00 1.402869225e+00 1.505396605e+00 1.075228080e-01 1.320798159e+00
3.769180477e-01 1.557232141e+00 1.038982987e+00 9.622356892e-01 3.231537640e-01 1.561814666e+00 2.009602040e-01 1.121128917e+00 3.872513473e-01 1.604032040e+00 -3.800528347e-01 1.172031760e+00
1.656821519e-01 1.081542611e+00 -5.089415312e-01 8.411564827e-01 3.629774153e-01 1.087844491e+00 6.329809427e-01 6.769477129e-01 1.219161868e+00 1.069254398e+00 1.006454110e+00 8.324437737e-01
9.462607652e-02 1.071501732e+00 5.153105035e-02 7.003031373e-01 6.133872867e-01 1.017356038e+00 -1.063745260e+00 7.993144393e-01 9.617424011e-01 9.281694889e-01 -9.615077376e-01 8.057692051e-01
1.417384744e+00 2.184680253e-01 6.332248449e-01 5.569352508e-01 9.336692095e-01 2.020499259e-01 1.020768046e+00 5.744832158e-01 2.561985254e-01 1.825129539e-01 -3.991965204e-02 4.334482551e-01
-2.601578534e-01 7.789841294e-02 1.020679325e-01 1.058250293e-01 3.332575560e-01 5.982696265e-02 6.374313831e-01 3.478053808e-01 9.532387257e-01 7.861806452e-02 9.004186392e-01 6.362948418e-01
7.504680753e-01 6.723245978e-02 8.245275021e-01 1.600972116e-01 3.414672315e-01 5.276262760e-02 5.176821142e-04 8.948224783e-02 -8.186638355e-02 9.823809564e-02 -1.207342863e+00 2.823132277e-02
-1.924326569e-01 -1.264675260e-01 -1.332722545e+00 -3.113939166e-01 -2.911175191e-01 -1.333726197e-01 1.710854322e-01 -2.380336225e-01 5.062282681e-01 -1.117576212e-01 1.384470820e+00 -1.017719209e-01
-9.368766099e-02 -2.811304331e-01 9.928224087e-01 -4.053726196e-01 -1.389975101e-02 -2.923558950e-01 -1.115294546e-01 -3.898361325e-01 -8.917871863e-02 -2.772311866e-01 -1.861895621e-01 -3.442477584e-01
-1.796704233e-01 -1.765405238e-01 2.025491744e-01 -3.316233754e-01 1.419819593e-01 -1.686117202e-01 6.843070388e-01 -2.590266168e-01 -3.462536037e-01 -1.561406106e-01 -4.081369340e-01 -2.979303598e-01
1.489479393e-01 -4.981502518e-02 2.369749397e-01 -5.969048291e-02 -7.279529423e-02 -1.279558539e-01 1.923739165e-01 -7.111766934e-02 2.012553811e-01 -1.581237167e-01 4.181453884e-01 -1.336064339e-01
-2.678515576e-02 3.797984496e-02 -3.154069483e-01 -1.579435766e-01 -1.178096011e-01 1.708704047e-02 1.433339566e-01 -1.033671796e-01 -8.253299445e-02 -2.157984860e-02 -1.025772169e-01 -2.400198579e-01
6.805195659e-02 9.320497513e-02 -4.267832935e-01 -1.313032061e-01 1.244611293e-02 2.760287188e-02 -6.690932810e-02 -9.492890537e-02 3.196889460e-01 -1.967667229e-02 2.159018517e-01 -1.785511374e-01
8.931118995e-02 5.784699693e-02 -3.968548402e-02 -2.266559601e-01 1.689301431e-01 -2.237995155e-02 -7.718686759e-02 -1.413845122e-01 1.276941895e-01 -3.625469282e-02 1.721611470e-01 -1.925479174e-01
1.472819746e-01 -2.034359798e-02 3.339900076e-01 -4.289122224e-01 -1.490836591e-02 -5.285994709e-02 -4.376952350e-02 -2.829210460e-01 -2.062428743e-01 -8.480148017e-02 -1.901149452e-01 -2.751816213e-01
1.150962338e-01 1.024351716e-01 4.368486349e-03 -2.790498137e-01 -1.502072662e-01 7.046651840e-02 4.667161405e-02 -2.422637790e-01 2.962516248e-01 -1.028602012e-02 3.595931530e-01 -2.631119490e-01
-2.075199038e-01 -2.926244959e-02 4.696070552e-01 -2.818109989e-01 5.250051618e-03 -6.309051067e-02 3.149528801e-01 -1.607008576e-01 5.589787960e-01 -1.263394803e-01 1.265306920e-01 -1.185425520e-01
3.252004385e-01 -6.706288457e-02 5.014302675e-03 -2.046720535e-01 4.502559304e-01 -1.171727926e-01 9.095753729e-02 -1.283807904e-01 7.538341284e-01 -1.367010921e-01 2.758518755e-01 -1.682680845e-02
3.118054569e-01 -7.527941465e-02 1.746236384e-01 -3.426943421e-01 1.291353405e-01 -8.430150896e-02 -2.233228534e-01 -2.584434450e-01 5.259562731e-01 -1.178910583e-01 6.644203514e-02 -2.180691361e-01
4.100943506e-01 -2.933182940e-02 -7.252940536e-02 -2.695237994e-01 5.820515752e-01 -6.973055750e-02 -3.965980709e-01 -1.931342185e-01 9.229790568e-01 -1.266033500e-01 -3.639058471e-01 -1.926547289e-01
-3.506008387e-01 -3.165676817e-02 1.141805425e-01 -3.009676933e-01 8.650000393e-02 -3.241479397e-02 5.546051264e-01 -2.558910847e-01 3.127277792e-01 -7.153002918e-02 2.542606890e-01 -3.063296974e-01
5.499517918e-01 -5.291702971e-02 -4.222902283e-02 -1.492301822e-01 4.589522183e-01 -7.342256606e-02 -3.263748288e-01 -1.230345517e-01 3.518198431e-01 -1.040108055e-01 9.709324688e-02 -2.309524119e-01
5.910909176e-01 -1.193003356e-01 5.060747862e-01 -2.163127661e-01 6.689900756e-01 -1.337703913e-01 2.969441712e-01 -1.932172924e-01 6.723334789e-01 -1.590232700e-01 -1.702730954e-01 -1.413547397e-01
3.821074069e-01 -1.578379869e-01 -5.214417577e-01 -3.703013062e-01 1.566093564e-01 -1.107645556e-01 -3.608180881e-01 -2.875208855e-01 3.867040873e-01 -1.264628023e-01 2.391504347e-01 -3.002652526e-01
1.860552728e-01 -1.125705540e-01 3.318058327e-02 -2.519289255e-01 3.551245034e-01 -1.008962393e-01 3.044381440e-01 -2.532916069e-01 4.591185749e-01 -1.363419145e-01 -5.774234235e-02 -2.490390539e-01
-2.198030651e-01 -1.035422385e-01 1.628282517e-01 -3.567359746e-01 -2.752054930e-01 -8.570245653e-02 1.875744760e-02 -3.850968480e-01 -1.183999144e-02 -1.247344464e-01 -5.364004374e-01 -3.571771681e-01
-8.813381940e-02 -1.593645662e-03 -3.262476623e-01 -2.327623069e-01 -2.006927580e-01 -2.098456398e-02 -6.519642472e-01 -3.030280471e-01 8.273222446e-01 -4.705141857e-02 -4.822874963e-01 -1.073660553e-01
3.959441483e-01 -1.011868566e-01 5.011763573e-01 -1.965671480e-01 4.200229645e-01 -1.172488555e-01 9.046905041e-01 -1.272674501e-01 -2.314407229e-01 -1.402703375e-01 2.775163352e-01 -1.551051438e-01
-3.287856281e-01 -1.404240578e-01 -6.339390576e-02 -3.901466727e-01 -2.098173797e-01 -1.367161423e-01 2.519225776e-01 -3.502559364e-01 4.914246127e-02 -1.619949788e-01 3.407421112e-01 -3.998873234e-01
-3.629918098e-01 -1.840312034e-01 7.873124629e-02 -4.044455290e-01 1.937563717e-01 -1.599480808e-01 1.054377407e-01 -3.394174576e-01 -1.468845606e-01 -1.761273593e-01 -8.305343240e-02 -3.721081614e-01
5.441248417e-01 1.598869637e-02 4.531255662e-01 -2.309165597e-01 4.230745435e-01 -2.258210815e-02 4.744033813e-01 -2.323483974e-01 9.169514775e-01 -5.931522325e-02 1.259601712e-01 -1.805832982e-01
5.396999717e-01 3.387646750e-02 -4.421772659e-01 -2.195280492e-01 5.184776783e-01 7.983712479e-03 7.425358295e-01 -2.227763683e-01 3.879095614e-01 -3.304975107e-02 1.555822492e+00 -2.475824654e-01
-1.543308049e-01 -6.767805666e-03 -8.869083226e-02 -2.993092835e-01 -1.452452689e-01 -5.867155641e-02 -2.598921061e-01 -3.132024109e-01 3.759731948e-01 -1.069054455e-01 -6.807339191e-01 -2.056067586e-01
2.618416846e-01 8.623603731e-03 -3.618778288e-01 -2.027605623e-01 3.441493809e-01 -1.353898831e-02 -2.179899365e-01 -9.846159816e-02 3.617564738e-01 -5.686210468e-02 9.279045463e-02 2.085661888e-02
7.160855085e-02 5.729300156e-02 3.732742369e-01 -6.704635173e-02 2.496112883e-01 1.466993801e-02 -1.937558204e-01 7.455098629e-02 6.529529393e-02 -3.597690538e-02 -2.303207219e-01 1.907888353e-01
-2.364715748e-02 9.668552876e-02 -2.613124065e-02 -9.583953768e-02 -2.097247988e-01 8.448068798e-02 -2.378819734e-01 4.993820190e-02 1.692761928e-01 7.518447936e-02 -8.389499784e-01 1.911458969e-01
-5.360191315e-02 9.028664231e-02 -1.210268140e+00 -1.905968189e-01 2.240433544e-02 2.812168561e-02 7.900045812e-02 -3.653360903e-02 6.454414129e-01 -7.325159386e-03 1.471003175e+00 1.716951728e-01
2.990188897e-01 -7.162359357e-02 1.048737466e-01 -2.182043158e-03 1.781501472e-01 -1.155084595e-01 -7.924621701e-01 2.650001831e-02 4.938404635e-02 -9.987001121e-02 -9.109173417e-01 3.630778193e-02
-2.374269068e-01 -1.622372866e-01 -1.583381295e-01 -1.944258809e-01 -3.550978601e-01 -1.939724982e-01 -4.623280168e-01 -1.793855429e-01 -3.717098534e-01 -1.523832232e-01 -1.018194556e+00 -1.329977214e-01
-2.730351388e-01 -1.454548538e-01 -1.367234468e+00 -2.875687480e-01 -9.676060081e-01 -1.488040090e-01 -5.905665159e-01 -3.068501651e-01 -6.356486082e-01 -7.490588725e-02 2.114050537e-01 -2.559716403e-01
-2.890797555e-01 -1.299828887e-01 5.308341980e-01 -2.215265632e-01 -4.961051941e-01 -9.084376693e-02 2.035486549e-01 -1.652577817e-01 -7.741292715e-01 -4.364850000e-02 -2.505828738e-01 -2.214708924e-02
-9.860217571e-01 3.216950595e-01 -2.704061270e-01 -1.110403165e-01 -1.372067451e+00 4.307025075e-01 -3.168589771e-01 -6.058335304e-02 -1.076470613e+00 5.811508298e-01 -2.053820938e-01 2.874141037e-01
-9.073494077e-01 1.458741426e+00 -1.757126600e-01 5.576251745e-01 -3.380698562e-01 1.605465293e+00 -8.329962194e-02 7.412002087e-01 -5.794031024e-01 1.752785683e+00 5.257486925e-02 1.420516610e+00
2.730968595e-01 2.088002920e+00 -8.339172602e-02 1.568885922e+00 2.716720104e-03 2.221437931e+00 3.406192362e-02 1.042294145e+00 3.850534186e-02 2.408260584e+00 1.958448887e-01 2.102889538e+00
-2.513602674e-01 2.605155230e+00 -2.268928885e-01 1.503309369e+00 2.533280253e-01 2.773533583e+00 1.529515684e-01 1.679873109e+00 4.781588614e-01 2.937191010e+00 9.111075997e-01 2.367349148e+00
9.943119287e-01 3.400093555e+00 1.068734646e+00 2.335801125e+00 8.140867949e-01 3.581496000e+00 7.876623869e-01 2.418385744e+00 5.066586733e-01 3.725146770e+00 8.888693452e-01 3.378612757e+00
1.972239614e+00 3.507127523e+00 1.193902731e+00 2.427127123e+00 1.189619422e+00 3.657884836e+00 6.580458879e-01 2.023365498e+00 6.219249964e-01 3.808486462e+00 2.568707615e-02 2.926765203e+00
-1.130718552e-02 3.371734142e+00 3.460888565e-01 8.045417070e-01 2.959051430e-01 3.585174322e+00 -3.204800189e-01 2.748820066e+00 1.413013935e+00 3.800729990e+00 -7.147540152e-02 3.832242012e+00
3.163985014e+00 3.377998352e+00 1.398651004e-01 2.708695650e+00 9.379395247e-01 3.505404472e+00 9.542959929e-01 1.989117503e+00 -2.220369816e+00 3.769161463e+00 2.055812836e+00 2.661393404e+00
-4.106577933e-01 3.353504419e+00 1.298788428e+00 1.224117994e+00 -1.722806096e-01 3.421895504e+00 -9.019293785e-01 1.933817863e+00 4.878491461e-01 3.376132250e+00 -1.913564563e+00 3.164455175e+00
2.352247387e-01 3.478901386e+00 1.034156919e+00 2.616080046e+00 -9.464490414e-01 3.470070601e+00 1.395530224e+00 1.616178989e+00 -6.151484847e-01 3.439895868e+00 1.697864175e+00 3.185089827e+00
7.970511913e-01 3.674935579e+00 1.712231755e+00 3.051393986e+00 6.417330503e-01 3.842316151e+00 1.580209136e+00 2.676833868e+00 3.838675916e-01 3.934130430e+00 1.085701466e+00 3.147221327e+00
1.016213417e+00 3.230229139e+00 8.252209425e-01 2.478753567e+00 5.035442710e-01 3.205859661e+00 9.239755869e-01 2.688261747e+00 9.493874013e-02 3.249552727e+00 1.250712991e+00 1.419835687e+00
7.199535370e-01 2.272380829e+00 1.452088952e+00 1.281110406e+00 3.776733279e-01 2.223477840e+00 9.476103783e-01 6.357985139e-01 3.387192190e-01 2.248258829e+00 1.616668105e-01 1.611142993e+00
3.696543872e-01 1.776251435e+00 -7.839632034e-01 1.298786521e+00 2.378170192e-01 1.707212329e+00 -5.875630975e-01 1.001390934e+00 6.481382847e-01 1.633022428e+00 -2.356306911e-01 1.213394046e+00
9.920685738e-02 1.692194343e+00 -4.342096150e-01 1.138805509e+00 6.010828018e-01 1.679777980e+00 -4.965634346e-01 9.969500899e-01 7.489699721e-01 1.622650385e+00 -2.136703283e-01 1.043335915e+00
7.248672247e-01 1.798089385e+00 7.328486443e-02 9.326140285e-01 1.057691932e+00 1.792177796e+00 -4.986782670e-01 1.104370117e+00 1.078773141e+00 1.784532666e+00 -6.842117906e-01 1.535954118e+00
4.308528602e-01 2.125208139e+00 -3.866139948e-01 1.585913897e+00 7.839709520e-01 2.097457409e+00 -6.032466292e-01 1.302062869e+00 6.864979267e-01 2.126899958e+00 -5.184113383e-01 1.645728230e+00
1.091235876e+00 2.671030045e+00 2.718823552e-01 2.221809149e+00 1.524835229e+00 2.651089191e+00 -4.339690208e-01 1.704035997e+00 1.447345853e+00 2.624405861e+00 -4.519426823e-01 1.992617726e+00
9.597369432e-01 1.167929888e+00 1.974924207e-01 8.116911650e-01 1.405067801e+00 1.094985485e+00 2.065899521e-01 3.924891949e-01 1.513955593e+00 9.702660441e-01 -4.961974453e-03 4.842589200e-01
3.710703850e-01 1.302742660e-01 -5.119665265e-01 1.032939777e-01 4.316286743e-01 8.090831339e-02 -3.777607381e-01 9.421733022e-02 9.001389146e-01 4.233525321e-02 1.581274718e-02 1.162283421e-01
-1.334740818e-01 -1.967086941e-01 8.089300394e-01 -3.263660669e-01 2.155014873e-01 -1.022885740e-01 2.294767857e+00 -2.067490816e-01 1.050682902e+00 -7.594640553e-02 2.585440159e+00 4.646909237e-02
1.147131443e+00 -1.548681110e-01 1.822910547e+00 -2.115658671e-02 2.033057928e+00 -1.490291953e-01 9.870033264e-01 1.086111665e-01 9.363117218e-01 -1.498845071e-01 -9.221962094e-01 -4.259766079e-03
7.050814033e-01 1.333245486e-01 -7.752525806e-01 3.110856563e-02 8.853285909e-01 2.025294304e-01 6.799333096e-01 4.290297627e-02 1.497984171e+00 2.115249187e-01 5.435929298e-01 3.477470279e-01
1.595040262e-01 -7.246026397e-02 2.975763567e-02 -1.057903543e-01 3.939756453e-01 -7.899586856e-02 -2.306376845e-01 -1.657305285e-03 5.736641288e-01 -2.100067027e-02 -9.368641973e-01 2.269309759e-02
6.258332133e-01 3.498375788e-02 -5.122689009e-01 4.376345314e-03 -3.482908309e-01 3.507515043e-02 -1.110886216e+00 -7.116988301e-02 1.083765268e+00 6.994147599e-02 -3.601359725e-01 1.056151390e-01
7.485185862e-01 -7.998944819e-02 3.717525303e-01 -1.278127432e-01 5.593316555e-01 -1.280432045e-01 -1.650204509e-01 -1.640741825e-01 7.277188897e-01 -8.336554468e-02 -4.360404909e-01 -2.315097153e-01
5.424479246e-01 -2.004375160e-01 1.696023494e-01 -2.468005419e-01 1.746612489e-01 -1.919376701e-01 6.299354434e-01 -2.991944849e-01 5.120863914e-01 -1.924218088e-01 1.257963926e-01 -1.614771485e-01
-4.230572283e-01 -1.515634060e-01 -9.312739968e-01 -4.018865228e-01 1.186582260e-02 -1.507652551e-01 -3.871989250e-01 -3.386369050e-01 3.124223650e-01 -1.866819113e-01 5.908693671e-01 -3.328269422e-01
1.218342967e-02 -1.070113480e-01 1.147338510e+00 -2.124987245e-01 -4.163039476e-02 -4.006563127e-02 -7.043251991e-01 -1.710646451e-01 -1.239521876e-01 -3.441004828e-02 -1.137546897e+00 -3.456264138e-01
-2.116113305e-01 -1.348068938e-02 -6.726486236e-02 -3.914824724e-01 1.081644371e-01 -2.134041395e-03 9.176008105e-01 -2.874114215e-01 5.631368160e-01 -6.369547546e-02 5.976972580e-01 -2.978604734e-01
1.058223322e-01 -1.479204446e-01 -1.129423976e-01 -6.039125323e-01 4.730705917e-01 -1.451931447e-01 -3.881113231e-02 -4.719347060e-01 1.053073525e+00 -2.041288167e-01 7.102444768e-01 -3.670325577e-01
-1.812925637e-01 -1.965715736e-01 -5.293383002e-01 -4.576157033e-01 -7.744351774e-02 -2.175160646e-01 -9.595084190e-01 -4.443187416e-01 5.233212709e-01 -2.714391947e-01 -4.714038223e-02 -4.653098881e-01
-2.924773693e-01 -2.337686568e-01 9.881140590e-01 -4.476030171e-01 -1.175489128e-01 -2.017364949e-01 6.633579731e-01 -4.055316448e-01 3.990798891e-01 -2.454596013e-01 2.570103854e-02 -3.071974814e-01
-1.765652597e-01 -1.866978407e-01 -1.473584473e-01 -4.038255215e-01 -1.201600060e-01 -1.703576446e-01 3.606014252e-01 -4.069558680e-01 -7.557409257e-02 -2.174736708e-01 2.949158549e-01 -3.804681897e-01
6.575164795e-01 -2.303988934e-01 -6.504378915e-01 -2.962729931e-01 9.524258375e-01 -2.358787209e-01 -7.646299601e-01 -2.033918500e-01 1.845441461e-01 -2.555718422e-01 -8.709836602e-01 -2.059553564e-01
-5.226659775e-01 -1.460256577e-01 -3.157742023e-01 -2.887901068e-01 -1.379895508e-01 -1.429194808e-01 -2.130394727e-01 -2.153678238e-01 -2.258378416e-01 -1.910880655e-01 2.119760960e-02 -1.614774168e-01
3.005002439e-01 -2.063906193e-01 8.883176446e-01 1.353686396e-02 3.555183411e-01 -1.499528140e-01 3.748896718e-01 1.494649500e-01 6.091520786e-01 -1.253186017e-01 -5.876677483e-02 2.166022956e-01
3.696725667e-01 -1.177703440e-01 4.841010869e-01 -1.116565242e-01 -7.012163401e-01 -9.951724112e-02 1.364991665e-01 -1.810238063e-01 -4.708603024e-01 -7.338969409e-02 -3.747180700e-01 -2.087155879e-01
4.429911673e-01 -1.141282022e-01 -6.444446445e-01 -1.468048841e-01 6.094965339e-01 -1.314040869e-01 1.033695489e-01 2.326452173e-02 2.456576973e-01 -9.810434282e-02 1.162910983e-01 -7.869836688e-02
2.494715601e-01 -1.264036298e-01 2.468656600e-01 -9.328139573e-02 5.174460411e-01 -1.437304765e-01 -2.700930834e-02 -3.506410867e-02 7.723724842e-01 -1.562713832e-01 -4.311199486e-01 -9.942085482e-03
2.689316273e-01 -1.796236187e-01 -2.283333540e-01 -1.538071688e-02 1.982728690e-01 -1.626528651e-01 6.533023119e-01 1.241637766e-01 1.776538491e-01 -1.691596806e-01 7.876921296e-01 1.309510022e-01
9.311239719e-01 -4.878833517e-02 2.711357772e-01 2.143983841e-01 7.916675210e-01 -1.125414670e-01 9.322243929e-02 2.512536645e-01 3.758459985e-01 -1.253779382e-01 -3.816979229e-01 1.567460299e-01
5.108349323e-01 -1.225143820e-01 -2.703732848e-01 -4.851347767e-03 7.380404472e-01 -1.370789707e-01 3.667430580e-02 1.365672946e-01 6.267141700e-01 -1.335729510e-01 -7.020417601e-02 1.684233546e-01
9.626080841e-02 -1.001840085e-01 -7.838702202e-02 6.561308354e-02 3.699167073e-01 -1.186557263e-01 -3.455570340e-01 1.983987689e-01 8.205024004e-01 -1.284838021e-01 -4.403779209e-01 2.601177096e-01
7.672101259e-01 -1.555571854e-01 -1.199051142e-01 1.458751857e-01 4.682157040e-01 -1.581778079e-01 -4.076205194e-02 1.841539592e-01 3.032054938e-02 -1.170884222e-01 -1.558744907e-01 1.459988058e-01
4.938038439e-02 -1.813417375e-01 8.746417239e-03 -7.148260623e-02 4.630687535e-01 -1.945258528e-01 -1.459960192e-01 1.281294227e-01 4.271798432e-01 -1.675014943e-01 -5.128795505e-01 1.850296557e-01
5.974125862e-01 -1.555663049e-01 -3.698089421e-01 1.936434805e-01 -2.417671382e-01 -1.630964428e-01 6.459483504e-02 1.267367788e-02 -2.668443024e-01 -1.740805656e-01 2.761829793e-01 1.280487776e-01
-5.906259641e-03 -1.120407134e-01 4.156039059e-01 4.497741908e-02 5.501141548e-01 -1.348414570e-01 6.785033643e-02 2.296398431e-01 6.459514499e-01 -1.177716404e-01 -3.271647990e-01 3.128116429e-01
3.760903180e-01 -8.838103712e-02 3.302187100e-02 3.245190084e-01 -6.022263169e-01 -1.368899792e-01 -6.181741953e-01 1.347177029e-01 -6.544707716e-02 -9.874649346e-02 -5.504522920e-01 1.930458546e-01
-2.155676186e-01 -7.182566822e-02 4.398348331e-01 2.171646059e-01 1.122045964e-01 -9.146915376e-02 7.735745907e-01 3.125147820e-01 5.232093334e-01 -5.116412416e-02 5.532938838e-01 3.305847347e-01
1.191588864e-01 -1.421487033e-01 1.854181737e-01 1.680598855e-01 1.220704690e-01 -1.754508764e-01 2.790332139e-01 1.727405787e-01 1.907738298e-01 -1.491778940e-01 2.596119642e-01 1.679433584e-01
1.922961771e-01 -1.375637054e-01 6.151621342e-01 8.010488003e-02 1.515268981e-01 -1.509093642e-01 1.041766047e+00 1.293531060e-01 5.235434175e-01 -1.271424741e-01 9.751175046e-01 2.353253961e-01
-3.430340439e-02 -2.844979167e-01 7.923284769e-01 -1.123279110e-01 -3.415690958e-01 -2.693431377e-01 6.901466250e-01 -1.649532318e-01 -1.910142601e-01 -2.239543051e-01 5.765697360e-01 -1.040551364e-01
1.630590558e-01 -4.071660638e-01 1.425373256e-01 -3.496685028e-01 -1.260933280e-01 -4.018227458e-01 7.178799510e-01 -3.009219766e-01 -1.377085894e-01 -4.053865671e-01 6.902454495e-01 -2.834054828e-01
-6.614871025e-01 -4.917374253e-01 1.844783574e-01 -5.463488698e-01 -6.964212656e-02 -5.141493082e-01 5.135247111e-01 -3.475801051e-01 3.122680485e-01 -5.223318338e-01 -1.516200006e-01 -2.983029485e-01
-4.938890040e-02 -6.637520790e-01 -6.000682712e-01 -6.575183272e-01 -3.735693395e-01 -6.215852499e-01 -4.964096844e-01 -6.264753938e-01 -3.192707598e-01 -6.008877754e-01 7.342240214e-01 -6.508724689e-01
-2.931370437e-01 -4.598415792e-01 1.420631707e-01 -5.462003350e-01 -6.915818453e-01 -4.229964316e-01 -7.583363056e-01 -5.390822291e-01 -1.272016168e-01 -3.915954232e-01 -9.121873975e-01 -6.012347937e-01
-9.814368486e-01 -5.069016218e-01 -8.412687778e-01 -6.771345735e-01 -8.899495602e-01 -4.698621631e-01 -5.691961646e-01 -7.166635990e-01 -2.946427464e-01 -4.518877864e-01 -7.282738090e-01 -5.920774937e-01
-3.849027455e-01 -2.756271064e-01 2.497656941e-01 -3.777492642e-01 -2.842060030e-01 -2.544830143e-01 -1.661776453e-01 -2.916503251e-01 -2.813951671e-01 -2.785642445e-01 -5.529057384e-01 -2.952407300e-01
2.674513757e-01 -2.832828164e-01 -2.187573612e-01 -3.252184391e-01 -2.874925733e-03 -2.744610906e-01 -4.285861552e-02 -2.254617512e-01 1.135251597e-01 -2.536291480e-01 1.164832637e-01 -1.743987501e-01
-8.107758760e-01 -4.093419015e-01 1.962427497e+00 -6.094040871e-01 -7.208169699e-01 -3.116209507e-01 1.622660041e+00 -4.657849073e-01 6.797965616e-02 -2.602357864e-01 1.100906253e+00 -2.016347349e-01
1.796260625e-01 -2.667250335e-01 -3.434638679e-01 -1.880006492e-01 4.789872169e-01 -2.254204005e-01 -5.487159491e-01 -1.504422724e-01 -1.300742626e-01 -2.152148634e-01 -3.617370427e-01 -2.498794794e-01
1.911459267e-01 -1.925296783e-01 -3.581615984e-01 -2.510489821e-01 3.335719407e-01 -2.194017172e-01 -8.630748093e-02 -1.430121064e-01 1.838649251e-02 -1.936925799e-01 -5.115416646e-01 -2.080802619e-01
-1.946419775e-01 -4.081305563e-01 -2.525956333e-01 -3.532534838e-01 -2.150180489e-01 -3.696233034e-01 6.558637321e-02 -3.113719523e-01 1.955827028e-01 -3.828828931e-01 -7.856510282e-01 -4.890796840e-01
-1.508130878e-01 -3.084729016e-01 -6.975729465e-01 -5.637174249e-01 -1.318617761e-01 -2.755333483e-01 -2.950316668e-01 -2.842027843e-01 2.163958848e-01 -2.344541997e-01 4.432217181e-01 -1.291803122e-01
2.916933782e-02 -2.102498114e-01 1.303915501e+00 -5.387548804e-01 -2.519932687e-01 -1.375160366e-01 1.032648444e+00 -3.348593116e-01 -2.981174290e-01 -1.567961723e-01 6.760480404e-01 -2.982580066e-01
-2.979641259e-01 -7.658985257e-02 2.228166759e-01 -1.954103112e-01 -2.159007192e-01 -4.644443095e-02 4.767137468e-01 -8.499178290e-02 9.469414130e-03 -1.091991514e-01 -4.577878118e-01 -1.454916596e-01
2.911921442e-01 -6.835937500e-02 -2.097338438e-01 -1.694971621e-01 2.224397659e-02 -4.971517622e-02 -4.872529209e-02 -2.353197150e-02 -1.455228776e-01 -8.610786498e-02 6.368848681e-01 -1.046416759e-01
-1.373610497e-01 -1.083970368e-01 5.642829537e-01 -4.021814466e-01 -9.730555862e-02 -8.083863556e-02 -6.804957055e-03 -2.648523748e-01 -5.771065131e-02 -9.196285903e-02 -2.366358191e-01 -2.983463109e-01
-9.206110984e-02 2.021456137e-02 -1.820862889e-01 -9.816394001e-02 2.695828974e-01 2.902416699e-02 3.918783069e-01 -7.835277915e-02 -2.406360507e-01 5.337001011e-02 2.719582617e-01 -1.848138571e-01
5.465844274e-01 -4.560745880e-02 5.360493064e-01 -9.519071132e-02 4.141586125e-01 -3.834440559e-02 -1.503366381e-01 -5.504257977e-02 3.370148838e-01 -6.461428106e-02 -1.436937004e-01 -1.100825965e-01
-1.605733931e-01 -8.926540613e-02 -5.124562979e-01 -2.641387582e-01 5.807698518e-02 -7.776048779e-02 3.732489049e-01 -1.852205098e-01 6.585206985e-01 -7.488481700e-02 5.323724151e-01 -1.505964398e-01
1.810683161e-01 -1.111109555e-01 3.669116497e-01 -2.012319565e-01 2.137834281e-01 -1.066765189e-01 -3.358755708e-01 -1.135296524e-01 3.685265481e-01 -1.075778455e-01 -4.591740072e-01 -8.306917548e-02
2.242442369e-01 -1.556895971e-01 4.839496315e-01 -1.976292729e-01 4.588406980e-01 -1.411481798e-01 6.786040068e-01 -1.095298082e-01 1.505157351e-01 -1.670241803e-01 -9.445105493e-02 -1.433749199e-01
1.507944316e-01 -8.607444167e-02 -9.441318512e-01 -2.163258344e-01 1.405227035e-01 -5.884878710e-02 -1.336470485e+00 -1.095683873e-01 4.733162224e-01 -4.665403441e-02 -6.280316710e-01 -1.494889259e-01
4.287000299e-01 -1.075529903e-01 1.589656323e-01 -2.372117937e-01 3.089291751e-01 -7.735264301e-02 5.168988705e-01 -1.328225881e-01 5.967533588e-01 -8.915914595e-02 7.283085585e-02 -2.130801678e-01
3.156296313e-01 -1.347070783e-01 2.285819799e-01 -2.098491192e-01 1.354693919e-01 -1.088384241e-01 5.883094668e-01 -6.763793528e-02 1.117274538e-01 -1.242720336e-01 7.444584966e-01 -1.342638135e-01
3.952174783e-01 -2.690149248e-01 -3.752675951e-01 -1.588843167e-01 2.212829292e-01 -2.310270667e-01 -1.320387363e+00 -8.011224866e-02 4.039360881e-01 -1.746160239e-01 -1.378105879e+00 -1.289080977e-01
-1.541084610e-02 -3.929838166e-02 -3.226562962e-02 -1.738644838e-01 -4.098086059e-02 -2.136127558e-03 9.607316852e-01 -8.468745276e-03 -1.134669557e-01 1.892961375e-02 8.899124265e-01 -4.790285230e-02
5.571784973e-01 1.352418363e-01 4.863123223e-02 1.098823473e-01 2.546661794e-01 1.493560821e-01 -2.717233598e-01 2.575532198e-01 2.157112956e-01 1.605371982e-01 2.121150494e-01 2.241007090e-01
1.391803324e-01 5.265988782e-02 8.535327017e-02 -1.303166803e-02 2.497114390e-01 4.274552315e-02 -3.757251501e-01 7.833839953e-02 1.787300408e-01 7.210911810e-02 5.642011017e-02 1.619797945e-02
-2.391464561e-01 -5.402291939e-02 1.090887666e+00 -1.191347912e-01 4.399494231e-01 -2.542331256e-02 2.543240547e+00 1.515418477e-02 1.249727234e-01 -5.629645661e-03 1.994614005e+00 2.322807908e-02
-7.593020052e-02 -7.252048701e-03 3.466147780e-01 -7.335690409e-02 -7.179036736e-03 3.498326987e-02 -9.512356520e-01 3.265458345e-02 3.848728240e-01 5.605487153e-02 -1.096493363e+00 1.632732153e-02
2.870562971e-01 -8.050407469e-02 7.516573370e-02 -1.054134443e-01 4.683428109e-01 -6.866947562e-02 5.149838924e-01 -1.574510150e-02 8.893898726e-01 -8.509559929e-02 1.814142704e+00 1.302428842e-01
1.620847918e-02 -1.639381498e-01 1.239971757e+00 -1.055719629e-01 -2.760629952e-01 -1.155244559e-01 -2.141597122e-01 -1.792493761e-01 -5.230692029e-01 -1.035868675e-01 -5.700939894e-01 -1.855177879e-01
2.950519919e-01 -1.135236025e-01 -3.328968883e-01 -2.637133598e-01 -1.005886644e-01 -8.719263971e-02 6.870959997e-01 -2.198314965e-01 -7.420404255e-02 -5.304097012e-02 1.752125263e+00 -1.533498168e-01
-3.366621137e-01 -9.306240082e-02 7.239557505e-01 -3.541494906e-01 1.791369617e-01 -6.483145058e-02 -2.093877941e-01 -1.929959506e-01 4.266313836e-02 1.568661444e-02 -7.702303529e-01 -8.641840518e-02
-6.018347293e-02 -2.867966518e-02 -6.257572174e-01 -2.151986808e-01 -4.759867489e-01 -2.274026163e-02 -5.410386622e-02 -2.108477652e-01 -6.222816929e-02 1.519126585e-03 -3.353916109e-02 -1.564391851e-01
1.307435334e-01 5.733998492e-02 1.895026565e-01 -6.088074297e-02 6.371011138e-01 4.890579730e-02 1.018896550e-01 4.233627021e-02 9.850852489e-01 2.878843062e-02 -1.227459311e-02 1.381461024e-01
3.188105226e-01 -8.118110895e-02 2.162784636e-01 -2.350082695e-01 -2.247881144e-03 -6.717547029e-02 5.608992279e-02 -2.287589610e-01 2.528900504e-01 -4.036356881e-02 2.340752482e-01 -1.875693202e-01
-1.531892717e-01 -7.270480692e-02 2.882152498e-01 -2.262065411e-01 -6.330230832e-02 -6.908517331e-02 3.176546097e-01 -1.581885070e-01 -2.227460733e-03 -2.893839963e-02 4.982871115e-01 -1.840929389e-01
-1.036915109e-01 -1.094340086e-01 9.418085814e-01 -2.040582597e-01 6.728261113e-01 -1.169057637e-01 1.171828151e+00 5.670459569e-02 7.460310459e-01 -1.093557328e-01 5.716907382e-01 1.196116060e-01
-3.908998519e-02 -1.854678690e-01 8.367591351e-02 -2.272324562e-01 -6.684385538e-01 -1.773697287e-01 2.935791612e-01 -2.678946853e-01 -6.544809341e-01 -1.679086834e-01 3.574435413e-01 -2.917236090e-01
-6.396396756e-01 -2.238209844e-01 1.356412470e-01 -4.268066287e-01 -7.808555961e-01 -2.167591751e-01 -9.268520772e-02 -4.078712165e-01 -1.461330056e-01 -2.133425921e-01 -1.643634140e-01 -3.015654385e-01
4.498713464e-02 -5.960718915e-02 -4.998692498e-02 -2.014408857e-01 9.839892387e-03 -8.859407902e-02 2.672365308e-02 -1.390833408e-01 4.425617754e-01 -1.065130085e-01 2.492560148e-01 -1.780726314e-01
9.958820790e-02 2.377801016e-02 6.814939976e-01 -2.933964878e-02 1.740105748e-01 -3.725306597e-03 5.856863260e-01 2.543948032e-02 9.561421275e-01 2.123309067e-03 3.744665384e-01 1.564723253e-01
7.901802659e-01 4.269077256e-02 1.837387979e-01 1.453277618e-01 7.510503531e-01 -1.930780150e-02 1.594570279e-01 1.905319840e-01 3.704646230e-01 -3.395636752e-02 2.836343050e-01 4.607106745e-02
4.916260540e-01 -6.545309722e-02 6.192097440e-02 4.350525886e-02 3.920167387e-01 -7.297682762e-02 -1.558422893e-01 1.097884104e-01 4.003122449e-01 -8.484987915e-02 -3.824444860e-02 1.165574789e-01
3.049678504e-01 -4.517243430e-02 2.758947611e-01 7.153510302e-02 5.824398249e-03 -8.335039020e-02 8.069346845e-02 1.061044075e-02 4.327420890e-01 -1.303633004e-01 -4.397604614e-02 1.415939480e-01
9.502393603e-01 -2.671312913e-02 -1.050693244e-01 2.386742532e-01 5.657744408e-01 -1.018083841e-01 -1.710087210e-01 2.401565313e-01 2.293047756e-01 -1.588077992e-01 3.614551574e-02 1.551704407e-01
1.259570718e-01 -6.115190312e-02 1.517931372e-01 8.217465132e-02 2.207482457e-01 -9.965044260e-02 -4.326543421e-04 1.059300676e-01 5.840466022e-01 -1.740454584e-01 -1.419280916e-01 2.031825781e-01
3.970551789e-01 -2.482476458e-02 -2.699234895e-02 1.261453032e-01 4.039004445e-01 -7.866001129e-02 -3.446879983e-02 1.704980433e-01 3.293256462e-01 -1.356664449e-01 -3.383325040e-02 1.677969694e-01
4.089084566e-01 -7.575716823e-03 8.219455183e-02 1.636669189e-01 3.294658065e-01 -7.516849041e-02 9.263069369e-03 1.604383886e-01 4.778699875e-01 -1.359211802e-01 -5.692389607e-02 1.508359164e-01
3.900957406e-01 -2.050415799e-02 -1.319059543e-02 1.588890404e-01 5.021335930e-02 -7.613794506e-02 -3.485684842e-02 7.955276221e-02 7.699342072e-02 -1.300004572e-01 9.881503880e-03 6.341014802e-02
1.997716129e-01 4.581633955e-03 -2.410071902e-02 1.323931217e-01 7.790775597e-02 -5.789242685e-02 -1.318801790e-01 1.320829391e-01 2.291478366e-01 -1.039598063e-01 -4.877423495e-02 1.171522439e-01
2.977842987e-01 -2.654805407e-02 6.017443910e-02 1.648535132e-01 1.445828974e-01 -8.050496876e-02 1.224168688e-01 1.913084090e-01 2.798892558e-01 -1.166837737e-01 1.614454985e-01 1.288506240e-01
3.491052091e-01 -3.884695098e-02 5.455080047e-02 1.744618714e-01 1.747361869e-01 -1.046958715e-01 -7.858909667e-02 2.055931538e-01 1.957339644e-01 -1.109177545e-01 -1.445966661e-01 1.070038378e-01
3.590103686e-01 -3.261613473e-02 -8.609512448e-02 1.468863487e-01 1.322729886e-01 -7.387346029e-02 -1.959384829e-01 1.684833616e-01 8.011252433e-02 -6.535309553e-02 -1.650312394e-01 8.106797934e-02
3.477617800e-01 -3.699516878e-02 -8.478951454e-02 1.862904876e-01 1.353428215e-01 -7.796391845e-02 -1.574550867e-01 1.810936928e-01 6.843442563e-03 -7.306295633e-02 -1.348837614e-01 1.015993357e-01
3.060462773e-01 -6.611047685e-02 -1.190348715e-01 1.676897407e-01 -7.892297208e-02 -7.780155540e-02 -9.694988281e-02 8.678297698e-02 7.043486089e-02 -4.884502664e-02 -6.986173242e-02 1.233830750e-01
1.067422554e-01 -8.034300804e-02 -5.042938050e-03 8.236894757e-02 1.703025997e-01 -1.023544371e-01 -7.575643063e-02 1.509092003e-01 4.355927706e-01 -8.100765944e-02 -1.307155192e-01 1.247399747e-01
1.031229123e-01 -6.600928307e-02 -5.813160166e-02 1.149572954e-01 4.463170767e-01 -9.422728419e-02 -1.757446080e-01 2.401492894e-01 5.049217939e-01 -9.143468738e-02 -1.229533032e-01 1.623268127e-01
4.169406593e-01 -7.924464345e-02 -1.221521348e-01 1.310880929e-01 1.684145778e-01 -9.326976538e-02 -2.518833280e-01 1.406328231e-01 3.753992543e-02 -8.829256892e-02 -2.484711558e-01 7.324387133e-02
2.248361856e-01 -1.189758331e-01 -9.413711727e-02 2.845390886e-02 4.231658578e-01 -1.547334939e-01 -8.220716380e-03 1.417592019e-01 4.502461255e-01 -1.472012401e-01 1.220399514e-01 1.391403079e-01
4.429910481e-01 -5.566221103e-02 -5.412695464e-03 7.997671515e-02 4.605096281e-01 -1.368086338e-01 -1.816046089e-01 1.702130735e-01 8.966405392e-01 -1.348174065e-01 -2.384109199e-01 1.471391320e-01
8.743886948e-01 -6.235986575e-02 -2.215541005e-01 2.778219581e-01 3.041829169e-01 -1.321468502e-01 -3.000678420e-01 1.402100474e-01 1.667144448e-01 -1.337333769e-01 -1.575765312e-01 4.522325099e-02
4.320137203e-01 -5.802905187e-02 2.291149087e-02 1.788656116e-01 3.652262092e-01 -1.313085407e-01 -1.986477673e-01 2.019843310e-01 4.534511268e-01 -1.763421744e-01 -1.939455271e-01 1.167839020e-01
3.085885048e-01 -5.784988031e-02 -3.384939134e-01 1.580158174e-01 8.426618576e-02 -1.262056977e-01 -5.058239102e-01 1.887523830e-01 2.206654549e-01 -1.713045835e-01 -3.439221084e-01 1.308755130e-01
