0.8774639940371709 0.47706374487749387 -0.04967013682080774 1.9731858987061883 -0.47599501396814947 0.8788563503634776 0.03225309447557312 -1.5560830778959887 0.05903969720279375 -0.004658191628774643 0.9982447672815287 -2.6363409573923464
0.8781455108805831 0.47582808060404447 -0.04947827229149371 1.8856387723712602 -0.4747500539612899 0.8795243462574052 0.0323930641378219 -1.5425854927212415 0.05893087462470495 -0.0049560114159973925 0.9982497633191872 -1.3971868563697725
0.879078776776535 0.4741233549873974 -0.04927015807327628 1.8058375820489898 -0.47310045934195755 0.8804478530649191 0.03142504421323657 -1.528326407187668 0.05827915228879188 -0.004315355010802994 0.9982909987171236 -0.1891673216450913
0.8798486323845267 0.4727722839696802 -0.04850517087044297 1.727822879396407 -0.47174598043217314 0.8811713425360722 0.031508650229177246 -1.5119735074323508 0.05763778306949928 -0.004840723424117118 0.998325825249235 1.0381767932619845
0.8807583001027598 0.47119655269916944 -0.04731411548910674 1.6521324780941498 -0.47012838587136063 0.8820063301402892 0.03231306841587535 -1.495203307648287 0.05695715581107329 -0.006216294465245973 0.9983572707628446 2.289764951430797
0.8811078427054745 0.47063048418204756 -0.04643185201429452 1.5716180885224538 -0.46953269352225213 0.8823009521272958 0.032925363916092354 -1.4764334639520462 0.056462547202945974 -0.0072095238289028064 0.998378687437546 3.5637504394059816
0.8812383315512635 0.47037745143907433 -0.04651941726233823 1.4894318706887333 -0.46938749821374953 0.8824483589502039 0.030988228518748575 -1.4578143833582886 0.055627147377730314 -0.005472381910461137 0.9984366146685746 4.836815145044232
0.8812246388875343 0.470415494622525 -0.046393946119948994 1.4063030556605165 -0.46957148066013865 0.8824392635471899 0.028347322641461482 -1.439600502171777 0.05427485944874277 -0.0031950851849394963 0.9985209216949246 6.145259005399989
0.8809100147704505 0.47111602950259973 -0.04524635480158837 1.3208889012024674 -0.47033670959459767 0.8820671217166074 0.027220808112687223 -1.422010840369353 0.05273448098590637 -0.002698060838082426 0.9986049243734295 7.5085470536865415
0.8810789237017407 0.4709346029085194 -0.04382385186149824 1.2385077517719227 -0.47020435788276294 0.8821642760313113 0.026344865196316895 -1.406791543811818 0.05106654518020756 -0.0026057393477535514 0.998691853419167 8.89280745593635
0.8812394485769685 0.4708199475118794 -0.04178051336057233 1.1613706834998132 -0.47012224285773235 0.882223867736171 0.02580937750213213 -1.3942626665261506 0.049011335853834576 -0.0031022929492743353 0.9987934044317079 10.237013495765396
0.8818290215273785 0.46997606337139924 -0.03873082299654813 1.093494923995927 -0.4692897345716681 0.8826673092640365 0.025798569383599392 -1.3854264717631972 0.04631114139946232 -0.004573949552553628 0.9989165916971103 11.54433143500685
0.8830620001591379 0.46786183292747846 -0.03614981555532939 1.0344928802008262 -0.4671931347812656 0.8837827645031053 0.025663202849686737 -1.3781918985525956 0.04395541705181005 -0.0057732535878754765 0.9990168120981815 12.824758512169831
0.8838773182716654 0.46634014909476934 -0.03588525584636172 0.9774745627091106 -0.4658022376277898 0.8845993719080006 0.02263242454789814 -1.3686259845777267 0.04229848302049198 -0.003288854244301319 0.9990996055308633 14.127726309681856
0.8838948093245709 0.4663201836241718 -0.035713476361177075 0.9197488414753385 -0.46591281975347937 0.8846158116411104 0.019496414642255433 -1.357111194412994 0.04068427753375736 -0.0005934132280942155 0.9991718758163176 15.472127759534386
0.8830145218880048 0.4680709444573585 -0.034567977807451966 0.8621898626308494 -0.4677541203342264 0.8836903889858351 0.017244689745518165 -1.345705853930132 0.038619127971179314 0.000942002580311737 0.9992535592060138 16.87683557503435
0.8831042178975048 0.4680800024479018 -0.032063244377483896 0.8089034106320057 -0.4677414974051496 0.883685788513196 0.017813443939935364 -1.3352845452932083 0.03667195027301821 -0.0007338175418464253 0.9993270883824729 18.316165301568915
0.8828516472111427 0.4687556237486265 -0.029002314056118274 0.757697454984686 -0.4683454892370185 0.8833183813448308 0.02002847696874644 -1.3259991832346694 0.03500673832152412 -0.004099070917370178 0.9993786699193178 19.767305417031462
0.8835471830463054 0.46755811569313965 -0.027088443669225856 0.7107189889684977 -0.4671173708807652 0.883941545280356 0.02118268983910531 -1.3173697683970917 0.03384873930269923 -0.006062423348664919 0.9994085800466002 21.213299153386696
0.8846621427415828 0.46542537684218943 -0.027424656628275142 0.6677845075263185 -0.4650318360320084 0.8850747907089338 0.019697876236739017 -1.3094096073924266 0.03344076369600962 -0.0046726269746581815 0.9994297783639355 22.665817783543787
0.8852972502359256 0.4641693113944056 -0.02820689781514004 0.6241737226207582 -0.46384601318306845 0.885743250114131 0.017486306969461733 -1.3007553769707028 0.033100676411265115 -0.0023969223810311807 0.9994491482732967 24.14308920990171
0.8849997562805049 0.4647205292688797 -0.0284650849199682 0.580401147530194 -0.46448058941956666 0.8854574126555774 0.01493159153419814 -1.2932491658696597 0.03214363756485517 7.024552859126541e-06 0.999483259747134 25.669651256682123
0.8845197656840186 0.4656684908112272 -0.027886211285946885 0.5358512568544884 -0.4654640911954487 0.8849589146725592 0.013816625824089768 -1.2870082192382806 0.031112118569548076 0.0007589513566295721 0.9995156127199587 27.215797168897335
0.8849600850699462 0.4648275906951732 -0.027945639400729597 0.4976400190458181 -0.4646829154288295 0.8853977143709892 0.011860670098820563 -1.2840320964941858 0.03025617195810644 0.002489641570614665 0.9995390766464777 28.733335775284
0.8855329303132323 0.4637772233584931 -0.02724181390340541 0.46315752234688046 -0.46364920162334866 0.8859477652147262 0.01122386497894028 -1.2827132253828801 0.029340197083400577 0.0026915432228443847 0.9995658599763142 30.188481261558927
0.8856084997703983 0.46371050522510043 -0.025887303419007454 0.4267209410944166 -0.46356032623637555 0.8859855584329484 0.011891769754060304 -1.2839180613005539 0.028450115536687918 0.0014688744467864713 0.9995941343034234 31.602266209002266
0.8854878852612558 0.46401095220115396 -0.024597587136323977 0.38777953058407655 -0.46382291390271224 0.8858294148106531 0.013211827845344856 -1.286452062008812 0.027919699037559656 -0.00028998895866484686 0.9996101271556115 33.02425190685594
0.8854853444877213 0.4640569347275643 -0.02380894850093155 0.35165166136403325 -0.4638611656606849 0.88580489848984 0.013509285818159479 -1.2901327945717729 0.027359160977150687 -0.0009182280016790251 0.9996252463638388 34.441508669763834
0.8848468854411192 0.4652980109940285 -0.023318453854256953 0.31408792229683136 -0.46511213856408284 0.8851537156909741 0.013175665402915798 -1.2923398229788465 0.026771026978763147 -0.0008127505552233388 0.9996412614288386 35.84333362783489
0.8852905223276268 0.4645074670396875 -0.022214953100395004 0.28173234922660595 -0.46431607468643593 0.8855678103751616 0.01342520074799544 -1.295677210697971 0.025908953368653908 -0.0015704431596277684 0.9996630731619657 37.17685774712848
0.8859688193721069 0.4632488078807922 -0.021442786605779734 0.2516088166881938 -0.46304686098912873 0.8862251014877601 0.013880706794889171 -1.300220379647964 0.025433356611162274 -0.002368858382452616 0.9996737132091927 38.47135684107869
0.8873846319768853 0.4605313000841147 -0.021434471630623505 0.22424242136696249 -0.4603296565865508 0.8876401846857672 0.01383870651207118 -1.3037610185342827 0.02539925585833466 -0.002413332520411642 0.9996744738303519 39.77430347163124
0.8879240277855014 0.4594666522195051 -0.021938923842656572 0.19442614347199316 -0.4592770375025198 0.8881933059617609 0.013313679717816303 -1.3042754053569925 0.025603197145719757 -0.0017454921712411918 0.9996706605442613 41.131626682650726
0.8884376257901181 0.45848848957130367 -0.021607637794159827 0.16310309745418516 -0.4582875231634625 0.8886972819270328 0.013772697927590203 -1.3029019602584193 0.025517272446675843 -0.002333672241414307 0.9996716574859738 42.55904854899679
0.8893847277120144 0.45668765579233234 -0.020765142896963597 0.13116086206781397 -0.4564634717742267 0.8896195947966269 0.014767379243005736 -1.3015090378285508 0.025217157818574983 -0.003655352348425094 0.9996753139648713 44.035809994332254
0.8899314830940114 0.4556336588254777 -0.020492055616817044 0.09819245193251525 -0.45541512677840174 0.8901599629965493 0.014570606692785691 -1.2995426411181656 0.024880066308329566 -0.0036344495170078156 0.999683836558941 45.5702069618021
0.8905889527857407 0.4543694995526164 -0.019991874657056714 0.06462611250208905 -0.4541507758158055 0.8908045052308842 0.014642618832128609 -1.2970543906420111 0.02446201140341079 -0.003961229186231849 0.9996929121792527 47.15527766465811
0.8903938774118711 0.45479166864909054 -0.01905993690520474 0.028036747719270005 -0.4545565945780237 0.8905830594693485 0.015495693332228808 -1.2957486704364203 0.02402176914976845 -0.005133450456766937 0.9996982556218273 48.791378417523404
0.8904353339948582 0.45473880949038 -0.018372019941699843 -0.007450152406306421 -0.4545024056883446 0.8906070122965928 0.01570709621940497 -1.294034492520623 0.02350487602549333 -0.005636026207358733 0.9997078353257104 50.41807134324985
0.8902826337585776 0.45504652371941773 -0.01815194972350685 -0.04153567747870768 -0.45480774140884167 0.8904483250525473 0.01586501704073873 -1.2906667473028044 0.023382694080871756 -0.005868701899738911 0.9997093617424684 52.009435032485726
0.8908342027570135 0.45395176675601784 -0.01849909882581179 -0.0710809330969151 -0.45372288910059566 0.8910106066841185 0.015350527111768649 -1.2850877428927376 0.02345129217091911 -0.005281310016507894 0.9997110305783492 53.55334045105874
0.8910549202468341 0.45354458899357875 -0.01784474428382023 -0.09903561064099686 -0.4533128186911414 0.8912144751030064 0.015628428493179632 -1.2779415450817724 0.022991683587806466 -0.005836536774452657 0.9997186190745275 55.05883743157536
0.8913987846383341 0.4529080168438759 -0.0168087781783732 -0.12373056871834964 -0.45268813881090925 0.8915364401803534 0.015369606711288517 -1.27144370811374 0.021946656356207617 -0.0060913142335588845 0.9997405864351472 56.53690712724361
0.8924176685356843 0.4509539731480847 -0.015205886599976187 -0.14354464207150275 -0.4507354175189283 0.8925178129456925 0.01579673917859738 -1.2678272152887626 0.02069512694748302 -0.007243457502844735 0.9997595931242839 57.99643659160942
0.8937951108907889 0.4482449413104967 -0.014379580566667105 -0.15896976373302762 -0.44804788274589297 0.8938835976168661 0.015006954336326287 -1.2675530320835118 0.019580462574889396 -0.006970401787500878 0.9997839861611486 59.45363825185285
0.8939289378902512 0.4479796761372833 -0.014327029362131665 -0.17693363135893447 -0.4478207964495875 0.8940284575675878 0.013025026931969755 -1.2656345761930732 0.01864371930881487 -0.005227506791581517 0.9998125248780793 60.92814328669434
0.8940773253775514 0.4477083506110039 -0.013526604854872434 -0.194081275032161 -0.4475573248390532 0.8941632524005735 0.012826497547659892 -1.2655181396646233 0.017837523052148575 -0.005413949538372129 0.9998262408647622 62.45594214979522
0.8947921564047117 0.4463108653012443 -0.012393883598844758 -0.21093385931867958 -0.44616123696348264 0.8948564523227227 0.01311794067706393 -1.2690330420330713 0.016945426162313353 -0.006208159988777423 0.9998371423795641 64.04688454389733
0.8946403186609503 0.4466518325905224 -0.0109927553307703 -0.2305775197861526 -0.4464911842233504 0.8946724668749728 0.014380522475970835 -1.2726745693337878 0.016258002247034394 -0.007957226864900635 0.9998361665310759 65.66086719147829
0.8946190605137834 0.44673979724166607 -0.008960475763686485 -0.25100793381800357 -0.44657242780699064 0.8946046054491246 0.015989578849600023 -1.2744850296353236 0.015159264098458695 -0.010303080592345366 0.9998320075104128 67.16941900618663
0.894210562861778 0.44759070573230414 -0.0070731469998112605 -0.2693922652234608 -0.44742391321623004 0.8941524907364217 0.01741163955893382 -1.2738699082324678 0.014117760045365337 -0.012404976900931723 0.9998233871036376 68.54782337803248
0.8939460738388303 0.44813631696430734 -0.005853074901935058 -0.2866641337202067 -0.4479734105619767 0.8938599073277559 0.018283585575265746 -1.2714155512337808 0.013425367690026961 -0.013722517614610834 0.9998157090247711 69.85202338298465
0.8931183265683159 0.44979365336629423 -0.005032309530842782 -0.3060607896927283 -0.4496366868122565 0.8930158323398275 0.018696873078231768 -1.2659557644281076 0.012903666932660545 -0.014435809011228968 0.9998125338271587 71.16438721614344
0.892477822574038 0.45107153511073733 -0.004219766148506429 -0.32262705239907663 -0.4509237042527052 0.8923622094260676 0.018907673871933095 -1.2598631313513615 0.012294273322328133 -0.01497188702439849 0.9998123291110217 72.51117666454063
0.8928657524449447 0.4503120018362412 -0.0031383296768731847 -0.33329143653109705 -0.45017397631573247 0.8927279653297023 0.01949797339145962 -1.2562377415843418 0.011581846096626332 -0.015996278333689745 0.9998049709420664 73.87254907082155
0.8931971878156655 0.4496539053210906 -0.00318576641945469 -0.3436174550111777 -0.4495277944624735 0.8930769850031919 0.018391869489382158 -1.2524955410007346 0.01111511061086706 -0.014995475554379113 0.9998257798381713 75.25790024161518
0.8944304733339552 0.4471945449732212 -0.0033417536999824056 -0.3503983620484852 -0.4470752473178311 0.89432333174143 0.017592655814576703 -1.248861163406162 0.010855948014697197 -0.0142413921055386 0.9998396527161741 76.65976879026611
0.8955412185344681 0.4449671828154552 -0.0031830996023587107 -0.3579915760368739 -0.44485089292442653 0.8954327075679551 0.017548483748267514 -1.247396259284851 0.010658750871547499 -0.014299385818979443 0.9998409466485454 78.07496124994184
0.8955997955235689 0.44484844373863724 -0.0032967198023919533 -0.3694248944358747 -0.4447316619015481 0.8954939619004669 0.017444572281781503 -1.2461619767723893 0.01071238350835593 -0.01415719969201842 0.9998423968488492 79.49076357187847
0.8960922827356266 0.4438557050725843 -0.0032762625313664867 -0.38020840437214765 -0.44373928341996166 0.8959860385481094 0.017448984979278888 -1.2442376159537616 0.010680317017500982 -0.01418209439353775 0.9998423870925957 80.89756116056809
0.8959932910571515 0.4440573989400351 -0.0030081268568288733 -0.39117315968740174 -0.4439439006303871 0.8958830472442006 0.017532220439083708 -1.2411991540868987 0.01048024206081537 -0.014373312320342734 0.9998417736918626 82.25058145010907
0.8963836716473954 0.44327376843735267 -0.002163196543124422 -0.39958873509791326 -0.44316618514022676 0.8962548897253856 0.01819079414422767 -1.2386750270336584 0.010002277350391813 -0.015347275285460066 0.9998321937150851 83.55949754108497
0.8968735839918226 0.44228470153644683 -0.0014202550760972123 -0.4075991436152535 -0.4421799594981142 0.8967225776913887 0.019118108608331713 -1.2371400842388007 0.009729221752594103 -0.016518518254674017 0.9998162235124813 84.84454474083512
0.898483561924821 0.43900360316956216 -0.001767867367649006 -0.4111931167789524 -0.4388881735004667 0.8983265044819092 0.019663735828704447 -1.2362847494953662 0.010220572993342992 -0.01689164732814484 0.9998050870735908 86.15841806710877
0.8987818706799335 0.43838911724116025 -0.002476049595003432 -0.4215441919409275 -0.43825579813850535 0.8986227636964271 0.020223351962005413 -1.2309015946762094 0.011090731944391799 -0.01709123901634147 0.999792421062405 87.49674138911894
0.8997727034332914 0.43634940957590634 -0.0028766159120916764 -0.4290733218964706 -0.43621516799121335 0.8996259841703014 0.019733621563626586 -1.223500461065122 0.011198632539077803 -0.016500950529494816 0.999801134856767 88.83060382211757
0.9008343066986335 0.43415599705216174 -0.002474287460520942 -0.43227016080897784 -0.4340398967676736 0.9006998886351806 0.01868364596332598 -1.2170832263707976 0.010340207381919564 -0.015756929784037713 0.9998223838637947 90.14459914339238
0.9014884807172147 0.4328007425497068 -0.001427018777834783 -0.43578182240566354 -0.43271126751258754 0.9013602293812254 0.017626566809143346 -1.2109383422765372 0.008915049176519283 -0.015272659828914258 0.9998436216528723 91.44655344299375
0.9025616361491113 0.4305603456700339 -0.0005307431975980778 -0.43725294879187326 -0.43049246987799544 0.9024399201465947 0.01668603919908159 -1.206860393217635 0.007663310654278604 -0.014831697890366638 0.999860637492799 92.74780298099405
0.9029292526959232 0.4297889366020285 -0.00048435573801802745 -0.44017555662987795 -0.42973169928202254 0.902826293585332 0.01534112913574857 -1.2026228178577874 0.007030736673258917 -0.01364381125169792 0.9998822006398358 94.09387306271447
0.9032441170264742 0.42912707565306246 -0.00013415855325380876 -0.44431069816334046 -0.42907604564340207 0.9031414408980697 0.015142152673316431 -1.1962855108417958 0.006619071844886474 -0.013619496099770674 0.9998853420337263 95.5420210969965
0.9036108822859968 0.4283537074643674 0.0006889962665909298 -0.44961029403059904 -0.42830661641144063 0.9034852166094898 0.01636782533780446 -1.1899422705647658 0.006388720725413269 -0.015085246754260548 0.9998658007842136 97.08449579118559
0.9036537178335983 0.4282618267675366 0.0013289015200322338 -0.45732215633234863 -0.42821851777796754 0.9035084671000707 0.017359461700286998 -1.1828512356318066 0.006233721004174262 -0.016256002344235687 0.9998484300683916 98.66117552120606
0.9044878293169034 0.4264983378016157 0.0009666799144046282 -0.4617495392694049 -0.42645637086328486 0.904361975067931 0.016259821688747025 -1.1772318850863719 0.006060558366551341 -0.015119057632418421 0.9998673330640392 100.20237696935277
0.904776337399811 0.42588698899967337 0.00022777659514402505 -0.4662084439911758 -0.4258490455148719 0.904688324725076 0.01384288771212511 -1.1726302624594986 0.0056894389405046574 -0.012621715688846416 0.9999041566958372 101.7047696144445
0.9050874231628371 0.42522551057916086 0.00014691885262034434 -0.4704250690529037 -0.42519738363572246 0.9050234715624192 0.011819512276132465 -1.1693780829179943 0.004892993132378215 -0.010760161420787485 0.999930136331737 103.16314889928847
0.9061935869540573 0.42286123081621385 0.001249974374938716 -0.4718803299977148 -0.4228449435542366 0.9061233896097617 0.011939703209603077 -1.1687053151679672 0.0039162065772477975 -0.011348227822692585 0.9999279379291939 104.60640038439273
0.9071729179572336 0.4207476041221982 0.002958132922979835 -0.4733156865849115 -0.4207493258122271 0.9070866395051769 0.012799736706833691 -1.1680485177058595 0.0027021757004793865 -0.012856206930429647 0.9999137043714559 106.06760345423204
0.9078431081048807 0.41929153448302336 0.003937026459583634 -0.47565122149081107 -0.41930637314327013 0.9077560511460994 0.012693189082320444 -1.167974328409221 0.0017482871355995106 -0.013174244513994125 0.9999116874872392 107.57244118658657
0.9084569534121539 0.4179588357444488 0.004046655440501392 -0.4771936585415384 -0.4179774153778445 0.9083909028241268 0.010993084209040802 -1.1704784388703922 0.0009187116882357258 -0.011678154371094224 0.9999313859857186 109.1333792484234
0.9085481054738174 0.41776079632691876 0.004032008462003701 -0.4796093130103991 -0.4177801551348804 0.9085121945613728 0.008082964107073773 -1.176682953018042 -0.0002863833342523851 -0.009028254846856099 0.999959203467325 110.71701453816047
0.9083881755561276 0.4181018676428571 0.004663773511491003 -0.4825657936404013 -0.41812360670290855 0.9083728050309702 0.005612182990676405 -1.1876362810067542 -0.0018899808367073565 -0.00704807446925808 0.999973375954937 112.31220130157811
0.907466742018156 0.4200770889705103 0.006273073649906663 -0.48739702219155623 -0.42010666019008913 0.9074636533991217 0.004484620769935598 -1.2019247708367824 -0.0038086998942152544 -0.006705004219469452 0.9999702679197687 113.91216817240897
0.9074164193980355 0.42013457200481913 0.009076519882521552 -0.48672421993259296 -0.42018922505315986 0.907421422611424 0.0052322973048976856 -1.219084647351465 -0.006037959595363859 -0.00856172834125288 0.9999451184198745 115.46318014137242
0.9069331763707439 0.4211072927961381 0.01186851094210563 -0.4853905166672918 -0.42119876929415456 0.906944398626481 0.006592006154648909 -1.2380743515366162 -0.007988137653100549 -0.010977511282660623 0.9999078377044934 116.95139139840327
0.9065845767329043 0.4218120205685033 0.013380005005212428 -0.48132626288841807 -0.42192114953529564 0.9066081280420965 0.006651747351118265 -1.2578566373600764 -0.009324634300483553 -0.011675678649435297 0.9998883586297218 118.3604409820111
0.9063221263915229 0.42234936174355286 0.014185198199688975 -0.4761505186254027 -0.4224597116676274 0.9063629142105519 0.005836074148220216 -1.2776390190568814 -0.01039207538733593 -0.011282037873182592 0.9998823532749108 119.74607195698029
0.9060770624861079 0.4228520411028757 0.014849517557152594 -0.47006203654179934 -0.42296438666953323 0.9061306325876752 0.005329568043267634 -1.2979402726711293 -0.011201984012392507 -0.011109816442863577 0.9998755360207557 121.11746447312679
0.9054385535213849 0.42418549224076124 0.01573829627271065 -0.46629405020970593 -0.4242982609379166 0.9055111581205019 0.0045308149741144325 -1.3169384832658195 -0.012329296904699664 -0.010780106295072327 0.9998658798789485 122.45948920869803
0.9051024617530413 0.4248597418862707 0.01684438936020024 -0.45890174742292 -0.4249676502425013 0.9052026242430692 0.003271897130238031 -1.3367362223446835 -0.013857488082394336 -0.010119722713355542 0.9998527697797573 123.78964300770465
0.9053499466969269 0.4242906702129796 0.017857804626949008 -0.4480640254224415 -0.42438640055286225 0.90547944600021 0.0017764844330383969 -1.358647656073506 -0.015416129269673395 -0.00918694951416667 0.9998389584912993 125.1149537569407
0.9062723884583181 0.4222706078200195 0.018918025514542088 -0.42922831945913087 -0.42235471355647514 0.9064304970515646 0.0004999514818142346 -1.3833158362361642 -0.016936760454274773 -0.008443209470785876 0.9998209131435231 126.46483775133518
0.9066810595713591 0.42131533106521896 0.02056326880544449 -0.4113938832410571 -0.4214091961101509 0.9068705662402 0.0002559706593227157 -1.4092150021498089 -0.018540378862267753 -0.008897634325313505 0.9997885208658169 127.80548642819205
0.9073502840727308 0.4197820460923981 0.022327018869897932 -0.3921415553296055 -0.4198842037623195 0.9075776771820709 -0.0001237403837325464 -1.4371858336361985 -0.02031544791581012 -0.00926248666824268 0.9997507133864432 129.11031516977465
0.9079572751137768 0.4183679808263258 0.024120928408145184 -0.37138679505361005 -0.41846612629555197 0.9082317783182373 -0.0010667689958506763 -1.4668807350500261 -0.02235369569361913 -0.00912521080296071 0.9997084789160489 130.36189064830344
0.9081631298240932 0.41783265206615494 0.025604774856911847 -0.3516903065373185 -0.41791417699350275 0.9084835063889822 -0.002336511721848348 -1.4953287800489636 -0.024237786531631656 -0.00857866461324607 0.9996694134650225 131.59669341072814
0.9085512469411421 0.4169016834521718 0.026974395571419812 -0.32930319878326175 -0.41699205583293797 0.9089068239453615 -0.0024516846817408547 -1.5244079519057658 -0.02553932367777704 -0.009020627489475387 0.999633118311803 132.8641085372819
0.9090795945398468 0.4157885065295063 0.026347839175776867 -0.30578184246816154 -0.4158717148942334 0.9094198555044298 -0.002498632672922339 -1.5528573359210445 -0.02500015084352953 -0.008685865084583837 0.9996497127521893 134.16632281847632
0.9097283419499299 0.41449595853040944 0.024237248502883644 -0.2827085673699863 -0.4145703319065901 0.910014833190206 -0.0021079081251439953 -1.5800925996802064 -0.022929975052167196 -0.008130420392673242 0.9997040124498584 135.49420119164182
0.9104464938305183 0.4130511336191418 0.021816115320096537 -0.26654153221876853 -0.4131420918295935 0.9106665006542569 -0.0003695196894464292 -1.6058193582152804 -0.02001983592304285 -0.008676727613282779 0.9997619319455711 136.80738612994628
0.9112566144228272 0.41138838052724336 0.019260919962989804 -0.2531834357120397 -0.4114759081487985 0.9114204101948591 0.0006425677858273374 -1.6332060154697572 -0.0172904506526084 -0.008510948678603041 0.9998142847893409 138.10486724293213
0.9120240385533338 0.40980808045229783 0.016416159626197736 -0.242020038165758 -0.4098778698819277 0.9121398800193324 0.0009854234492130444 -1.65799088000144 -0.014569999379663901 -0.007627350413064361 0.999864760176972 139.35717613550406
0.9119829098799765 0.40999514570159296 0.013825794298431972 -0.23370431877187325 -0.41004675088226245 0.9120639565626075 0.0010006149433003778 -1.6793338199581906 -0.012199761380979357 -0.006581765758099303 0.9999039184750471 140.56748701659362
0.9125187829559949 0.4088817847328818 0.011187352956161497 -0.22781676774890247 -0.40892338567291053 0.9125672783832708 0.0016208250852640725 -1.6978887512513487 -0.009546486385915131 -0.006053803581741419 0.9999361059887169 141.74331705386817
0.9129768799289224 0.40794131287542235 0.0075565841972007955 -0.22376516839027216 -0.4079586717882535 0.9130000006120194 0.0008491143737696044 -1.716897894717001 -0.0065527725442525485 -0.00385799584401342 0.999971088102077 142.939257443922
0.9142848804495889 0.40505385806444133 0.0038117513553628185 -0.21975094525551064 -0.4050588876103641 0.9142903869268918 0.0006212414441452122 -1.7362340037266102 -0.003233411377823641 -0.002111975423341501 0.9999925422775281 144.20069670737985
0.9157794113451662 0.40167966205777705 0.001232414481296464 -0.21987590469282514 -0.40168154666183964 0.915775618017777 0.0026367623165408794 -1.7560088356149162 -6.948133702891856e-05 -0.0029097307970748377 0.999995764310546 145.5436191334451
0.9176732259818768 0.39733477789558264 -0.0009615563873258735 -0.2251926721663926 -0.3973269985408027 0.9176661211567907 0.0044884642819259845 -1.7773795242333663 0.0026658106787817667 -0.0037368911839958173 0.9999894644933539 146.93320339845658
0.9186820617971838 0.3949768466184439 -0.004069393987827151 -0.23723296691191087 -0.39496926993712766 0.9186907757350878 0.002556244236694252 -1.7981152586982445 0.004748172007244273 -0.0007410901533651212 0.9999884527573181 148.32783472675467
0.9191196767905014 0.39392506178597353 -0.00648578703348828 -0.25467847337954885 -0.39393246589084946 0.9191393749944603 0.00014714601732157117 -1.8180678670362074 0.00601930674427213 0.002419717279463013 0.9999789562358833 149.74115873011402
0.9187023308774325 0.39487040242029486 -0.007961942778587644 -0.2764177552549649 -0.39489358845277567 0.9187256066682066 -0.0015210032967013874 -1.838774392785898 0.006714241525663997 0.0045414694288436475 0.999967146468404 151.16191154850995
0.9183697422222238 0.39562922267686695 -0.008633350148503825 -0.2986593560936639 -0.3956571216556962 0.9183966656434835 -0.0017339602255816633 -1.8606511457436374 0.007242834653518696 0.0050082630753935055 0.9999612285719632 152.63253153577784
0.9187047771154097 0.3948692304818047 -0.0077345539002080365 -0.3201680779152256 -0.39487579800758754 0.9187342275063823 0.000723433566090859 -1.8832764738034309 0.007391661058160693 0.0023895662704837306 0.9999698262046914 154.1431417805477
0.9197274058190906 0.39249199044855465 -0.007178887032100191 -0.3365962158967255 -0.3924861621266455 0.9197551274250354 0.0022623250112081533 -1.9055746851599251 0.007490762603669456 0.0007368915058913249 0.999971672332034 155.6964415389389
0.9204343301253043 0.3908318516072786 -0.00714896468102314 -0.3531228645126048 -0.3908205532096197 0.9204620906866985 0.0029723387427366974 -1.9247032385135652 0.007742035630967327 5.8119711936853793e-05 0.999970028304043 157.2373214403469
0.9206910499114929 0.3902260362458051 -0.007185488762954313 -0.3735886449027639 -0.3902205930271446 0.9207187617126852 0.002202409545390873 -1.9411013222900886 0.007475251863215091 0.0007761869295885978 0.9999717586729299 158.77608320947698
0.9202452990543017 0.39128988758750416 -0.006388539756403407 -0.39477531683206935 -0.3912882004286279 0.920266862813415 0.0015637815971849744 -1.958461702433896 0.006491053364957638 0.0010606975610924314 0.9999783703395277 160.32977258454295
0.9193654964591988 0.3933663806770258 -0.005474894829165427 -0.416301397838595 -0.39337222549691075 0.9193792971923429 1.0085803317878318e-05 -1.9778688011162204 0.005037472376187059 0.0021443990237354944 0.9999850126001322 161.91044622127384
0.9180332178575057 0.3964702483055398 -0.005133528877803308 -0.438223407458294 -0.3964869972452668 0.9180361657651427 -0.002767555359791159 -1.9974201186860185 0.003615511807127043 0.004576085202579648 0.9999829936146871 163.51238015218135
0.9167463874726574 0.3994446063657132 -0.004479676458726273 -0.45519888096557515 -0.39946211692389855 0.9167404941523297 -0.0041089565612683196 -2.0196234748710755 0.002465400274225225 0.005556332125161441 0.9999815243167262 165.12115601501475
0.9152920332957453 0.40277108387312516 -0.003993467291777121 -0.47153610509065436 -0.4027865522451474 0.9152831755602427 -0.004438678500156011 -2.043660284668406 0.001867382073841144 0.005671201991512262 0.999982175017216 166.7229294490965
0.9140787424467783 0.4055151955616313 -0.00418076255371794 -0.48575175995869535 -0.40553265104570124 0.9140672671858469 -0.004929502535322285 -2.068225159192391 0.0018225100175966952 0.006201389200177111 0.9999791103964243 168.2983483584267
0.9131310291791757 0.40762674966351614 -0.0056706709425641 -0.49759412021895555 -0.4076605113090126 0.9131033910897313 -0.00742325398393681 -2.095416316145012 0.0021519919740099485 0.00909011216612115 0.9999563684438193 169.87449921433992
0.9123628456848489 0.40931940601672373 -0.007187605440129236 -0.508780774854465 -0.40937317936441764 0.912319953142244 -0.00926839336695137 -2.1268094950067167 0.002763662590653351 0.011398550638240688 0.9999312152405447 171.48470423686254
0.91087693401765 0.4125938006272867 -0.00834066895030266 -0.5246505668280779 -0.4126642183679689 0.9108259995349492 -0.010209870220346733 -2.1607011845197235 0.003384368975324915 0.012741830916069839 0.9999130921192828 173.1108067063682
0.9092784980714993 0.4161036309452881 -0.008389353907637856 -0.5438252919414672 -0.4161686273621993 0.9092464684566873 -0.00863326117453209 -2.194714117961113 0.004035659091530816 0.011341424654434544 0.9999275401460374 174.74921669442207
0.9081331662025999 0.41860285795363106 -0.008111704869815791 -0.5631898924634917 -0.4186533716259637 0.9081261858345012 -0.0060153992299961075 -2.228271634324944 0.004848388294632097 0.008858776142091851 0.9999490063079263 176.3827664899409
0.9070742825704176 0.4208994050445914 -0.007741881713958915 -0.5819963674675677 -0.4209311303194045 0.9070876745976101 -0.002989000021951403 -2.2622199847880773 0.005764497150006703 0.005970044071170064 0.9999655639802785 178.02941424419035
0.9076142993819576 0.41971851975945057 -0.008523363674946223 -0.5968023687971518 -0.41974381737496747 0.9076416194326182 -0.0013484988789613968 -2.2954651597377485 0.007170169655565937 0.0048015460710426425 0.9999627662180421 179.67128819346254
0.9077497072293425 0.4193947815702629 -0.00992402220251793 -0.6156217003715023 -0.4194135481093934 0.9077952589672396 0.0002084679700808086 -2.327134485807159 0.009096410684107383 0.003973032624666582 0.9999507339486431 181.26256133429055
0.9077373310234247 0.41930365768233796 -0.01404921779614442 -0.6404759557926907 -0.41937099508627657 0.9078124956038629 -0.0021074405887502694 -2.3530867916659783 0.011870397921588411 0.007804836942675197 0.999899083994721 182.7626106634008
0.9073522394173678 0.419991872465436 -0.01785331026073062 -0.6682362279139251 -0.4201344308652639 0.9074481661899287 -0.004988554906849924 -2.372794236724025 0.014105801140294841 0.01202716681163949 0.9998281720539166 184.12423741305744
0.906916935805411 0.420859063724875 -0.019476140016611007 -0.6979723872460082 -0.4210110309779028 0.9070453141259025 -0.004302315326515616 -2.3930182146955667 0.015855073139159983 0.01210151242065527 0.999801065238923 185.386585772618
0.9061772177618745 0.422437153414451 -0.019740856730262688 -0.7290314488361485 -0.42255939304719936 0.9063323380392135 -0.002291805392591842 -2.412560503103972 0.016923633089009262 0.010418466272481742 0.9998025035993849 186.55364816707527
0.9056410346825082 0.4236090070161022 -0.019228246774701606 -0.759352549964716 -0.4236687276783182 0.905816591040603 0.0010547905091828867 -2.4303203275917182 0.01786408370535217 0.007191145278412563 0.9998145637781807 187.68944908094642
0.9052327293299558 0.424485790637192 -0.019118558966562622 -0.7887486533066688 -0.4245021639210147 0.9054205577111119 0.0033950700253699354 -2.4470500939225293 0.018751495306125222 0.0050425411470250954 0.9998114593274902 188.82808773608852
0.9048835839864652 0.42520964540137 -0.019556505041852506 -0.8196031633911605 -0.4251977695988739 0.90508682996877 0.004968595901056527 -2.4641130947301857 0.019813030054829026 0.003819381458616018 0.9997964073576784 190.0385924399305
0.9046611450784204 0.4256332868763534 -0.020603827028830395 -0.8504096509966781 -0.42561502715024974 0.9048877234704953 0.005482387826357922 -2.4803282725319145 0.020977636885361355 0.0038095951515174425 0.9997726870321513 191.30860804942645
0.9044255075897093 0.4261268162780469 -0.020746991826124876 -0.8804017246644738 -0.42610726959836964 0.9046554655392137 0.005575254743330291 -2.495794704398066 0.021144645102715198 0.003798041438231023 0.9997692128009915 192.6047599452862
0.9046963128845508 0.4255625959439397 -0.020519707272636627 -0.9056990424435374 -0.4255558710367111 0.9049188253416482 0.004911228815635571 -2.510619737009672 0.020658704685564872 0.004289111300587052 0.9997773859439743 193.87359987157228
0.9050243710924013 0.4249215514589758 -0.019301886811928327 -0.928625579630729 -0.42491743146449545 0.9052208359355318 0.0045182547288109285 -2.525446660370691 0.019392373924279473 0.004112577522165319 0.9998034919621485 195.1379629798496
0.9050727232082153 0.4248823290047935 -0.017842987528094607 -0.9537231821899568 -0.42487056638674575 0.9052422507783173 0.004633489399301597 -2.5413525264208916 0.0181209139579356 0.003387315348510595 0.9998300648470515 196.45198135999246
0.9049119369186116 0.4252571859910385 -0.017050284020808673 -0.9848030930905665 -0.4252517142955293 0.9050657192245133 0.004125939084536581 -2.5595373848555694 0.01718621281493541 0.0035170509804780554 0.9998461203812719 197.85357129285595
0.90515930379879 0.4246962082489612 -0.0178819866190882 -1.0169439629837864 -0.42474430601677954 0.9053125550373583 0.001205071805234579 -2.5801404031126194 0.01670057642162096 0.006504490040471969 0.9998393782785809 199.30541738989444
0.9041954373892702 0.42671227476448575 -0.018634526281736678 -1.0534499167390572 -0.426831482747687 0.9043269289383329 -0.002773253031351572 -2.5997918058693315 0.015668322815077556 0.010461365220808153 0.9998225159986545 200.75286213302826
0.9021840676368873 0.43100838754739945 -0.017195289062748677 -1.0953648757190135 -0.43112068508503026 0.9022883152124668 -0.003278890492853303 -2.6206536245582583 0.01410187909374918 0.010371407563145339 0.9998467737164453 202.213671362965
0.9003568946988892 0.4349226728916671 -0.014132613804308861 -1.13821767377331 -0.43497396135350175 0.900442815750827 -0.0006233034304512722 -2.6441880145897807 0.01245452177387599 0.006708514551835371 0.9998999353534792 203.71072469094054
0.8993107316736109 0.437161123565415 -0.01141752774025544 -1.1752820083264062 -0.43718097466524175 0.8993731766592337 0.000827343114954044 -2.6690584102699604 0.010630300439055409 0.004247487363697554 0.9999344756351141 205.25305610140703
0.8992139817111793 0.43739248301089373 -0.01010103463475442 -1.2054005763858946 -0.4374084751554579 0.8992626740263493 0.0006848103086216622 -2.6945056284106936 0.009383014297361034 0.0038024871527475423 0.9999487487537292 206.8188992649676
0.8994983140158832 0.43681294639957446 -0.009860676462938846 -1.232497740427056 -0.4368335258882506 0.8995423643006413 7.408409653950673e-05 -2.72229969587392 0.008902457111566 0.004240835547015874 0.9999513796036484 208.41102498609433
0.9003399372379052 0.43506638812099363 -0.010258427842447328 -1.2569428030782133 -0.43509826707884447 0.9003824219793553 -0.0009960801065348173 -2.7507619378444215 0.008803147132253433 0.0053602348778033744 0.9999468848307009 209.97495745937485
0.8997997764310995 0.4361811856081499 -0.010311918153898312 -1.284168558901357 -0.43622609563818276 0.8998336599486523 -0.0024855397165040646 -2.777884226074576 0.008194865393091921 0.006734815876036223 0.9999437416356508 211.49336940764096
0.898998301219381 0.4378609728417971 -0.00893436437041395 -1.311497681464833 -0.4379012490754206 0.899017732670232 -0.0031003875022018786 -2.8057449371615246 0.006674613311238135 0.0066996124151001805 0.9999552813654384 212.97058364486386
0.8981362832580141 0.43966474147263174 -0.006792039552686041 -1.3359476934438854 -0.439691473590004 0.8981436789432288 -0.0030561457058414527 -2.836494096806048 0.004756547879715445 0.0057312372249411925 0.9999722637014187 214.45211899092865
0.8988415201458936 0.4382384792175122 -0.0055639010543333586 -1.3509702866172777 -0.4382619282706721 0.8988381763459299 -0.004051539410845196 -2.869675206181403 0.00322550620714713 0.006080137847754149 0.9999763137362107 215.92297039449898
0.8990428679988105 0.4378356868256365 -0.004672562722704242 -1.363624820783716 -0.4378566994905799 0.8990287804860366 -0.005363074585361453 -2.9023366414013547 0.001852622921758007 0.006867546848440583 0.9999747019743024 217.372425462397
0.8995108713580708 0.43688388231847647 -0.0035588873234387933 -1.3737167457457895 -0.43689820829997533 0.8994878494301719 -0.0064470389915237385 -2.9352411809646757 0.0003845684808483123 0.0073540531560965725 0.9999728846370094 218.7735008043207
0.8993816969165978 0.4371587612288071 -0.0021864885815071062 -1.384886508224609 -0.43716222338593835 0.899351170493649 -0.00752745481348239 -2.9687640559331703 -0.001324271756418834 0.007725905293312109 0.999969277873933 220.17513413120133
0.8988959273253311 0.4381617677845395 -0.0006140764296821725 -1.3953913521996375 -0.43815100689760766 0.898862069062963 -0.008406899218169122 -3.0033928089154864 -0.0031316118128730036 0.00782598567462376 0.9999644728467484 221.5536867047905
0.8985840594408574 0.4388002877002648 0.0009978140888065243 -1.403575247374796 -0.43877322851913436 0.8985497778801332 -0.009292502701713624 -3.041283945301379 -0.004974138486830644 0.007912280690863136 0.9999563259265796 222.94161387423975
0.8982457912012812 0.43948728186523395 0.002329735584591733 -1.409947641701844 -0.43944386184658 0.898211443084107 -0.010261374085991499 -3.0807505051109105 -0.0066023385666957295 0.008193448082309054 0.9999446367344416 224.32146600837612
0.8979838808318651 0.4400147862035863 0.0034550959981326157 -1.4135296816289211 -0.4399558794430477 0.8979508088891125 -0.011098151147196637 -3.121771770989132 -0.007985856850601962 0.00844587103879935 0.9999324443944996 225.70737792475097
0.897093988403087 0.441816137860598 0.004569058654538315 -1.417830261182597 -0.44174451142777127 0.8970673492598383 -0.011487276238084624 -3.1630566282572565 -0.00917401735788821 0.008286809873277175 0.9999235801738264 227.11868607754053
0.8966205912059088 0.44276383827932647 0.005630180967481898 -1.4191699409919378 -0.4426744976414656 0.8965970081231364 -0.012373122585657507 -3.206097296912575 -0.010526374658162873 0.008601658956404513 0.9999075991809219 228.57119609860516
0.8961598925677009 0.44367918884576946 0.006798848300132741 -1.4187654036294464 -0.44356538656451905 0.8961386287848783 -0.01361270882043428 -3.252561216975283 -0.012132386200441698 0.009183429899633562 0.9998842282086278 230.09869647058153
0.8958499447536148 0.44427255617196726 0.00864709878358507 -1.4160309867578391 -0.4441388685710413 0.8958504776403863 -0.013877576731182327 -3.302709277606279 -0.013911934063313688 0.008591713677779918 0.9998663113370199 231.6810974341753
0.8954965132648897 0.4449424567835752 0.010592680577797062 -1.413049116865428 -0.4447872497756588 0.8955230878437176 -0.014237330362876301 -3.355852112305117 -0.015820782769268984 0.008037990436205369 0.9998425343734464 233.3032488332251
0.8948532979810454 0.44619056989161515 0.012310582124484479 -1.4102756157881644 -0.4460118852536931 0.8949041439695853 -0.014831430089947821 -3.4077795035423604 -0.01763443520202095 0.007781288187853062 0.999814221867865 234.89601582777303
0.8944151082531198 0.44703388820242906 0.01350247855689182 -1.4048629159031396 -0.44682473414076074 0.8944789789031554 -0.015969134616803438 -3.4595393532753094 -0.019216427571208415 0.008249793875572061 0.9997813109937653 236.42522867729946
0.8942583859087034 0.44731516697218393 0.014528614132426388 -1.3962921640979666 -0.44707113535830434 0.8943315911536113 -0.017274402857675307 -3.5082334480979953 -0.020720500992935972 0.008952455601674522 0.9997452247334332 237.84388009514817
0.893412886645147 0.448937294394394 0.016392671479304566 -1.3876349101598098 -0.44865283477962387 0.8935173991613387 -0.018365490469004632 -3.5557372010333976 -0.022892090786875867 0.009053347325765952 0.9996969486207335 239.1990378662749
0.892610253864389 0.45040301701892355 0.01959737116053329 -1.37746787821093 -0.4500893044800004 0.8927924081319075 -0.018475225972679636 -3.6031408472675626 -0.025817681709669003 0.007670608990394361 0.9996372387365607 240.5280057752478
0.8923592959898581 0.4507724067945365 0.0223410862123406 -1.363323013091149 -0.45042101523698835 0.892611455512422 -0.01912324556342281 -3.652322062498506 -0.02856214091007328 0.007001911214757299 0.9995674951427617 241.87614483859622
0.8922071653767782 0.4510380877234942 0.023043816373799805 -1.3469860708353623 -0.4506066651473705 0.8924599812857424 -0.021652139114198977 -3.7032086366790344 -0.030331623350905248 0.00893449641495651 0.9994999586786939 243.26223267624545
0.8921441470370823 0.4511375857533301 0.023530822937906037 -1.3297101554745951 -0.4506465909876364 0.8923950327254359 -0.023425533039679036 -3.7563198119597225 -0.03156692792623516 0.010294867052472083 0.999448620377092 244.6664681575915
0.8907308279087962 0.4538956084138124 0.02402850131754619 -1.3151964430238738 -0.4533857305057683 0.89099444059474 -0.023880665883097917 -3.8124596748880517 -0.03224859046009312 0.010377065670250327 0.9994260077271421 246.1018355356327
0.8898932031242396 0.4554708196406452 0.025227355968500603 -1.2967661412146785 -0.4549720616893509 0.8902035380372091 -0.02319663657040818 -3.869154836018826 -0.03302287261011367 0.009164787063389211 0.9994125757477037 247.56769160358812
0.8885103421996997 0.45813207196331174 0.025775500824948797 -1.2736112396424537 -0.4576177179058812 0.8888373257768225 -0.02354214443339551 -3.9270067047898776 -0.03369563863153717 0.009122112941236448 0.9993905097571723 249.0833866485642
0.887897128791199 0.4593074049596325 0.025988390361740017 -1.2430970866548516 -0.4587598360532623 0.8882232564176527 -0.024471607695603442 -3.9872826282954286 -0.034323483342016015 0.009805840508190545 0.9993626688961313 250.66634096397047
0.8872746670739546 0.46048281813247016 0.026443134715509548 -1.2097488174272837 -0.4599477444564236 0.8876216718818091 -0.023996665918270474 -4.05064845943855 -0.03452155179380546 0.009129173594762046 0.9993622569675247 252.29477731074203
0.8860444124759903 0.46283045396627065 0.026707115184052756 -1.1798762161774334 -0.4622981856795578 0.8864030729472697 -0.023874249454774676 -4.1144682157775865 -0.03472299868195878 0.008806994437138171 0.9993581691323273 253.94876718176985
0.8855445739947443 0.46376492131617486 0.02707222238882786 -1.1489714249513714 -0.4632470195477228 0.8859206598766572 -0.02338339761161065 -4.177251078779297 -0.03482824067649178 0.008165914542365512 0.9993599509141177 255.5684331663074
0.8855348485572904 0.4637780156725836 0.027165864046983075 -1.1181063929777755 -0.46326771194382493 0.8859161306172161 -0.023143823853368224 -4.236025927992558 -0.03480027386316786 0.007909594871005836 0.9993629867310605 257.0722453611777
0.8853219470098297 0.4641729568330575 0.02735902570601651 -1.0938028270600118 -0.46369684408397455 0.8857177202174631 -0.02212141223666643 -4.287347641369939 -0.034500535202920686 0.006898277874880081 0.999380871756646 258.4518710791705
0.885288952877256 0.4642489672622014 0.02713607026583765 -1.0741003258611348 -0.46380944527162193 0.8856838173646212 -0.021094410047812866 -4.333016020955164 -0.03382703638102454 0.006088682485941479 0.9994091552288596 259.7342474585378
0.8851092853313705 0.4646426860427747 0.026243614978648307 -1.0552518243676914 -0.4642129149838031 0.8854752646400257 -0.020974395650877692 -4.379620062261404 -0.0329836714516776 0.006382007335854509 0.9994355143779581 261.0253070952652
0.8849525620906944 0.4650029462577901 0.025124148158528235 -1.0346931244345456 -0.46454840935567704 0.8852749682193256 -0.021977397693650362 -4.4309472403353105 -0.03246133414120563 0.007777571333621019 0.9994427303102085 262.35717875347274
0.8842321262297064 0.466336023004671 0.025773253412808828 -1.0188304234408019 -0.465906885498181 0.8845828736720581 -0.02106925844616844 -4.483895869504046 -0.032623932759224705 0.006622178967221265 0.9994457592871404 263.72416299558364
0.8843455090724578 0.4660690080271016 0.02669644807854297 -0.9992605820451262 -0.4657055073160553 0.8847380367438227 -0.01889409416151979 -4.53967913532268 -0.032425314784474024 0.004276224423777258 0.9994650133275331 265.1054977565498
0.8846180485186285 0.4656082714129716 0.025687464392562608 -0.9778591110015676 -0.4652618219228074 0.8849799575043652 -0.018490859272739097 -4.594801987071812 -0.031342388169445824 0.004405951361421797 0.999498995645537 266.4989008250592
0.8844129068158412 0.4660949281126374 0.023860600269710004 -0.9588176339899142 -0.46575643608508216 0.8847190121783333 -0.018525974617261645 -4.646710940352323 -0.02974478950804935 0.005271382918377648 0.9995436258709524 267.91802098977416
0.8840624622820796 0.4667927145175024 0.023197509718269015 -0.9440697820577705 -0.4664748210844012 0.8843523588366496 -0.0179484460144098 -4.696288567735369 -0.028892976274924827 0.005046493182202576 0.999569771866146 269.34137069536337
0.8832201139978885 0.468371636429375 0.023457203968655204 -0.9335713501387062 -0.46808156612052126 0.883522504576445 -0.016959698261709656 -4.74383566406265 -0.028668409228932483 0.0039992618616200345 0.9995809763179996 270.7458617937955
0.8826647677287665 0.469384660384734 0.024102871319237114 -0.9223260478047712 -0.46910269247276465 0.8829874250102281 -0.016609370506189526 -4.7906482871532425 -0.029078716015778393 0.0033537843277877746 0.9995714983959662 272.12954248461875
0.8819258175030429 0.47071032078503267 0.02527145282809106 -0.9094696650553307 -0.47042871039302986 0.8822838095871106 -0.016495689691821795 -4.83625047766078 -0.030061285061377264 0.0026595576530589722 0.9995445192154021 273.4984609306026
0.8815973511918478 0.47126389638629257 0.026390345475737362 -0.8948524690559354 -0.4709898224892877 0.881990359280888 -0.016173844536227583 -4.880842779076433 -0.030898179283381455 0.0018292343706781383 0.9995208634233653 274.8626870262637
0.8815878730952165 0.47129468914186945 0.02615603177323393 -0.8748123615437635 -0.4710270372975012 0.881974032514742 -0.01597923979500033 -4.925415005989393 -0.03059987166953125 0.00176690587094677 0.9995301525704225 276.2319376340779
0.8809886670328707 0.47244194130478695 0.025643335504788718 -0.8545456308601544 -0.47218353863376733 0.8813600746377065 -0.015720199677892004 -4.9665976006009345 -0.03002789374798284 0.0017409568586922533 0.9995475449753636 277.62148769380997
0.8804690616289823 0.4733969453777222 0.025875927446619224 -0.8333282176745831 -0.4731692314379767 0.8808489346167241 -0.014698054462390562 -5.0078470166585785 -0.029750797209065604 0.0006974895176107086 0.9995571037083367 279.0111818662801
0.8801051567800064 0.474043891261086 0.026406479645895337 -0.8130720998836016 -0.4738491729214308 0.8805010453550562 -0.01359670733419975 -5.048314523636358 -0.029696368985400387 -0.0005461562999166851 0.999558816369692 280.3882960591832
0.8800298608391469 0.47416542550589297 0.02673187771646319 -0.791859981208421 -0.4739920404138314 0.8804347724188524 -0.012890195502750208 -5.090138253965684 -0.0296477597090389 -0.0013269403084450741 0.999559527778938 281.75085113830187
0.8801321370436497 0.4740239031372798 0.02586040598052915 -0.7701842846021282 -0.47382276901920006 0.8805119698994287 -0.013807766756714471 -5.133418959299138 -0.02931560850394201 -0.0001005899062679512 0.9995702001258916 283.10368585876074
0.8805695513069436 0.47324294760598584 0.025266140431153383 -0.7452718864384356 -0.47299121315124726 0.8809302691538475 -0.015529751132698858 -5.180252740626944 -0.029607053092121045 0.0017243635726477903 0.9995601277449347 284.46423426842506
0.8797141180266179 0.47483169147826654 0.02525738134761299 -0.7266496167869362 -0.47459398770517736 0.8800756989105025 -0.015076837244293022 -5.226208844221825 -0.029387367673000136 0.0012763052462397618 0.9995672832111758 285.83631333440286
0.8797312477531566 0.47481210459600093 0.025027925519129985 -0.7078357410748171 -0.47460847398478284 0.8800871192083847 -0.013908954860968034 -5.272143076248087 -0.028630895000160504 0.00035767667714233257 0.9995899879044833 287.2515843238058
0.8793711484580098 0.4755283599979004 0.02406578686327391 -0.6915316625194545 -0.4753264464899479 0.8797000597386049 -0.013877109322042587 -5.315963007773323 -0.027769633178701455 0.0007640246100971619 0.9996140573939105 288.6915632940873
0.878806639548951 0.47663752845912605 0.022705874769681347 -0.677688438493893 -0.47643320910028286 0.8790986079253992 -0.014036908848936668 -5.358625181875977 -0.026651220442718886 0.0015178959132402113 0.9996436407244887 290.13932950421207
0.8791485057662065 0.4760859543340042 0.020977819117522056 -0.6675682031414734 -0.47590445022594985 0.8793971746741384 -0.01325003510490772 -5.399720416890258 -0.024755990470653442 0.0016653110897653185 0.9996921364474124 291.5677201330164
0.8789638355008392 0.4765314055184827 0.018449808569021647 -0.6610131681620266 -0.47636674249082334 0.8791541019659461 -0.012758982919287419 -5.437762982387831 -0.02230028094745657 0.0024258093562221166 0.999748374801696 292.9557009486285
0.8790453883080322 0.4764194938180134 0.01742616436767435 -0.6551848669570219 -0.47630119613093114 0.879217435552369 -0.01067106297246843 -5.474334469857499 -0.020405289966704637 0.001080245761995145 0.9997912068079361 294.32183381445094
0.8785849090126354 0.47724130686219496 0.01814642333144454 -0.6460874338381952 -0.4771568913207113 0.8787719722870817 -0.009006763449194365 -5.513817539771903 -0.020244967780022362 -0.0007454844999132673 0.9997947717068972 295.7054453013762
0.8784997254780431 0.47735455507418406 0.019257753891129534 -0.63321711467409 -0.47728107221790445 0.8787091592366117 -0.0085435107664752 -5.554040955085155 -0.021000248511162646 -0.0016858895626999863 0.9997780490383115 297.1490905042823
0.8788533582516164 0.4766532811650069 0.0204554209071676 -0.6140480525502889 -0.4765879459985554 0.8790878820137388 -0.008271966240217808 -5.597275286505348 -0.021924972491067854 -0.002478961725123823 0.9997565455299764 298.67088171945494
0.8795428239002036 0.4753426365197927 0.02130255459019548 -0.5935966224569724 -0.4752750149352453 0.8797966565657079 -0.00845596086240933 -5.642113584438389 -0.022761395035408645 -0.00268719225530125 0.9997373144450624 300.20256587472335
0.8806680103078454 0.4732220072083877 0.022017890772864018 -0.5737443044334554 -0.47313598843040966 0.880940377954846 -0.009294457528804744 -5.688493717509855 -0.023794790866909797 -0.0022321250951888886 0.9997143719808973 301.71513936434064
0.8815491158216798 0.47155385190339394 0.02254154273972925 -0.5539170925740478 -0.47142794285368095 0.8818367196841999 -0.010940498771028848 -5.739393193905052 -0.025036994443447393 -0.0009821261042905483 0.9996860428842421 303.25960161982
0.8826048515563952 0.4695556140804194 0.02293907789503256 -0.535725982081213 -0.4693938320134646 0.8829028898747862 -0.012325482484231166 -5.796807826912188 -0.026040477661308056 0.00011106896235077955 0.9996608830932905 304.8865331601181
0.8831996182488059 0.4684497475214604 0.022655426993187514 -0.518017883643803 -0.46825954598647124 0.883489287372154 -0.013404353441678545 -5.859647724919144 -0.02629509303476621 0.0012300998846026044 0.9996534674258714 306.6052796745375
0.8833207602354419 0.4681936822414963 0.02321875203859606 -0.5046292643811392 -0.46800268790289895 0.8836253289279135 -0.013407542381077974 -5.920230416600858 -0.02679400404460631 0.000976722165128514 0.9996404990600724 308.32386650557567
0.8829604420414748 0.46871328489293296 0.02624336782503447 -0.4901150819403548 -0.4685760053326663 0.8833478398783443 -0.01153780779637879 -5.980685187075385 -0.02858994607208143 -0.0021095845898506027 0.9995889978568464 310.0300893586334
0.8832179892944378 0.46803765078371157 0.02944046255674425 -0.4717844628344865 -0.4679459329807057 0.8836964022162228 -0.010357244658824531 -6.038764913119483 -0.030864011299685093 -0.004628839916301978 0.9995128746782219 311.69099514485
0.8838225980712963 0.46676433397601075 0.03144314975372092 -0.4468585292337732 -0.46667792794005214 0.8843652002149671 -0.010483521465732115 -6.095913166054229 -0.032700561342014677 -0.005408250796195998 0.9994505611140769 313.34468726025244
0.8846674747156732 0.4651254233973123 0.03196560166280166 -0.4174390735336271 -0.46498080903372235 0.885235718445889 -0.012270697532645758 -6.150444731731434 -0.03400450573877796 -0.004007904323213967 0.9994136432390736 314.9604160910553
0.8850276345180991 0.464354035701265 0.03318758302808966 -0.3863798068853268 -0.46418053310878593 0.8856419225556229 -0.013221864271926658 -6.202759194155085 -0.035531940872135626 -0.003703314722068452 0.9993616795924932 316.5120459812973
0.8852914145776997 0.4637169878495064 0.03500951948822096 -0.3536720078004121 -0.46354198957604703 0.8859728500112962 -0.013451131652870237 -6.255907483911347 -0.037255002011741714 -0.004320210949031287 0.9992964528119079 318.0091370742046
0.8853942050447526 0.46342550479517275 0.036247802395588724 -0.3210460523069316 -0.46324366262257993 0.8861239508101602 -0.013771450200032044 -6.308493032597844 -0.03850208712767692 -0.004598402541581588 0.9992479391927106 319.4947960485169
0.885909049213634 0.46238708164015346 0.036923478353171495 -0.2886742921900016 -0.4621748510847893 0.8866685670651439 -0.014603396981496878 -6.360918217803109 -0.03949130975477482 -0.004127821574242636 0.9992113878168646 320.9722299723277
0.8862016100401093 0.4617767915942924 0.03753533145184111 -0.2578150278959854 -0.4615203702262555 0.8869897801417578 -0.015750485398812873 -6.407846341142825 -0.04056666400553354 -0.00336521454887804 0.9991711670692379 322.3308292581552
0.8867872374686234 0.46046558637280816 0.03974719146195361 -0.22623122237235516 -0.4602050770738199 0.8876681433662756 -0.01601731213876316 -6.448443052967591 -0.04265773667514854 -0.0040879113270101235 0.9990813813112208 323.53942806884044
0.8872309742612865 0.4593600111981625 0.042539139899536456 -0.1916501616567512 -0.4591253049669282 0.8882325799111905 -0.01571108918367428 -6.487727834043646 -0.04500169608351672 -0.005591430616268519 0.9989712624761892 324.6737673491737
0.8877265146709161 0.4583145457625826 0.043467370436520124 -0.15122657838316755 -0.4579825148759493 0.8887809826579445 -0.01789918806765064 -6.529689708211798 -0.046836430458872015 -0.0040177117888275365 0.9988944923133045 325.9044532528414
0.8876120330379034 0.45844242006956704 0.04444576793215088 -0.10382514752691974 -0.45807536283878053 0.8887162273236864 -0.01871975565211144 -6.577015796802137 -0.048081605281430594 -0.003743630899825145 0.9988363952426083 327.300850399192
0.8878627798834473 0.45796152795711087 0.04439507865547136 -0.04918117675047773 -0.45752466444543677 0.8889687029221516 -0.02014513958748492 -6.633014467949931 -0.04869153439487562 -0.0024257238295891776 0.9988109182133404 328.869645258053
0.887250504054752 0.4591998260656407 0.04384133661140121 0.006903603089414512 -0.45865329901147356 0.8883329693929749 -0.02239836590810649 -6.693768131190746 -0.04923103046332051 -0.00023501222792172375 0.9987873899928721 330.5326332282135
0.8860494740019905 0.46143230942326907 0.044682809234701276 0.06213589572867195 -0.4608504335264689 0.8871754164022998 -0.023165889792397434 -6.7571042167606326 -0.05033097991557198 -6.596754165108e-05 0.9987325908915875 332.23811900347835
0.8854635473382317 0.46226526396788725 0.04759340357544069 0.11937020808202536 -0.4617823021194949 0.8867363589956174 -0.02134795269848785 -6.822737759655581 -0.0520712183880362 -0.0030749575439576863 0.9986386397750138 333.93770423602564
0.8847526621939652 0.4633468400317695 0.050223824757432735 0.1793587126380034 -0.462945233488274 0.8861599192706298 -0.02005762370671235 -6.890155822339058 -0.05379997705556079 -0.005504844307205629 0.9985365587488402 335.6345397643541
0.8847537800561162 0.46332784857568077 0.05037909696139083 0.24195268382165191 -0.4628291002295352 0.8861780162886987 -0.021857434143732594 -6.954624515529265 -0.05477200614486206 -0.0039784646360223235 0.9984909609816248 337.29677660404394
0.884708325972435 0.46348561209593026 0.049721879842913326 0.30537400677493887 -0.4628829687883334 0.886102109543496 -0.023715156931105662 -7.017565055012932 -0.05505029664543874 -0.0020344145667327467 0.9984815100925111 338.9216728102587
0.8853500610891837 0.46227412290133857 0.04957725915353965 0.3721699891160948 -0.46165932767867696 0.8867353820746646 -0.023896178442843963 -7.080322257992344 -0.055008494768088674 -0.0017313210848050292 0.9984843854716267 340.4846195196345
0.8861895184581995 0.46062482514751124 0.04992902795618564 0.4385022907904752 -0.4600054283842178 0.8875932126683734 -0.02394357287644269 -7.142462116354364 -0.055345670398658404 -0.0017490805762495289 0.9984657217377382 341.9995410296493
0.8861513878407565 0.4606899482692102 0.05000489367665703 0.5004841027060623 -0.4600063957797902 0.8875608099758383 -0.025098295494367442 -7.2040643650375324 -0.055944916387355346 -0.0007616815267798222 0.9984335662284523 343.458493562092
0.8863866140284413 0.46019824574894713 0.05036213935871538 0.561888077139687 -0.45946948064653215 0.8878161621572255 -0.025889352383229425 -7.265204817876765 -0.05662655583382099 -0.0001918906170376585 0.9983954108229822 344.9039670396158
0.8864125493837698 0.46006501896959956 0.05111722425433902 0.6253316864641476 -0.45930091890065744 0.887885227984638 -0.026504486859418832 -7.32963559964861 -0.05758001556076413 1.572169549687299e-05 0.9983408944648374 346.3923942129836
0.8862287191506494 0.4603517825239272 0.05171937431603853 0.6888592055371037 -0.45954360864742677 0.8877364907236966 -0.02726893450207734 -7.398904337490221 -0.058466478463305285 0.00039920498619925313 0.9982892925056744 347.94408658636644
0.8864304175155988 0.4598890836926161 0.05237504752730597 0.7569273663704661 -0.4590202799103951 0.8879757809464831 -0.028273575710684763 -7.4727669339043015 -0.05951048255646972 0.0010213485455766386 0.9982271581724501 349.5639768341839
0.8865636054284046 0.4595622891124658 0.05298562027096368 0.8296767397629168 -0.45857913855138127 0.8881422309893504 -0.03014218337702655 -7.5522928213113 -0.06091097778940268 0.0024248626707513367 0.9981402570910404 351.25786959184546
0.8867504009810127 0.4590726652926948 0.05409264590565687 0.9043951372856598 -0.4580304276179861 0.8883944733613397 -0.031038477364624242 -7.63831545182101 -0.06230452420248289 0.002747304513763994 0.9980534046742249 353.008237773922
0.8867855517034937 0.45891871276159457 0.05481788364367477 0.9794065565807188 -0.45778948513191453 0.8884708992630432 -0.03237666544561965 -7.731635252701753 -0.06356235200640956 0.003616108400253871 0.997971317808008 354.7863932808243
0.8875750331495996 0.45739002690645325 0.05481718540750721 1.055002348421028 -0.456116727386656 0.8892480172306502 -0.034575928757531564 -7.827465390219541 -0.06456075841851407 0.0056856959005242205 0.9978975805835759 356.5598098355176
0.8885398386548646 0.4553604348482839 0.056069862653378676 1.13207720903756 -0.4541570195601423 0.8902974445909432 -0.03334459085198728 -7.926042783950117 -0.0651026628290676 0.004163475665831952 0.9978698856879819 358.3436345755355
0.889871253371491 0.4527489737208606 0.05610275588381829 1.2105023882111796 -0.45153610152843193 0.8916271846101765 -0.033408272637730926 -8.022997046220217 -0.06514830342808067 0.004396641768333185 0.9978659068740673 360.10268075318317
0.8909609475414706 0.45067804102906966 0.05547876431757652 1.2869344587654346 -0.4493934302771793 0.8926677105597703 -0.034494975687618175 -8.111919069041988 -0.06507022959629762 0.005801884019845081 0.9978638200486608 361.7517576195264
0.8913229285049502 0.44994081720848333 0.055647984070597414 1.356757220651689 -0.44858452459397763 0.8930330558273764 -0.03555116727217584 -8.19011945194079 -0.06569141052035744 0.006724746045882614 0.997817326154675 363.2481505145541
0.8917958514071898 0.4488643841393416 0.0567531854976869 1.4261579558673532 -0.4474710086125034 0.8935749320925047 -0.03596577800055724 -8.264356558999863 -0.06685698066944173 0.006678726456906148 0.9977402160626185 364.6616879481708
0.8924169517942074 0.4475340619846091 0.05749128206859953 1.497810025682675 -0.44606923576934304 0.8942371595209733 -0.036907173178346214 -8.339881036479884 -0.06792805790311861 0.007291494731420426 0.9976635770910416 366.0978628186803
0.8929221315035957 0.446482659489024 0.057821292329758495 1.5715151244073051 -0.4449403801289157 0.8947549245608261 -0.03796950229970519 -8.41957601756564 -0.06868861042276993 0.008176781136835239 0.9976046386462074 367.58464196300815
0.8925720326407549 0.4470868393534395 0.05855360470972582 1.6454034738925816 -0.44548632563368806 0.8944502434776818 -0.038738812786563576 -8.50462087583588 -0.06969289935815995 0.008492350656249247 0.9975323452196352 369.11340904819065
0.892353333592906 0.4474333237189739 0.05923638114722669 1.7212933918175932 -0.4457174591336268 0.8942662319685468 -0.040297059250543804 -8.592278122958408 -0.07100334252055478 0.009556525863000358 0.9974302973964343 370.66283775702783
0.8914599435465794 0.4491463033287996 0.059722418387095765 1.7966457101186926 -0.44725863243528574 0.8933864710885312 -0.04266531364117391 -8.681131408018421 -0.07251816851001784 0.011323050916417278 0.9973028144720628 372.23344411859796
0.890151238101766 0.4516013494512424 0.06072062647659343 1.8733590674275358 -0.44957306775064554 0.8921350020336579 -0.04448814336066825 -8.769581554114179 -0.07426190180143923 0.012302817572524213 0.9971628806873085 373.79839681081114
0.8892519748321426 0.45315340545738925 0.06231305143792497 1.9529691300697838 -0.4510570094313728 0.8913508320023941 -0.04518039985953419 -8.858223043736109 -0.07601644230007729 0.012070021168662598 0.9970335075056544 375.33760736014716
0.8887416848016135 0.45404867189434955 0.06307155656051908 2.035006859469365 -0.4518240884169313 0.8908812910901202 -0.04674952739665306 -8.946145727615155 -0.077415830565838 0.013051005194186876 0.9969134668772529 376.8321550274152
0.8879651846695905 0.4556326054096847 0.06258402114184265 2.11956478722103 -0.4531828748258426 0.8900271313230265 -0.04976934270703114 -9.036570777371606 -0.07837801209066637 0.01583143696851117 0.9967980000101467 378.3318480737957
0.8868844846526818 0.45771651172049976 0.06270172071613946 2.203083443805391 -0.4551152445923312 0.888929219306623 -0.051719988424026475 -9.13139003836542 -0.07941048433305022 0.017333146319599237 0.9966912947430887 379.83916114907413
0.885097584567543 0.4610016473064029 0.06387289701809377 2.2846728031312 -0.45834814353333986 0.8872375816391203 -0.052215448353026425 -9.23078897447277 -0.08074184238820613 0.01693974344403519 0.9965910896550345 381.3436750414781
0.8840051525420382 0.46290417575388176 0.06522740489048554 2.3617195285203194 -0.46008330096240263 0.8862306399276746 -0.05402415227400406 -9.326543749622166 -0.082814530456117 0.017747589216709197 0.9964069332468178 382.70798003422516
