0.9999988400492312 0.00152167750376479 -6.631565805909104e-05 -0.004439266805110931 -0.0015219684834187584 0.9999881041152926 -0.0046341385216873065 -0.01986632537472248 5.926320483788708e-05 0.004634234076656289 0.9999892601235252 0.9397654639673233
0.9999959333646741 0.002845693255050465 -0.00018784038998249418 -0.008156742752779687 -0.002846167505357309 0.999992635075548 -0.0025747087588863684 -0.038469164728524186 0.00018051217520333065 0.0025752329136989375 0.9999966677898455 1.9075289792944095
0.9999892390888429 0.004436940492765842 -0.0013547197423069434 -0.013556781271680182 -0.004437367515861139 0.9999901060487617 -0.0003123685566504442 -0.05829944748301373 0.0013533203780782025 0.00031837658465776577 0.9999990335796853 2.8281785158978785
0.9999837243746991 0.005277478712549046 -0.0021677647805415016 -0.018361056433583038 -0.005276467367523315 0.9999859679590816 0.0004719926458165887 -0.07517657416127782 0.0021702252935181772 -0.0004605468237161482 0.999997539006371 3.6599862939784242
0.9999755527652666 0.006299037471980807 -0.003035786343806143 -0.025817448889387626 -0.006289229508435008 0.9999750074182215 0.003229571351996298 -0.09232518049301196 0.0030560536626323452 -0.0032103996408526007 0.9999901768868317 4.443815043461967
0.9999653017454815 0.007084379649886807 -0.0043825643227978234 -0.034538295178785955 -0.007066212806392952 0.999966435188347 0.0041469426429457746 -0.1085281631543993 0.004411795738920706 -0.004115830619131885 0.9999817978326768 5.1790298885650214
0.9999515490714311 0.007452688026919867 -0.006430937009292051 -0.043761953419385435 -0.007432966462958317 0.9999676159318198 0.0030851413569814904 -0.12260503983029057 0.006453721345442014 -0.0030371909399025156 0.999974562152453 5.8574070185617595
0.9999350960354498 0.006572181875888132 -0.009306457003860971 -0.052274288414774314 -0.0065489937847626216 0.999975380089331 0.0025198999195439054 -0.13441885029353023 0.009322789120301177 -0.002458788438972413 0.9999535189009691 6.4903926518292865
0.9999118426087802 0.0066592871968317955 -0.011487423764398557 -0.06328982356710286 -0.0066324633848918145 0.9999751927175047 0.00237157733094814 -0.14633652142153197 0.011502931807188381 -0.00229517834137346 0.9999312049917336 7.154585103698441
0.9998985477509592 0.006217010475206413 -0.012815731983485424 -0.07493675354060918 -0.006170221112473892 0.9999741659666397 0.0036872443295732555 -0.1594594764244169 0.012838324538059439 -0.003607794350286952 0.9999110766678112 7.9093282532000275
0.999893350713974 0.004974125624289153 -0.01373117883701955 -0.08664691137761404 -0.004921079448469065 0.9999803085855189 0.003894280199470147 -0.17283032798730427 0.013750279089614112 -0.0038262926552891817 0.9998981394669527 8.756239055457714
0.999884850000829 0.004446566542773208 -0.014509127637415587 -0.10052117749469641 -0.004393472316723648 0.9999835434958196 0.0036891921264961525 -0.18757246294519644 0.01452529310617552 -0.003625021865411053 0.9998879312586261 9.657132293810028
0.9998887043879202 0.0030158887204394746 -0.014611066103148813 -0.11297570430696399 -0.0029231653283554927 0.9999754813775535 0.006363312674459077 -0.20261398866725577 0.01462989890285503 -0.006319893903837088 0.9998730044356317 10.527558614002082
0.9998886284559985 0.0016395787391157838 -0.014833828431619093 -0.12487331310748638 -0.0015363829846803082 0.9999745602879282 0.006965508185962542 -0.21836046198986248 0.014844871562423721 -0.006941941984961115 0.9998657105980646 11.360995345013261
0.9998646663688331 0.0009942340280268585 -0.016421341170496262 -0.1407172363404682 -0.000910936994385758 0.9999866859335939 0.005079187862212463 -0.2349452134364627 0.016426172437076805 -0.00506354167010606 0.9998522597888263 12.206014422998635
0.9998221092497387 -0.00027124753228196526 -0.018859381754921748 -0.15698468262146123 0.00036309791253960334 0.9999880900592275 0.004867021635830655 -0.25212596318068997 0.01885783697319377 -0.0048730036398473234 0.9998102999170485 13.00465489362734
0.9997714454376571 -0.0010106377966577443 -0.02135498767829495 -0.17506420951370974 0.0011016566590695289 0.9999903582731948 0.004250848533244992 -0.268143131662421 0.02135048571114228 -0.004273402846799036 0.9997629192903722 13.775092316552461
0.9997405181216107 -0.001511017843831577 -0.0227291278100876 -0.19517736403826164 0.0016455184676156295 0.9999812409240678 0.0059000058418472836 -0.28306345890114537 0.022719786418547414 -0.005935876096813235 0.9997242503210867 14.556806542498949
0.9997063937373892 -0.002431816168562173 -0.02410835105735914 -0.2157715343294182 0.002596626494788191 0.9999734588297114 0.006807287785135476 -0.29905875301265294 0.02409115712100842 -0.006867889505911567 0.9996861748780491 15.336860560515586
0.9996243351252041 -0.0027536132308051374 -0.02726914446159358 -0.23736179042978708 0.002917316699744525 0.9999779520697634 0.005965286048051355 -0.31405832829127117 0.02725211714281145 -0.00604259783014055 0.9996103286394642 16.069789084386326
0.9995619578928391 -0.002597987828450598 -0.02948122780135893 -0.2617614885922085 0.0028329324262468523 0.9999645415757028 0.007930326926572983 -0.33111580545984765 0.029459579550643898 -0.00801037143565964 0.9995338749247881 16.755724991168613
0.999558491076167 -0.0021450221797679513 -0.029634807193278316 -0.2873443622716411 0.002371982214438589 0.9999681119691939 0.00762553244957121 -0.3506399766351098 0.029617505261396757 -0.007692458944536527 0.9995317050786722 17.4030437315415
0.9995916086629025 -0.0021301634754360083 -0.028496987459672926 -0.30935793480349955 0.0022729639018175167 0.999985018413005 0.00497961691721613 -0.36616992841568535 0.028485953131497512 -0.005042355908611464 0.9995814749789438 18.008099502355925
0.9996551340402409 -0.0013040075555286895 -0.02622808706866083 -0.3284430420953357 0.0014878386835762544 0.9999744582606813 0.00699064820370039 -0.38095816519934833 0.026218301299622448 -0.00702726052963525 0.9996315412622846 18.62423133285294
0.9997617148486264 0.0011837380380995525 -0.02179707061027077 -0.34729042875685046 -0.0009805064578906379 0.9999559740055738 0.009332130391802826 -0.39576079422925947 0.021807157770282876 -0.009308534515203318 0.9997188600077328 19.263636128758044
0.9998640001544694 0.0033418870584017444 -0.016149705445926345 -0.3614844091348831 -0.003168014253935749 0.9999368763999762 0.010779930479603584 -0.40724422229768864 0.016184711328539547 -0.010727301913673982 0.9998114722850825 19.889134114381175
0.9999438055026295 0.005242262673502918 -0.009214364816938454 -0.37254509020887844 -0.005136232577911205 0.9999207586196369 0.011493284840930732 -0.41721977847321196 0.009273885476068748 -0.011445311860808454 0.9998914940555227 20.514027564590897
0.9999670261530262 0.007781772648992889 -0.0023217711150881172 -0.3794315878718498 -0.007754043892944297 0.9999012297405528 0.011722012055786615 -0.4266013497719974 0.0024127598259595893 -0.011703622420819109 0.9999285993571005 21.114776466377336
0.9999435751540521 0.009586532373973822 0.004576560408629501 -0.3796789333066026 -0.009628471907011904 0.9999110307247112 0.009231639279185562 -0.43427088952654613 -0.004487653826551874 -0.009275183668686628 0.9999469145564902 21.65313774473333
0.9998934078967052 0.008909721008609005 0.011566750462450958 -0.37378603360674323 -0.009031910065136747 0.999903504523748 0.010554915523202955 -0.4453401881367653 -0.011471592970775232 -0.010658260302479981 0.9998773945049648 22.196844588663833
0.9997551372677329 0.00976807178000351 0.0198557367145102 -0.36493805552881187 -0.010001815056616068 0.9998814472313716 0.011707056763800993 -0.4621260651546168 -0.01973902739114817 -0.011902783548326403 0.9997343119756633 22.728665646307977
0.9995114127275669 0.010799330574954594 0.02933104646061318 -0.35147619855909723 -0.011126084478529731 0.999877598311476 0.010999938138500491 -0.47816650325389 -0.02920866432273853 -0.01132090340949294 0.9995092251072395 23.273655368070674
0.9991390483837553 0.009281328119205264 0.040435367478802726 -0.3261559454813847 -0.00974102676314079 0.9998899804309269 0.01118657371315235 -0.4942916849775863 -0.040327092535935985 -0.01157082461122223 0.9991195332018158 23.86311947180811
0.9984450347658108 0.009843693299504205 0.05486906463320043 -0.2905735209897774 -0.010320391141543084 0.9999113654957874 0.00841134228496617 -0.5072858519487894 -0.05478140266716975 -0.008964533148725423 0.9984581288503002 24.465364671879918
0.997240025934479 0.012234605846373611 0.07323008325805473 -0.24219318488139335 -0.012871012142446243 0.9998833372452499 0.008224897916083643 -0.5208745928644172 -0.07312091165068142 -0.009144742701950473 0.9972811569263144 25.051749812146657
0.9955892676846979 0.011897692583430519 0.09306156554794878 -0.17638885418495015 -0.012784253109910819 0.9998783458891134 0.008936234915860989 -0.5365379746335577 -0.0929439236500522 -0.01008654218451001 0.9956202532709412 25.64276500876813
0.993320565338776 0.012632187326833617 0.11469386347312666 -0.09536316586506949 -0.013888806906586903 0.9998518885201092 0.010163762368426673 -0.5531670187428179 -0.11454848544509001 -0.011688835104923264 0.9933488891704292 26.269808238323314
0.9902399536974981 0.014899418298115676 0.13857431737357567 0.001897847081474599 -0.016443472511553606 0.9998147469277837 0.010004200992222097 -0.5686976769505879 -0.13839958928023055 -0.012185202505858181 0.9903015068790688 26.895618303861813
0.9863230130545688 0.01729558127212818 0.16391393103520538 0.10486387398626255 -0.01938352028173808 0.9997499800687801 0.011147039694922001 -0.583152642837721 -0.16368015475445505 -0.01417181078521468 0.9864116618930585 27.44943972947673
0.981227476132788 0.01808656529541312 0.19200394849557548 0.21627866406384927 -0.020712269970703558 0.9997172868582098 0.011676824462137582 -0.5970258255486273 -0.1917384728079829 -0.015434458612910294 0.9813246840534424 27.945014296197645
0.9744634282590875 0.01654696617799123 0.22393576064543302 0.35465212250911893 -0.019729414472068205 0.9997335641618353 0.011981272589399863 -0.6116928955629077 -0.22367784242104463 -0.016093433399264844 0.974530258232801 28.432000707563244
0.9652306090224271 0.016217497794082315 0.2608962709037668 0.5162834166791346 -0.01961573226742878 0.9997532261433045 0.010426402239795981 -0.6265016154966832 -0.2606627983694747 -0.015181553983449942 0.965310533437216 28.915699820813323
0.9536519202731277 0.017199512239882118 0.30042002552773456 0.6951207461810802 -0.02090332632429321 0.9997399157525334 0.009118760864098043 -0.6399060766232617 -0.30018505277237706 -0.014975901636517285 0.9537634174480687 29.391582890585106
0.9392158896664119 0.019102646931338008 0.3427952763361033 0.8971451885127997 -0.02376534932486125 0.9996733127963282 0.0094061604430976 -0.6544242313735362 -0.34250360694392157 -0.01698106483794878 0.9393630409311265 29.862536924407628
0.9207454755226748 0.017124961047384427 0.3897877691945291 1.1365348793123615 -0.022594733450254208 0.9997000262765723 0.009451744967575648 -0.6671160903430635 -0.38950898234165826 -0.0175098021618091 0.9208562100042658 30.336715707193118
0.8991226304097748 0.01581912292288691 0.43741084901378086 1.4099355936170435 -0.02185801446728715 0.9997225743860976 0.008775047941809501 -0.6796167147048731 -0.4371506864784205 -0.017450776853303235 0.8992189653797691 30.827473774687732
0.8762626317585115 0.014673754642937879 0.4816103000438473 1.7466025593763113 -0.020815776382142836 0.9997558496732839 0.007412455575473571 -0.6928532277429339 -0.48138394617732616 -0.016520350139406982 0.8763541375460133 31.378954849077275
0.8533480672689914 0.010365518959758197 0.5212385558503615 2.144258420269149 -0.01793019582004931 0.9997943709822396 0.009472266364607034 -0.705443813877144 -0.5210331891215095 -0.0174290495702512 0.853358449928837 31.966485662092094
0.8283951057020366 0.00916461155957552 0.5600692445973734 2.528630468241842 -0.017610913649636104 0.9997979773332318 0.009688149503535236 -0.7157094143069485 -0.5598673097880746 -0.017888946736459493 0.8283891482964539 32.496519588267304
0.8022519226002678 0.0056841083817521405 0.5969585777891773 2.922064932093133 -0.014461225742098929 0.9998462798959649 0.009914107535992452 -0.7230741049746547 -0.5968104603927525 -0.016586364583707384 0.8022107995257152 32.97884066486782
0.7768304232931902 0.005897021326137954 0.629682236199816 3.294512774990561 -0.013993033826779298 0.9998708908823704 0.007899149980652526 -0.7323039617957515 -0.6295543570260196 -0.01494746485439277 0.7768126446215855 33.41001983705821
0.7539795734519098 0.0038339196492802275 0.6568866750645791 3.671182268809607 -0.010709536600927473 0.9999218070218265 0.006456443912693473 -0.7405836548298359 -0.6568105576519527 -0.01190297871657448 0.7539616770463892 33.8038641822964
0.737129994366901 0.0017738973581446047 0.6757486401708955 4.095990446098753 -0.009071631333503406 0.999932418623608 0.0072707420865869374 -0.7539346290502313 -0.6756900745975194 -0.011489624611075644 0.737096270250159 34.24277217713785
0.7260165978135111 0.001979473564127991 0.6876743279952382 4.532458035196616 -0.009018507719587218 0.9999372664090955 0.006643023770574777 -0.7720255702701513 -0.6876180380253313 -0.011024741752694 0.7259889040828934 34.69244963246825
0.7189184088269907 0.0021490494291982257 0.6950911472866117 4.95018941348193 -0.007747326969072344 0.9999578790846525 0.004921278427084182 -0.7890580704522361 -0.6950512933406442 -0.008923096047530965 0.7189047767141518 35.1173828632848
0.7150831294577236 0.0014266416254316977 0.6990379693969566 5.327209357227987 -0.0068232273364766845 0.9999645240457966 0.004939050372026263 -0.8022330476998593 -0.6990061241031177 -0.008301526578602345 0.7150674955015097 35.49833310553469
0.7131588424480383 -0.0012547332585898204 0.7010013488450811 5.7334726326191205 -0.008627319623392842 0.9999069528526211 0.010566692628325412 -0.8138184438747262 -0.700949381049937 -0.0135834929762368 0.7130816600672569 35.91383056919701
0.7123915864710844 -0.005020698211439356 0.7017642197452649 6.220295232327212 -0.0082494207305981 0.9998454078260519 0.015527636869947278 -0.8248466398660649 -0.7017336920675971 -0.016850906166287247 0.7122400384551223 36.40725017519164
0.7136229945089523 -0.0017572016153793923 0.7005277538760031 6.742616993343511 -0.008907723561869422 0.9998932449054561 0.011582368211310316 -0.8347181909273227 -0.700473321525539 -0.014505551865405314 0.713531158952473 36.94455722976029
0.7159212661430683 0.001536026364929074 0.6981793331996525 7.304614354707224 -0.00929948782422032 0.9999298494965787 0.007335912482856232 -0.8385889178703166 -0.6981190874129665 -0.011744645961253615 0.7158853281643172 37.526620314077284
0.7173786500399949 -0.0019513087418354352 0.696680748163022 7.90169833457624 -0.01003597660096394 0.999863371120634 0.01313462085276399 -0.8455807283496667 -0.6966111911536159 -0.016414368263049147 0.7172610521100848 38.145656579371206
0.7188697721026407 -0.001679735032806039 0.6951427401960812 8.473032329235183 -0.009665834330754101 0.9998762512299911 0.012411844059191579 -0.8542040246746635 -0.69507756574629 -0.015641634073166336 0.718764576812 38.737539656802895
0.7207825810752934 0.0018188094369243348 0.693158829382321 9.043428059821972 -0.01149578752026513 0.9998903905352345 0.009330261763984923 -0.8598125169503854 -0.6930658826458904 -0.014693496776728055 0.7207244851291965 39.337219519582625
0.7225231859597195 -0.00013251793801514184 0.6913466772825424 9.632040794379959 -0.01238669712133906 0.9998369821282319 0.01313692898409516 -0.8673123638090244 -0.6912357162972995 -0.018055237680658025 0.7224037603080803 39.95868177811018
0.7252736659091286 0.0011434651842883636 0.688459731593726 10.215936833798473 -0.01185750398352293 0.999871037614514 0.010830869722924637 -0.8754657076277426 -0.6883585614619857 -0.01601875859879749 0.7251936915300209 40.57742303197843
0.728138662538351 0.0029418720078011936 0.6854235431512038 10.78792238628387 -0.01411077760817476 0.9998431987950139 0.01069877463291241 -0.8800962392640265 -0.6852845934881023 -0.017462050636821908 0.7280660016203224 41.193189841951
0.730986947610307 0.0007427605627745785 0.682391039456199 11.344980816876284 -0.012339072614083495 0.9998503002392732 0.012129484674081913 -0.8879119536014908 -0.6822798763780084 -0.01728656756504311 0.7308866840156748 41.78957719602956
0.7335188578230283 -0.0002414141203558024 0.6796690569219859 11.886454427368596 -0.010975130812395257 0.9998653462585542 0.012199830118144586 -0.8965027263330909 -0.6795804821517836 -0.01640826226275252 0.733417437212851 42.37545175160378
0.7358004616656703 -0.0013819480063243983 0.6771969955871728 12.421690973410863 -0.010533754453246882 0.9998535770069836 0.013485717016825445 -0.9059064672983307 -0.6771164749359633 -0.017056223674864555 0.735678166458845 42.96109338896564
0.7381180319393668 0.00013294899615834651 0.6746715891828554 12.947000446019867 -0.011776059677654346 0.9998501778750518 0.012686458201360183 -0.9151196816649609 -0.6745688217998399 -0.017309076456904236 0.7380090111426723 43.542956100351624
0.7395459561381057 0.0008239770956811893 0.6731055636536666 13.459830847850668 -0.013061071241137161 0.9998285388333121 0.013126360976201604 -0.9235603203882804 -0.6729793363676251 -0.018499026898445275 0.739429914749195 44.11468649947843
0.7405412355266127 0.0019920207233111837 0.6720079689543533 13.973658554206281 -0.015064794904445808 0.9997935142856054 0.013637475826758831 -0.933252343795995 -0.6718420427743451 -0.020222775424662838 0.7404183337241986 44.69216008317651
0.7426933073962645 0.004031064929574936 0.6696195947434114 14.50038253353715 -0.01577353672942397 0.9998097295616442 0.011476071318930336 -0.9416812754663764 -0.6694459251409655 -0.019085470636198996 0.7426155789658279 45.28322242262494
0.7449424379401474 0.006312333970518055 0.6670988821723759 15.04075715156856 -0.017506626457937657 0.9997958438652695 0.01008903463149706 -0.948270535324044 -0.666899004487075 -0.019194400995549567 0.7449008610443206 45.89145418410378
0.7466291429353005 0.006803081104827689 0.6652057133001633 15.585282685845637 -0.018923687303596688 0.9997602484497984 0.011015429107968216 -0.956365714393094 -0.6649712903415713 -0.020812585305005165 0.746578876820385 46.50752348532528
0.7483806785231686 0.010068535992004222 0.6631930221256693 16.133356845411924 -0.02228406792323018 0.9997019743764963 0.009969089453271048 -0.9661846379917773 -0.66289499947578 -0.022239312280557883 0.7483820098447673 47.13517247987781
0.7511515567470803 0.0106835987406877 0.6600433315430014 16.690640657084863 -0.024170466769187392 0.9996436875165408 0.011326365016693646 -0.9746510011286034 -0.6596871435253205 -0.024461372125858978 0.7511421396387792 47.77724589493449
0.7549096409729912 0.016606791078562205 0.655618523576097 17.243394566847375 -0.026705403003161675 0.9996286031646952 0.0054292895887521914 -0.9850185987713301 -0.6552848658533688 -0.021607179942620864 0.7550727609697356 48.422790335515764
0.7597584518175431 0.021142775962834825 0.6498615836594698 17.81524875836197 -0.028897529798800912 0.9995815804124869 0.0012636738510166561 -0.9949551214299921 -0.649562951270573 -0.019739481367546233 0.7600515279979401 49.10093984080063
0.7645957160062263 0.021591514314008894 0.6441484282170938 18.37862081657032 -0.030730100471209047 0.9995232982682 0.002972733437050003 -1.0080869274096294 -0.6437771757292694 -0.022067685168279613 0.7648947413084751 49.77800739520699
0.7688482401128419 0.019901000076275974 0.6391215329429516 18.948244779301046 -0.03222740176160403 0.999451302007231 0.007647842293517382 -1.018483093002367 -0.6386186485306243 -0.026477256504676184 0.7690677321516647 50.47014426327273
0.7738117629450725 0.01819168639401645 0.63315433985244 19.52771376693497 -0.03469421909640666 0.9993042079935349 0.013689815473702297 -1.0284897522223506 -0.632464755294023 -0.03256013563477963 0.7739044972593946 51.18960585714849
0.7783589521978941 0.022244331084038775 0.6274253192755441 20.077691069631726 -0.03599533086968334 0.9993093745657368 0.009225511401425092 -1.0360028192867772 -0.6267867880619193 -0.029765141351242926 0.7786220897658652 51.87826923935556
0.7823639610061897 0.025657883192203836 0.6222927812121869 20.585437079092284 -0.03764855591161996 0.9992722299092278 0.006131620504292757 -1.0410454360323378 -0.6216825707356398 -0.028225583471989803 0.7827605621652076 52.52136901204334
0.7854253179807265 0.02679887022068904 0.6183760105548786 21.09055784366119 -0.03967791634647421 0.9991873366814628 0.007094305449241636 -1.0480106380996044 -0.6176833596829977 -0.03010791873078599 0.7858503549661505 53.17003987674441
0.7868320973957045 0.02410071159036035 0.6166963646793393 21.621505492726712 -0.04226302953788165 0.9989956834906898 0.014881555740215817 -1.0541157169655946 -0.6157183502561502 -0.03777274239193231 0.7870604380160632 53.85717554458532
0.787526359383667 0.024415168805355453 0.615797152322184 22.159686072013802 -0.04480295296536379 0.9988391130428644 0.017695244031295042 -1.0615127867989502 -0.6146502490697366 -0.04152500196206719 0.7877060019642866 54.55577762880639
0.7887373719683878 0.027633170924200864 0.6141089202454828 22.677622736724693 -0.046742039088494176 0.9987929968175169 0.015090768374517062 -1.0680588011892576 -0.6129506830424851 -0.04060735614340762 0.7890769942057574 55.23207329452272
0.7901490435974484 0.03172346138739067 0.6120932207594184 23.210367320840934 -0.04836592350466088 0.9987726784382905 0.01067118778507862 -1.0720796629432852 -0.6110034585381471 -0.038036282715400244 0.7907136111460435 55.927084951219996
0.791379667451335 0.03279303207483709 0.6104447878325697 23.772363656743348 -0.04930592503327427 0.9987309376056407 0.010268399387003127 -1.0773074059078125 -0.609333363358044 -0.03822474743796979 0.7919922480568083 56.66041644096634
0.7912991902409876 0.03229759432585 0.6105755128767598 24.307783548100247 -0.050917362990534704 0.9986161003959465 0.013164580361067341 -1.0859012815380384 -0.6093053533902736 -0.04150601680185293 0.7918486199389362 57.36082572687297
0.7903876573915478 0.03338961594780353 0.6116963990330151 24.805212874161786 -0.05320549046165339 0.9984819659225835 0.014245683981738436 -1.0956921614233068 -0.6102921651371864 -0.04380521971444541 0.7909643328860879 58.010332866285985
0.7888516619679413 0.03690808731187375 0.6134744073727885 25.303852797634207 -0.05642350367397224 0.9983287757102142 0.01249175016153839 -1.1044958846609234 -0.6119881074363853 -0.0444685133541044 0.7896157975094641 58.66200965930095
0.7874510261890283 0.03966417116801834 0.6150996950734073 25.825562937152174 -0.058189864008798484 0.9982542069508915 0.01012314335985933 -1.1112702670946604 -0.6136243322102558 -0.04376404723515493 0.7883843523872837 59.340287458782605
0.7861306685862265 0.03960833376100902 0.6167898765421229 26.359189045768524 -0.05970904547926857 0.9981436368903129 0.01200458343025072 -1.118719001431647 -0.6151694090217146 -0.04626510598772826 0.7870363004155645 60.03111662930383
0.785042963080911 0.03886520397369951 0.6182208683288072 26.894579615013914 -0.06035112435593529 0.9980805507161065 0.01389086286766498 -1.1266289117636699 -0.6164943535070829 -0.04821524864932852 0.7858816716857362 60.719598581227686
0.7841965326916361 0.04060786487645923 0.6191823636252803 27.412817185730955 -0.06059930454765959 0.9980983117787496 0.011290895126167724 -1.1337303385709012 -0.6175463726739504 -0.046376301432793754 0.785166043752951 61.38547653247637
0.783770657882188 0.043173309271583735 0.6195479167985801 27.898069448164083 -0.062457529548736214 0.9980027213035402 0.009467062553768845 -1.140178267808556 -0.617901782523395 -0.04611543816628458 0.7849017476838376 62.013313456980455
0.7838174065031926 0.04304269955300378 0.6194978605917834 28.360425314922292 -0.0629292392046347 0.9979650209868354 0.01028239951913227 -1.1459775649770405 -0.6177946132135927 -0.047044052779655766 0.784930998866991 62.61035377546356
0.7845952554784914 0.04268764565802201 0.618537023943445 28.79506802732121 -0.06281529195888778 0.9979666706369816 0.010805711168525538 -1.1524830602592397 -0.616818064081102 -0.0473316934612852 0.7856813518324897 63.17204145839362
0.7863983153791307 0.04337324543363629 0.6161951404785798 29.212648100348698 -0.06412402659548623 0.997874551509496 0.011596924717494272 -1.159426343864948 -0.6143824531853466 -0.048632715637473976 0.7875081334104936 63.71603136668566
0.790250148568902 0.04421371015531955 0.6111872466937834 29.656574317892176 -0.06558335151978176 0.9977673064247005 0.012618487763214892 -1.1655694654403739 -0.609264742694224 -0.05005546987392147 0.791385445434424 64.30148591316447
0.7954037007339313 0.045670559599775916 0.6043568092150596 30.090340783729623 -0.06885524144019967 0.9975102378713097 0.015240769932480797 -1.1716901554589172 -0.6021560500277121 -0.05373569882086134 0.7965679921307766 64.88986688214673
0.8015595342467675 0.0478440598377174 0.595997700495856 30.49712727300248 -0.07139030853808692 0.9973208806366798 0.015952582640881927 -1.1786385201572205 -0.5936377151975266 -0.05533540443804794 0.8028276627712436 65.4533015783155
0.8085433581387081 0.050548466051766695 0.5862614524165752 30.899973204425166 -0.07428508098198879 0.9971008882429814 0.01647863491182057 -1.1869251243484307 -0.5837288452297675 -0.05687417027852889 0.8099542974772408 66.02412045932232
0.8156945562577101 0.05279673562857301 0.5760684816916319 31.282103110811974 -0.07700542314275312 0.9968740182530789 0.017673611361737684 -1.1931690746187893 -0.5733345931462193 -0.05877666576905137 0.817210344931421 66.58303237626252
0.8220804517528955 0.05532321718321975 0.5666772207229188 31.669587423915036 -0.08012313747968523 0.9966050367320652 0.018938944022576017 -1.1971569258057193 -0.5637056090604072 -0.06097329252039054 0.8237221885520978 67.16404206237674
0.8282900651014388 0.05508952366506416 0.5575847132379156 32.06873764926514 -0.08305504497693743 0.9962325839600805 0.024949913027901914 -1.1988446623666313 -0.5541095808214572 -0.06697598852258405 0.8297450146902307 67.77918114019793
0.8339798648067914 0.05614108144253226 0.5489314748411741 32.45495460438732 -0.0860595841381729 0.9958708188891209 0.028897405819144233 -1.2024529795506738 -0.5450425057505224 -0.07134066904350236 0.8353676890241905 68.3902925983125
0.8383172481099976 0.056547352967684705 0.5422421861065646 32.84526813585159 -0.08695187024084539 0.9957427814021701 0.030588977542390705 -1.20039354909487 -0.5382040168773338 -0.07279223968128595 0.8396652464281728 69.00608512718684
0.8419552209365126 0.05503387471718667 0.5367333402830111 33.228973045058375 -0.08719266510345006 0.9955871542739948 0.0346937659640159 -1.195982180097599 -0.5324554864868078 -0.0760098077765055 0.8430383526458772 69.61889121530936
0.8458155148209457 0.05959986452553586 0.5301358043338645 33.5899545019212 -0.08952474152491147 0.9955046688455726 0.030915610321707206 -1.193750175325555 -0.5259101021496674 -0.07360917371634891 0.8473489564528428 70.2140914234408
0.8492046893882719 0.06170007275835431 0.5244468481577325 33.953729524590656 -0.0896522901946596 0.9955783155381681 0.02804076484398174 -1.1879258964523807 -0.5203977924471034 -0.07083021002225483 0.8509813270362538 70.80924997153994
0.8517937818835758 0.06378940201076959 0.5199791008642376 34.272061770234835 -0.09302940099533898 0.9952020260500927 0.03030607028695984 -1.184763830632159 -0.5155510485828936 -0.07418786650725409 0.8536411873663193 71.34531747007296
0.8540549136331271 0.0671926094810035 0.5158249293415763 34.573914439629526 -0.09525690464579292 0.995056060190364 0.028099095994925702 -1.1805442168735583 -0.5113866703546458 -0.07313405711132875 0.8562330775402364 71.86040160822206
0.8556358490894668 0.06930767975227936 0.5129168931516097 34.88755927202814 -0.09764146823572416 0.9948146627230096 0.028459278136942236 -1.1763337535599485 -0.5082847995304566 -0.07443273714340522 0.857966392236679 72.40040404550989
0.8567422770412415 0.06736261125259914 0.5113266561948604 35.1991747194593 -0.0975553925562754 0.9947021079839835 0.03241391299133342 -1.1725341967396072 -0.5064342169654187 -0.07765304229358908 0.8587749349562853 72.93131641246359
0.8579688110439136 0.06725034882783344 0.5092807770360327 35.51800532683015 -0.09773974624450928 0.9946542298535015 0.03331523733362323 -1.1700346815418972 -0.5043178177300001 -0.078360408479483 0.8599553390164966 73.47963472054906
0.8591511377840881 0.06632967229210694 0.5074048649923708 35.83821034730639 -0.09675796609430592 0.9947339250435729 0.033798141438540555 -1.1683081309436283 -0.5024910132943649 -0.07813317439492747 0.8610447076763047 74.030819883784
0.8598578874789545 0.0658553384787717 0.5062681974349895 36.14496869227033 -0.09663915695421027 0.9947129560655884 0.03474202611301513 -1.1666677399614884 -0.5013035873434447 -0.07879853697312106 0.8616759854420266 74.561483048509
0.8602605057066837 0.06678121973949425 0.5054622943517981 36.437857779503474 -0.09702628087283728 0.9947107303101406 0.03371147914066133 -1.164697211658257 -0.5005374742626807 -0.07804378063607209 0.8621898892719421 75.07182885847938
0.861382855243433 0.06765799873696139 0.5034302055891935 36.73305438797919 -0.09736448598642557 0.9947044907706643 0.03291098462932741 -1.1628252990131984 -0.49853759493268657 -0.07736518110611529 0.8634088806533954 75.58463651977408
0.8631350152680062 0.06781982346775134 0.5003982583533833 37.021730178165306 -0.09761570971724653 0.9946578686896531 0.03356929356054627 -1.1608554523157284 -0.49544840158657744 -0.077821563840358 0.8651443148785902 76.08909365980713
0.8653322488301415 0.06811704573681608 0.4965482526549221 37.297029726416774 -0.09788480889356717 0.9946119488334866 0.03414140339123536 -1.1578388489813645 -0.4915472137266548 -0.07814818819231659 0.8673374184017542 76.57980019215303
0.8678259427551477 0.0694468989274267 0.4919911191378363 37.56765984245904 -0.0989033088117234 0.9945134370415718 0.03407578392130838 -1.1539019559124208 -0.48692532136584327 -0.0782313988953451 0.8699330891739011 77.07344571250681
0.8708066827266592 0.07224753314484679 0.48628799622556373 37.82421594852618 -0.1009287675821066 0.9943460116712323 0.03300595321862664 -1.1512405426948857 -0.48115393087134467 -0.07782225278156192 0.8731750063870674 77.55880092526141
0.8743769521468672 0.07868333223706217 0.47882552018707764 38.0764852517064 -0.10524060228890732 0.9940286789025948 0.028834027624133896 -1.1488360199091951 -0.4736975418811264 -0.07560369532789626 0.8774364478801552 78.05956105553796
0.8782059623059079 0.08502980910077342 0.47066359465613944 38.34459077953205 -0.10963616704418506 0.9936559402434982 0.025055604057142376 -1.1443615909882985 -0.4655472034565477 -0.07360573335749573 0.8819569135568314 78.59583233369344
0.8812735746978184 0.08703058950527595 0.46452401771027 38.63924702185867 -0.1128594109423763 0.9932155658790022 0.02802843301706917 -1.1393425016406231 -0.458933154066109 -0.07712662436549804 0.8851168532532389 79.18130981647364
0.8839360493094548 0.08803126614745428 0.4592467277092647 38.949887606309204 -0.11671035681675258 0.9925708841696138 0.034376336489744364 -1.133600722694473 -0.4528087381476839 -0.08398533252435147 0.8876433464955817 79.81072231222885
0.8874070394750089 0.09008815892644904 0.45209829673583307 39.267839925638604 -0.11933324230710492 0.9921821587889478 0.036525895764178584 -1.125706988392546 -0.44527331333763126 -0.08636369261526916 0.8912199442489952 80.4698187888188
0.8911029939390512 0.09418403941148686 0.4439198361337249 39.57973229927386 -0.1222315196844265 0.9918871744883234 0.034918314409555645 -1.1158958494073605 -0.437029644061468 -0.08537681070234703 0.8953858891035761 81.1329192530656
0.8946124817585214 0.09610541893252887 0.4363854442275323 39.88781435899519 -0.12400572547438224 0.9916344090233611 0.035829860318736126 -1.1060215340820891 -0.4292913783567401 -0.08616813385870152 0.8990461418502825 81.79302291107157
0.8976810182519641 0.09765327817010457 0.4296889883773464 40.18012979641662 -0.12620802767778316 0.991260779804155 0.038387500201771736 -1.0958839014406447 -0.42218517645672865 -0.08868993000724083 0.9021606138019498 82.43186356905186
0.9013355907864525 0.09788399576709403 0.42191572162495 40.474791452610795 -0.12666000306189645 0.9911130969546044 0.04064569681296796 -1.0832611725036652 -0.4141876342987501 -0.09007525974272204 0.905723495983341 83.08402621751502
0.905491534790403 0.10015777084453294 0.41237543738973165 40.78717099882209 -0.12864688977738467 0.9908076704466091 0.04183464993002117 -1.068208788259096 -0.4043946811884695 -0.09093173881333182 0.9100529439009905 83.80260175499201
0.9090092843728114 0.10153114567646755 0.4042196771331789 41.11274540581506 -0.13011190163972594 0.990531585500108 0.04379578950464174 -1.050323994383324 -0.3959457209968581 -0.09240457014815075 0.9136128181237458 84.56792151159782
0.9110698631542395 0.10231153867748648 0.39935454611855664 41.439863145095245 -0.13107116330787255 0.9903372995150463 0.04530323761459861 -1.0313053702200974 -0.3908606588046874 -0.09361827942602315 0.9156765603399901 85.34487700581006
0.912723773309762 0.10110088598223671 0.3958710957986131 41.778199843740126 -0.1301018952363028 0.9903845477563517 0.047031313200540055 -1.0081639109196967 -0.3873097087488385 -0.09443017748078184 0.9171009383322191 86.14833247306755
0.914138847301739 0.10028222106903902 0.3928022963162334 42.130153011328915 -0.13009957064596406 0.9902412975585709 0.049962729381531214 -0.9817285142230769 -0.3839586821151223 -0.09677628194437254 0.9182647122052773 86.99537221667937
0.9154733814700212 0.10167365148277743 0.3893211481720476 42.502225474067544 -0.13148213369205605 0.9900250887400065 0.050623830209945264 -0.9536663121317377 -0.38029059459790365 -0.09753354427836491 0.9197098843661907 87.90007717345028
0.9166601392627616 0.10537763272670839 0.38552528270878306 42.886313507795464 -0.13498079501275673 0.9895624956043836 0.05046040300024365 -0.9227828836308478 -0.3761839630612878 -0.09829354919900794 0.9213164516719348 88.84670399727877
0.9176217501990106 0.1063008219436702 0.3829757940337773 43.25192817268241 -0.13735970323449645 0.9890151498860543 0.05460169615675818 -0.8905984146239561 -0.37296465715806537 -0.10270914540567454 0.9221432621675448 89.756891790386
0.9188717507310801 0.10646284944183443 0.379921527946394 43.619657022732184 -0.13911958145133352 0.9884879738891792 0.05947493197364282 -0.8559124237034452 -0.36921599066833927 -0.10750435881948675 0.9231047421986339 90.68024278913938
0.9206848156603518 0.10809598468443045 0.375039635648774 43.97765368072357 -0.13939585517284858 0.9885793049927726 0.05726913043372806 -0.8224010957026743 -0.36456585930815305 -0.10500578953138019 0.925238087408748 91.58312197723885
0.9222643803628195 0.11280523906114684 0.3697342163694614 44.314021197908986 -0.14172931209515596 0.9885425682908239 0.051926802039160454 -0.7880377081774743 -0.35964039651715446 -0.10029241605095465 0.927685408139874 92.44309708161504
0.9240573781916926 0.11430580248958594 0.3647631359207021 44.65175149638166 -0.14363368018310776 0.9881448613432169 0.054213456983022934 -0.7564402327447909 -0.3542419056613003 -0.1024886165298621 0.9295207129242703 93.3269252364333
0.9263824172713683 0.1173434275702699 0.3578353489756358 44.97481326397361 -0.14514874783726076 0.9880550415296792 0.05175979046574563 -0.7279271005719015 -0.34748734936933984 -0.09988871264483995 0.9323490693481843 94.1896508059113
0.9279435455704678 0.12032987784641122 0.35276266346025736 45.29436095935387 -0.1476453711263547 0.987700194595821 0.05147008820991865 -0.6959246552250586 -0.3422303619187932 -0.09984511051044793 0.9342961700061104 95.05353530253872
0.9285914243626914 0.12071555070549946 0.35092124817105874 45.63571293281101 -0.14910923424498157 0.987293239140054 0.0549408428331231 -0.6635273736241729 -0.33982996169105095 -0.10334319409717649 0.9347918385238773 95.98199855017542
0.9286879172627639 0.12213332109650792 0.3501745339228496 45.992895441519266 -0.1514252129737918 0.9867997793055895 0.057416029454152154 -0.6272904029491531 -0.33853974243209556 -0.10634682618854009 0.934923095956899 96.95901061141133
0.9286738112112303 0.12488957677660849 0.34923852305117464 46.34190638150257 -0.1544306548270796 0.9863029503297125 0.057945345115740225 -0.5886212196174688 -0.33721821602648605 -0.10774545829621979 0.9352404990142642 97.91833677148239
0.928221037586617 0.12873854700793552 0.34904454142115987 46.68475234644762 -0.15820150723390253 0.9857526156809115 0.05713198567493247 -0.5485592696031791 -0.3367164808715841 -0.10825048356716359 0.9353629479068163 98.8592295193482
0.9274717211472011 0.13197253861107128 0.3498277512216486 47.02904404845447 -0.16201459602374463 0.9850875057147186 0.05791266493622134 -0.5084140710005424 -0.33696806547135794 -0.11038956081668905 0.935022281935135 99.80360033967736
0.9265113126684629 0.1328281835507308 0.35204184573992486 47.36925937901421 -0.16417266158717841 0.9845691990237282 0.06058737097080594 -0.46997734403985786 -0.3385618476508268 -0.11393053141447913 0.9340212574277262 100.73097039930506
0.9255454638992281 0.1342950487593878 0.35402038660827734 47.70768248535406 -0.16578089053208003 0.984334759497433 0.060014811334529544 -0.43272949175403286 -0.34041488009479137 -0.11423625135587352 0.9333101243885682 101.64430940057652
0.9244510582623006 0.13967603871693937 0.3547969068157929 48.05097359359643 -0.16890585827265991 0.98422612373082 0.05262839924393087 -0.3926929457937732 -0.34184945797658756 -0.10857965543390943 0.9334609828519695 102.56209255544269
0.9229862955605175 0.1413182983114291 0.3579461366879561 48.40781270781463 -0.17231681060117537 0.9834449314410628 0.05606231895952778 -0.353164713655835 -0.3440976823399278 -0.1134248887380679 0.9320577126031657 103.52041782738902
0.921658695795087 0.1420518028686042 0.3610630606515659 48.76835394960983 -0.1740412546555739 0.983058129780966 0.057500914335868486 -0.31627480828620974 -0.3467778685891172 -0.11583608579940191 0.9307669477820217 104.47262973814996
0.9199458606876643 0.14405216015211234 0.3646211575857061 49.12060333919203 -0.17628039819850602 0.9827163622383743 0.05651347272951798 -0.2805099272704318 -0.3501782897533863 -0.11626489816141398 0.9294394218242024 105.38675290751956
0.9185006029544346 0.14557852705104007 0.36764593678427465 49.476386150111885 -0.1772685912686957 0.9826934473394113 0.05375346598865235 -0.2438760858948847 -0.3534579026163506 -0.11454466822087644 0.9284110243099323 106.29677828562755
0.9174956698919919 0.1469433962070664 0.3696069994474879 49.83283966020487 -0.1790212164339909 0.9823711452471126 0.05383620577611536 -0.20931607220226636 -0.3551803764229334 -0.115561980326607 0.9276272575269952 107.21094991685129
0.9163922235566024 0.1481805017873844 0.3718438267539509 50.17947130369612 -0.18060735708646683 0.9820863001309714 0.05373529251151653 -0.17909976455203888 -0.3572202054352819 -0.1164003349870424 0.9267387371010652 108.09517058601297
0.9145465887287875 0.15281743904455014 0.37450149181064746 50.52497429162561 -0.18389838048467932 0.9817490635193932 0.048478468766079905 -0.14801484705375148 -0.36025813342608604 -0.11320603606988813 0.9259581365794534 108.96964993441455
0.9124740806582393 0.1540195160910993 0.37903699132137714 50.88290916485811 -0.18616864104084416 0.9812732139439935 0.04943800854634248 -0.11546846854016182 -0.36432442852477476 -0.11567570297640928 0.9240599777725512 109.86395532313026
0.9103803889959605 0.15209958944572766 0.38480288749176755 51.2496806173731 -0.18743094651032863 0.9806917942977804 0.055796459450753656 -0.08548657581725147 -0.3688864156102844 -0.12291997188186417 0.9213107471916064 110.76384583868338
0.9079432200821235 0.1542559311776679 0.38967193484187773 51.596230099445215 -0.1902203028680107 0.9801884246688704 0.05519862789923087 -0.05943868512750682 -0.37343720420400617 -0.12424073342372857 0.9192980445288825 111.60412097961301
0.9056679151021033 0.1584967033644298 0.3932485506358729 51.92489613251954 -0.19250015456519648 0.9801070986313072 0.04830906441749674 -0.0325928112510121 -0.37776886855189973 -0.11945237643147276 0.9181621924899157 112.38823150641647
0.9032769246581855 0.15926654011791652 0.398403020293416 52.276649129942506 -0.19368555016808253 0.979918022292401 0.04739807214047872 -0.0036677455805325214 -0.38285337276317083 -0.11997849301193472 0.9159849650395182 113.21044606705182
0.9003432112659407 0.1588813924490714 0.4051404757127767 52.650218984547145 -0.19513109916740906 0.9795269988370285 0.04950467338585396 0.018848034178893032 -0.388980662842062 -0.12362670295193269 0.9129131844004568 114.06674953932016
0.8978284315288911 0.15932890988707654 0.4105099341216535 53.015234939400415 -0.19614043120174462 0.9793574010916483 0.04886729146375529 0.04335835450080459 -0.39424996992563277 -0.12439203913918974 0.9105457604164822 114.88646095507026
0.89558465248294 0.1577040412718009 0.41600188173078156 53.37976665139041 -0.19656429898105807 0.9791113119266502 0.051995338477179895 0.06996406455518905 -0.3991122731802349 -0.12833734539803035 0.907876048353017 115.69225773746062
0.8934585939591734 0.15867300299449597 0.4201840299216558 53.74427081552743 -0.19823934632636775 0.9787779120562906 0.051913008377673646 0.09558573205982689 -0.40302965455235296 -0.12967913090175534 0.9059527694973806 116.49249648107241
0.8919072499256606 0.16277824088502899 0.42190603435411783 54.10565038041662 -0.20072459056624536 0.9785292880482842 0.04679819626576438 0.12165275089230318 -0.4052296833550771 -0.12642656653603804 0.9054309620296018 117.28629537875845
0.8904715677611466 0.16323421917233016 0.42475284189773554 54.473683552814535 -0.20243523785275178 0.978093458452665 0.0485093909217828 0.14843832819224564 -0.4075295835697124 -0.12918117596345888 0.9040087733491264 118.08760876080201
0.8889881886988489 0.15987815478158793 0.4291141759224135 54.849957893546495 -0.2020957403844969 0.977856465317488 0.054351126531362766 0.17069553883433383 -0.41092251346498393 -0.1350396566213818 0.9016135419719454 118.89541798667997
0.888060291540204 0.1604148432182846 0.4308317498337126 55.21371722556775 -0.202339428030606 0.9778816448267085 0.052973999049123 0.19139815751424916 -0.41280464441884995 -0.1342183548783934 0.9008761062210288 119.67497292090765
0.887121568366115 0.16604718326261533 0.43063169399173773 55.59413313711726 -0.20540945212388415 0.9775847383635285 0.04620645297872868 0.21677958126990918 -0.41330652053628236 -0.1294465613651481 0.9013441672485202 120.49173946701734
0.886571899186514 0.16586835330942562 0.43183093560238944 56.003378401685495 -0.20560964182105163 0.9775212578922192 0.046656891870662194 0.2450500081240734 -0.4143850175416997 -0.1301532932323699 0.900747010818094 121.3576168216918
0.885673120182899 0.163593887268322 0.43453442238092665 56.40356509057927 -0.2077340705111026 0.9765961424080163 0.055736259137729956 0.269513850965233 -0.41524652934657347 -0.13963171087621673 0.898928976718074 122.21305620231257
0.8849478520878529 0.16541313193994875 0.43532263307449426 56.78494019985891 -0.2086158665234725 0.9765597245013973 0.05301438216573038 0.29523678878088827 -0.41634927563255686 -0.1377301719434431 0.8987122344870313 123.01721269668025
0.8841954983479494 0.16590812351529796 0.4366609843492457 57.1812865281476 -0.20911214445924423 0.9764857477280937 0.05241846548269102 0.32405529815176376 -0.4176965785601746 -0.13765928604905814 0.8980977058336055 123.84945935803793
0.8829493130716201 0.16659327974185506 0.4389159255383707 57.60185652251803 -0.21076658036169493 0.9760703789484314 0.053516950044831736 0.3516148337993205 -0.4194972695369901 -0.13976156297178324 0.8969329664845038 124.73493090744518
0.8816081503320503 0.16704339538990226 0.4414335434974464 58.012123131724806 -0.21100604574781578 0.9760983005904165 0.05204379158333672 0.37691817366732927 -0.4221889599764188 -0.13902737730789497 0.8957833836552874 125.58397791901413
0.8797804754264094 0.16857003726470593 0.44448898478483667 58.39390089031024 -0.21227775138177735 0.975926920521144 0.050047997666350194 0.3980649370616448 -0.4253521732949954 -0.1383863733851357 0.8943851185784185 126.36628651319099
0.8775918719563294 0.17110326456633007 0.447834990963109 58.74976930965946 -0.21411363412063017 0.9756867244114023 0.046805635248369004 0.41268753670275854 -0.4289380584185096 -0.13696382245721228 0.8928902807053429 127.08847282291559
0.8754112584673847 0.17354976651532647 0.4511492071266704 59.10184380462149 -0.21611853029558004 0.9753684836151756 0.04414863568797285 0.42372511937098234 -0.4323747326237121 -0.13614991631545878 0.8913558721834195 127.79739938601237
0.8728446987202763 0.17575203316431764 0.4552508701304332 59.458652766411255 -0.21910683610299467 0.9747174989097447 0.043794882030500006 0.43257769279728103 -0.4360439499509697 -0.1379747083988165 0.8892854735985601 128.512074938588
0.8702099557628451 0.1776945887267408 0.45952069162167153 59.80691215729378 -0.2209485440228667 0.9743968788825974 0.04162287013201061 0.43928266285622497 -0.4403593689083957 -0.1377510637384888 0.8871912255277956 129.19927554447804
0.8672602397316292 0.1808848221255379 0.46383225168723125 60.16039377179063 -0.22333037190420538 0.9740122215139121 0.03773244395293215 0.44681832495677476 -0.44495305546289277 -0.13631167765875468 0.8851191473288155 129.89338382591785
0.8642544974508295 0.1829413083867685 0.4686113969183303 60.54663379689864 -0.22478565165701317 0.9738005686151049 0.034407315705068955 0.45420701738445823 -0.45003952542542747 -0.13507379557350666 0.8827341022664867 130.6396730028827
0.8607163879925155 0.1841728434570285 0.4746026371334949 60.953706284464246 -0.22560936502742351 0.9737149934488845 0.031297379199533584 0.4600222554144422 -0.4563635763873341 -0.13401296678228322 0.879643570363116 131.4111113548453
0.8573149765137972 0.18393522127546852 0.4808106336381186 61.39799179318673 -0.22641990115383273 0.973526892177607 0.031295663733119705 0.4684487183083616 -0.4623257070579504 -0.13569533736039785 0.8762657793226961 132.23531814351472
0.8541733519928794 0.1823780411896697 0.4869559886037601 61.87630728693688 -0.22687305565023008 0.9733509805863114 0.03341384760233029 0.4793837901394163 -0.46788513693552425 -0.1390184113111755 0.8727871332411704 133.10746983633464
0.8515830387868237 0.18023422710591142 0.4922620759617089 62.36063077034438 -0.22728035533128055 0.9731306192915788 0.036884114164135534 0.49618470104126794 -0.47238751902551773 -0.14329138556354581 0.8696652290923177 133.97600943606867
0.8499589086539334 0.17826874385040023 0.49577223456524105 62.84167017729685 -0.22656139207970122 0.9732370423860571 0.0384655033315058 0.5146183387161711 -0.4756467063049216 -0.14501694485003622 0.8676003091790823 134.83030807144425
0.8496274957462545 0.1820351507983148 0.49497103182487406 63.28531247601254 -0.2246722700190448 0.9740482553138006 0.027429316517713975 0.5311934974461391 -0.4771325702112942 -0.13451096681674013 0.86847643045139 135.60978991549447
0.8490897015213041 0.18191456848891308 0.4959372627076459 63.701587010810584 -0.22223137166229542 0.9747239992039508 0.022942162604024884 0.5420271345982584 -0.47922843845034396 -0.1296927721476691 0.8680552336303811 136.33414567538506
0.84842739283644 0.17873971373417444 0.49821990508106356 64.08732924872442 -0.221782428937408 0.9746941062974587 0.02799916719512321 0.542269122335827 -0.480607441993341 -0.1342516811187932 0.8665985072785397 137.01946070940502
0.8494125381996389 0.17939045753535995 0.4963037413666136 64.45197308579323 -0.21957885688964246 0.975317125721591 0.023272943114498314 0.5420562514407806 -0.47987859460105386 -0.1287461378815957 0.8678369469112781 137.66486019686755
0.8492428544223164 0.17881610259683106 0.4968011429784688 64.85060386136684 -0.21999475723593623 0.9751790397393193 0.0250628657938196 0.5450168272893627 -0.47998841756998184 -0.1305781065308308 0.8675024363617001 138.3774003998879
0.8483954718024782 0.1775677406786134 0.49869311294155666 65.26176332398573 -0.22016323658046194 0.975079346440979 0.02735721847423366 0.5445944599971424 -0.4814075951659502 -0.13300363008025 0.8663467906687312 139.10721927619554
0.8483454242370003 0.1764867796470385 0.49916175513149913 65.66601947810626 -0.2179132959916465 0.9756375580973683 0.02539981613829995 0.5471169315975016 -0.4825182241182177 -0.13032180109106814 0.8661364739775015 139.8165338078586
0.8489248468020831 0.17557466155728146 0.4984978863557022 66.07615920145378 -0.21690191587929034 0.9758557586199813 0.02567288951621628 0.5521154390110463 -0.4819545241720947 -0.12991950041184938 0.8665106808590317 140.5426678408153
0.8496757712827301 0.17524968896829088 0.4973315093693662 66.51535289033015 -0.21682967945324036 0.9758475878806174 0.02657772254696792 0.5589155867119274 -0.4806620161852819 -0.13041867866258935 0.867153385770131 141.32575205742793
0.8506349698048955 0.17526955257109444 0.4956820877200928 66.9697153756496 -0.21787814477507114 0.9755464485744746 0.02895238682908523 0.5658809786881795 -0.4784864284119196 -0.13262620636682657 0.8680213287761692 142.14374276642553
0.8515254471745616 0.1769721079983767 0.49354360071301784 67.40841985968109 -0.21982106494333353 0.9750903932304624 0.029621351029936575 0.5710980864058143 -0.476007470762108 -0.13371461408638446 0.8692164803766596 142.9424699584479
0.8519199199895685 0.17774077896621435 0.49258569347621894 67.84978776104961 -0.2204549136969367 0.9749515773494739 0.029479702350038824 0.577914903260917 -0.47500745357503693 -0.133707282211007 0.8697644978566916 143.73741504682033
0.8512569638978914 0.17669823645628788 0.4941045584171218 68.30859185530696 -0.22133777730275514 0.9746460978858861 0.03278066830449779 0.5859136552156894 -0.4757847935296143 -0.13726877689063574 0.8687842730718189 144.56098197822033
0.8511144975140887 0.17663278860380371 0.4943733104763861 68.75619979347407 -0.22168396510420438 0.9745443127019078 0.033460457200126796 0.5926601722194489 -0.4758784842131609 -0.1380733159245748 0.8686054499556024 145.36908884834628
0.8515888077531797 0.17911393769010986 0.49266083651398423 69.18170629424819 -0.22225683727922527 0.9745302623710809 0.02987751672388014 0.5991214017304641 -0.4747614145991139 -0.13494059822045038 0.8697083615556154 146.1418445998641
0.8513900473409721 0.18022999702023818 0.49259733602895106 69.62740428247807 -0.22446794878781867 0.9739686314057041 0.03161083682356907 0.6071335125502708 -0.4740771321796951 -0.13748546545646873 0.8696830569422931 146.95143989395794
0.8510107778369976 0.17895084030376263 0.49371778655406234 70.08410475714997 -0.2255480122483241 0.9735705247571892 0.03589606517208147 0.614939304891096 -0.47424545351125486 -0.14190500371229173 0.8688810158734719 147.77645155184308
0.8504986852487986 0.18058812573389998 0.49400396277153436 70.54279927384354 -0.22705785539403173 0.9732473749421051 0.035132285325065266 0.622941324376464 -0.4744435864187921 -0.14204744282181134 0.8687495653488734 148.60335132788023
0.8499447798913672 0.18134410674795198 0.49467988243226557 71.02712999938059 -0.22778234217992274 0.9730956058707558 0.03464312956492893 0.6321514192478013 -0.4750884925215952 -0.14212408938252188 0.8683845159206521 149.47242395842528
0.8493019390917026 0.18186486426748538 0.4955919565530097 71.51692585471925 -0.22874539552785092 0.9728569199571914 0.034999390226277925 0.6416148165639746 -0.4757749050547735 -0.14308942810834474 0.8678500188879102 150.35165574219803
0.8488004437496878 0.18420770433630612 0.4955858435765479 71.98653886660989 -0.23104167755407354 0.9723392549230343 0.03429455596323516 0.6522115214552056 -0.47556024846840445 -0.14361021899176882 0.8678816480821585 151.20006028908105
0.8481648781475993 0.18612649189414066 0.49595692201243236 72.43741303103491 -0.23362572587569763 0.9717011540444718 0.034869577538200296 0.6604907947845545 -0.47543176133480963 -0.1454434468919772 0.867646727689478 152.01696848138474
0.8471838187131429 0.19053692863862384 0.49595892585533125 72.86853697703256 -0.23622023617782187 0.9712244755940257 0.030381211746754073 0.668240154578849 -0.47589870490547515 -0.1428940055847929 0.8678143383450302 152.7977968216552
0.8471341153285602 0.19147344334302355 0.49568307530201283 73.30772815014247 -0.23719907451702138 0.970988308030943 0.03030354295247348 0.6781018834388958 -0.47550014689247366 -0.14324673176575312 0.8679746448737222 153.5856602870182
0.8467360591701647 0.19056544453558624 0.4967120468137761 73.77814125882675 -0.23823271376565064 0.97062226833512 0.03372812333702126 0.68677969633496 -0.47569235877069815 -0.1468918771101315 0.8672597974345572 154.42833105468907
0.8450289799968671 0.1914163922154248 0.4992852769276122 74.26126757186799 -0.23937306511602996 0.9703627838191835 0.033115003784369254 0.6958180033390938 -0.4781490966868066 -0.14749858497596632 0.8658046019557047 155.28263880854485
0.8421595223180041 0.1943918438269741 0.5029703271791071 74.73233839280834 -0.2414434653246238 0.9699698897865406 0.02938479129619265 0.7084763623171784 -0.482153909059282 -0.14618558055099926 0.863804019449909 156.1028747137483
0.8396534414733611 0.19126682169514495 0.5083297169560089 75.21168778998045 -0.24069738274201227 0.9700531190306583 0.032583986865238036 0.7198260588766145 -0.4868745918232788 -0.14971288914961914 0.860545863193466 156.9243268782426
0.8372333569714165 0.195398202391291 0.5107444062117786 75.68762655454732 -0.24168888064030364 0.9700297055079488 0.02507698959198691 0.7277671367301621 -0.49053724725978554 -0.14443653600945774 0.8593667995194944 157.73540899623995
0.835102269270805 0.20235265381239964 0.5115247827367005 76.16307134360649 -0.24432420916980385 0.9695724644859929 0.015326999840325994 0.7366197358532036 -0.4928588851510138 -0.13777750036066955 0.8591318174308664 158.54396795660685
0.8328337404389842 0.20089554121131403 0.5157799359298708 76.6458114897142 -0.24600973169299253 0.9690654251492855 0.019784177834158676 0.7351656316838119 -0.49584994978193836 -0.14336381447786878 0.856492640948889 159.3642408715477
0.8300220182035407 0.20121718000020705 0.5201683340708879 77.10600835512378 -0.24788704056292027 0.9685639527982367 0.020877846172663708 0.7310229389865299 -0.49961531643683244 -0.14627206094335424 0.8538085381214605 160.13727609727093
0.8267350441561604 0.20190048000673594 0.5251146188568345 77.5555894690557 -0.25068175562407136 0.9678066378043024 0.022560346166721285 0.7301317421787245 -0.5036544690175427 -0.15028808334321894 0.8507324302291978 160.88529061062792
0.8241132449490202 0.20192408283295715 0.5292107560052636 77.99677361955167 -0.2513448599517307 0.9676430713403709 0.022195672164098103 0.7270738532197164 -0.5076052805826974 -0.15130615076407208 0.848200051795282 161.60673739330198
0.8219248954229631 0.20309588358981578 0.5321574281665348 78.40553876928098 -0.251057664045983 0.9677971200019814 0.01840608159392446 0.725245045506163 -0.5112822269624904 -0.14873061750944114 0.8464453247596888 162.26411584937057
0.8189138629601063 0.20323976463062302 0.5367249604076958 78.78055217574178 -0.25290270987036945 0.9672934161504532 0.019587404427526135 0.7216783821070396 -0.5151895810204027 -0.15177959396728036 0.8435298752641472 162.86872040171974
0.8165960943453259 0.20363510517342548 0.5400958828217123 79.15364572361614 -0.2531215214920287 0.967266787854309 0.018012675302830614 0.7155830973719005 -0.5187487966805494 -0.15141897191241432 0.8414107088024657 163.46311093258774
0.8150681783885707 0.20542190133627505 0.5417247520925399 79.54330324187958 -0.2535476594394991 0.9672109426700689 0.014716547557973785 0.7114027036711977 -0.5209390069586715 -0.14934803256375292 0.8404271034410109 164.08074501733432
0.8140868936850855 0.20472394311961772 0.5434617158951685 79.95112686545548 -0.25363904834101414 0.967173053683788 0.015605043564147296 0.7066544203227905 -0.522426801271557 -0.15054697387038235 0.8392888930348344 164.72118571335133
0.8135828061804953 0.20452933144479005 0.5442892338327251 80.37066604399065 -0.25435472582359336 0.9669643601589425 0.016840416669712324 0.7007278807820507 -0.5228639315717555 -0.15214361229164994 0.8387285796371631 165.38274114755987
0.8138743975003888 0.20607121454520663 0.5432707608819376 80.80615076096326 -0.2549048423660192 0.9668477279703086 0.015132490112507078 0.6953018049489919 -0.5221417302148258 -0.150798293937675 0.8394211625362759 166.07001159943195
0.8151749531372587 0.2075681002605096 0.5407451151253313 81.24599040427464 -0.2554676209569073 0.9667156788867644 0.014038904413033123 0.6895972633424656 -0.5198327523543355 -0.14958703135213022 0.8410693369936696 166.76682821257705
0.8171180522388793 0.20929442264449932 0.5371349303063828 81.69936003255812 -0.2571085005070331 0.9662719534199475 0.014619541751428959 0.6821197158193169 -0.5159586298070449 -0.15004784798157655 0.843369631682178 167.49496587534438
0.8194649319385608 0.2098145542818552 0.5333433023245284 82.1659511929775 -0.25821270186313977 0.965943075448024 0.01673844647953532 0.674674417485731 -0.5116673000294875 -0.15143258501893564 0.8457332595298682 168.24756722352606
0.8214385620471683 0.2103362634180752 0.5300918270198095 82.61027277952118 -0.26041240970237683 0.9652793100257403 0.020523900926243666 0.6697550028319639 -0.5073697524043785 -0.15490161370221636 0.8476918216059224 168.97736099586757
0.8233102127338847 0.21214679001647052 0.5264542079742458 83.03654424742486 -0.26311459907425394 0.9644948081722949 0.022813872154476215 0.667963070959071 -0.5029224605862009 -0.15730068179888315 0.8498973432971335 169.68947523014447
0.8249532690280013 0.21425075246923955 0.5230188514636698 83.45696652498758 -0.26488566570913197 0.9640077899659463 0.022903383741275474 0.6676926618606455 -0.4992871799093613 -0.1574344179375478 0.8520133308973638 170.39632887627815
0.8265025909624448 0.2152823353706152 0.5201413108086466 83.89225180776727 -0.26737225460692277 0.9632376839063741 0.02617712301023918 0.668480166095201 -0.4953842393524195 -0.16070681497701342 0.8536789648463683 171.13346308302363
0.8287597395054428 0.2168520417888781 0.5158803021504725 84.33406210254732 -0.26908287162568645 0.9627215568176144 0.027597322992301773 0.6699590646923217 -0.49066455177905777 -0.16168610333192363 0.8562160367668857 171.88903398145234
0.8310874281978259 0.21896697460782943 0.5112212346163014 84.75415953552239 -0.2702466941945665 0.9624091594898371 0.027117042740169635 0.6723234806421527 -0.4860662619113066 -0.16069248196837857 0.859021254259992 172.61604380754633
0.832831686862962 0.2212054032695436 0.5074047210278492 85.16410767804717 -0.27175253248218295 0.9619979528766248 0.02665520119416942 0.6746704270790933 -0.48222602837934003 -0.16008781410694545 0.8612955063901974 173.33729001816334
0.8351859867134419 0.2228849928952211 0.502778925114796 85.57294783583593 -0.2734172974016627 0.9614893501111744 0.027950153923737755 0.6782005079267812 -0.4771869120995087 -0.1608120317789901 0.863963043975868 174.06681790187483
0.8380767086864758 0.22411860910842812 0.49739147500590053 85.97789544884121 -0.2745171968481175 0.9611304251056839 0.02947226782617313 0.6823505800835551 -0.47145279614389257 -0.16124253467205593 0.8670254356249503 174.79602983401315
0.8406862480130389 0.22559484116904027 0.49229422100982706 86.37915125807025 -0.27532243589729416 0.9608888351438024 0.02983626631408874 0.6877736264524478 -0.4663091128139556 -0.1606225828888957 0.8699173507711868 175.52759704953812
0.8431024542739272 0.2265755609560581 0.4876902364972318 86.78436478544805 -0.276410814321031 0.9605198240568643 0.031602679002791366 0.6942997814589039 -0.4612757454318012 -0.1614471516355007 0.8724445563502121 176.27784434437538
0.8456291517078266 0.22800562658493015 0.4826228051258177 87.20296048210808 -0.2773458732370005 0.9602266284804893 0.03231235917410989 0.702179179155333 -0.4560598692938311 -0.16117771620979188 0.87523204889737 177.06227650435213
0.847938500862968 0.22987279456844778 0.4776597084447803 87.60437479079579 -0.2783966519016115 0.9599247334033472 0.03224609139856449 0.710052262654354 -0.4511048691426798 -0.16032156597851588 0.8779529557544419 177.82665704748516
0.8496256098177679 0.23209657509819343 0.4735688999179238 87.94471073246739 -0.2800696243733752 0.9594378630013058 0.032248915374670485 0.7148316619692381 -0.44687507051204073 -0.16003176830609153 0.8801661800408392 178.48724938732013
0.8506395426476969 0.2336925033323437 0.4709566671896442 88.23471633029507 -0.2809246036347903 0.9592149108813999 0.031434404963708855 0.7174177650463368 -0.44440267276058504 -0.15904266292114458 0.8815961069640669 179.05146789046822
0.8510254696044585 0.2341508571534064 0.47003087789934983 88.51127641559053 -0.2811204501587341 0.9591661449794272 0.031170480070947696 0.7208899574269628 -0.44353911054952094 -0.15866216442374503 0.8820994133278353 179.5867576227843
0.8506337813948807 0.23431932923098406 0.470655523603607 88.79715150046451 -0.28175177890872893 0.9589603716808824 0.031795292535672134 0.724343326698313 -0.4438897442289149 -0.1596541809487109 0.8817439750142803 180.13800381909684
0.8501210821747683 0.23435478653384761 0.4715633357998405 89.09729647991144 -0.2806505812774994 0.9593666917742427 0.02916850943646586 0.7261281181740092 -0.445566377625827 -0.1571412891089353 0.8813496572794364 180.70753622725115
0.8496196148393471 0.2350021696796523 0.47214456507100994 89.38282029361272 -0.27825504860503025 0.960237170600625 0.022775076788387194 0.7278039049087839 -0.4480185688183588 -0.15072676087132095 0.8812268751866275 181.23746663396062
0.8491419019259472 0.23519589343259664 0.47290688523854835 89.66259692740769 -0.2771555131513549 0.9606189786623481 0.01989973274983409 0.7308717007354637 -0.44960299367708056 -0.14796644736611106 0.8808876651029106 181.76166882399087
0.8494473785347713 0.22972464774799203 0.47504287945138585 89.99128201795486 -0.27260723644040413 0.9618665666195406 0.0223159731999517 0.7349585867320694 -0.4518013343724534 -0.14845637149208563 0.8796796348800359 182.3660281841983
0.8481288743185755 0.2305969522460685 0.4769721775553877 90.35643364550188 -0.2728522499629586 0.9618447137786206 0.02015927246388643 0.7352869616556026 -0.454124500811458 -0.14724059287759683 0.8786871716212754 183.04340773385286
0.8473643423561261 0.22956769656608564 0.4788239175278417 90.7173422877096 -0.2713613622183611 0.9622927370626803 0.01885999181890314 0.7350594307388187 -0.4564391332898221 -0.14591559508755414 0.8777083551567 183.70225554087125
0.8468161368316891 0.22787946343973509 0.4805969002645258 91.06155816427105 -0.26970746754841857 0.9627602207132814 0.018725366771597363 0.7302324529184134 -0.4584324512401709 -0.14547751563224573 0.8767416837902696 184.3286599569532
0.845784209497969 0.2289736581127158 0.48189224402803477 91.39079059717923 -0.27009432505468584 0.9626903507841299 0.016623600102894927 0.7243207531864483 -0.46010664691693853 -0.14421633887187735 0.8760727829725352 184.93218935006132
0.8453232003479524 0.22872137936891393 0.4828200674920988 91.72215819355861 -0.2671579153840472 0.9635868474189233 0.011271012772101706 0.7183208182610178 -0.4626611451171846 -0.13851685132444974 0.8756470445893225 185.52495489308632
0.8448106288673192 0.22724418390194862 0.48441209959655224 92.0705999578174 -0.2654979413138214 0.9640511925118788 0.010776890764275456 0.7084664402088456 -0.46454907653651195 -0.13771484705419235 0.8747735572077575 186.16227716871907
0.8439022011259705 0.22701814649977378 0.4860985868057499 92.41732496178896 -0.2632640072743657 0.9647018654644667 0.0065094733441952496 0.6921798484917667 -0.46746244491785993 -0.133465620776225 0.8738797346673243 186.8048668597338
0.8420832415504286 0.22913060860863602 0.4882570823844305 92.7549207618872 -0.2617296645407085 0.9651400182376821 -0.0015257442685037443 0.6754333544241454 -0.471586044110011 -0.12650655870270341 0.8726985124347753 187.4243875969247
0.8409756597912772 0.22426510935327076 0.49240745360462346 93.13721833163675 -0.25786632742415944 0.9661805346024445 0.0003629546924168363 0.6561307585914476 -0.4756730986921592 -0.12728053771923598 0.8703647326830867 188.10053370708565
0.8401998303014488 0.22174507260109383 0.4948670204595878 93.52202754499189 -0.25495433872939915 0.9669530052904406 -0.00041318620247878624 0.6344500051756163 -0.4786047746569917 -0.12582133498305664 0.8689686193060201 188.78022976436344
0.8402319131054157 0.22130606943508965 0.4950090462106754 93.87565048376992 -0.2525978436520359 0.967563846945119 -0.0038120161465967865 0.6144477992992038 -0.47979647933426256 -0.12183524004142378 0.8688794580967456 189.40611598128433
0.8408725735534647 0.2190713955476853 0.4949151833378733 94.21358857237922 -0.25031220851728647 0.96815966883821 -0.0032640315997073846 0.5911648217826454 -0.479871975961058 -0.12113867791863497 0.8689351571891623 190.00790060664283
0.8418435697346545 0.21817500293443529 0.49365886216188926 94.53847346664611 -0.24889521088283548 0.9685237317227 -0.0035993179245756607 0.5658542755679248 -0.47890560457777215 -0.11983926395172928 0.8696481890508975 190.5973191710931
0.8431672086351297 0.2169855741253231 0.4919210494621527 94.85290327586262 -0.2473782386938514 0.9689131199405504 -0.003372391998885268 0.5412343331372776 -0.477360519212859 -0.11884707244425467 0.8706332798993265 191.1732429178139
0.8437584341399982 0.21692190949804663 0.49093440498434987 95.15751130778 -0.2466678713100989 0.9690907369307243 -0.004254980423898753 0.5168666614084689 -0.4766829827893603 -0.11750756901061436 0.8711861483886513 191.7384664854603
0.8439564980785523 0.2171401196546443 0.49049729641186746 95.48669373394637 -0.24607040245460654 0.9692353008804473 -0.0056823026155396325 0.4891661843495633 -0.4766411505386555 -0.11590125091453116 0.8714241869776354 192.35606188527322
0.8444304801859348 0.21742482482288725 0.4895545012393272 95.8398509940654 -0.2459514291841551 0.9692620953264527 -0.006235787491888825 0.45935714500845415 -0.47586243665078454 -0.11514094021723557 0.8719504029878467 193.02275019968803
0.8447931285327749 0.21882423742147034 0.48830372013810874 96.20243062202468 -0.24655127584486872 0.9690988717904397 -0.007735959782875415 0.43068233050191734 -0.47490739977712776 -0.11385661953266732 0.8726394626794733 193.70710132738571
0.8455596049533728 0.22028447481258667 0.4863164655115401 96.5764472125195 -0.24722589602957706 0.9689157663297207 -0.009032944705962982 0.40224395191920903 -0.47318950834044027 -0.11259213078288764 0.873736059277801 194.41216936269495
0.8465915712196092 0.2218989714930465 0.48378048533424706 96.95031150503551 -0.2483625341430664 0.9686189714383886 -0.009661252696746952 0.3751971522535181 -0.47074277814316634 -0.11197381220608742 0.8751360478269016 195.11500075706138
0.8476805779302431 0.22115110450891856 0.4822134659819575 97.33643355811029 -0.24831817614395987 0.9686477554685443 -0.007720700893486356 0.34924138343248473 -0.4688024330103088 -0.11319768018928002 0.8760197280902866 195.83323567159576
0.8485357378896006 0.2204240672356154 0.4810408840290584 97.72782293847278 -0.24830268254048382 0.9686647152389416 -0.005869181736681319 0.3226735843392181 -0.4672610398560418 -0.11446353146031789 0.8766785161039836 196.56092194212783
0.8483251638669403 0.2209332901757935 0.48117865459954234 98.11204362782648 -0.24801128300972228 0.9687277697561217 -0.007543977942718919 0.2942392648754864 -0.46779784079236525 -0.11293798915965883 0.8765900927768766 197.27426041429595
0.8468334012072348 0.22045649516050014 0.4840166570907794 98.49694123235103 -0.2477393425979646 0.9687951913811433 -0.007816347350303829 0.26264088392077667 -0.4706361744797287 -0.11329082442245914 0.8750238741730225 197.98006548919093
0.8451865904661716 0.2219395379044133 0.48621237007190776 98.85723679045378 -0.24773700429310597 0.9687583226368673 -0.01156239705595356 0.23063084823601462 -0.4735884331358236 -0.11068041306652787 0.873764179949818 198.6459229052629
0.8446833275672125 0.22362536504551458 0.4863144787462531 99.19386496229431 -0.24834454953553423 0.968570114012724 -0.014032781526491763 0.20052595431030665 -0.47416775601676325 -0.10892029356202551 0.8736711674333708 199.27199521679182
0.8450548623274892 0.22540538834846452 0.48484501705199023 99.5315112547815 -0.24978086873275862 0.9681898769272825 -0.014760753051272706 0.17122650402740475 -0.47274919066221127 -0.10863136342240189 0.8744755168723788 199.90500507933845
0.8455881300650355 0.22584274151901823 0.48371041997902925 99.88708033873694 -0.25026924924560523 0.9680679190982547 -0.0144847124519118 0.14094247991242498 -0.4715358068854969 -0.10880974274368614 0.8751082348537785 200.56971256330294
0.846749883948811 0.2267557097826175 0.48124472164757787 100.26172219341963 -0.2501061808753245 0.9680847764119209 -0.016086142093086238 0.11230023732573988 -0.4695333133235951 -0.10674134044717937 0.87643867664481 201.2674939185236
0.848155075401626 0.22515454004256566 0.4795189268096524 100.64291028483628 -0.24992686307703751 0.9681834842033883 -0.012542090266675828 0.08390764655663854 -0.4670862138652054 -0.10920702364777748 0.877441903947527 201.981464676381
0.849883681669095 0.22721610154843613 0.475468790594833 101.02551801162544 -0.24959960504648743 0.9682079507629406 -0.016534849260368023 0.05715548098043975 -0.4641096473821896 -0.10462412377915621 0.8795771870223915 202.69838704506677
0.8521549690637072 0.22888623152845539 0.4705773068441916 101.4237742227003 -0.2502571148731105 0.9680184204216492 -0.017655429186521205 0.03214390601598506 -0.45956858591010924 -0.10272015742333929 0.8821821150440008 203.44743348108838
0.8540772400472092 0.23014833455172232 0.4664588000417704 101.82334060356251 -0.2509984341305991 0.9678211510928547 -0.017944513403474794 0.0011197260353122823 -0.4555785926679695 -0.10175442791529263 0.8843608891749474 204.21126085643158
0.8560200766203093 0.22979136927991553 0.46306107051599515 102.22244238644079 -0.25133270179510764 0.9677744528262116 -0.01563590308542042 -0.030231950601543517 -0.45173166972366463 -0.10299774299171054 0.8861884469497914 204.98450185977762
0.8580030769867861 0.22944154189636454 0.45955119272331807 102.62032612456659 -0.2525727406904358 0.9675097239861643 -0.011486716342635248 -0.0614241930024462 -0.44725577753823137 -0.1062144662672316 0.8880769992597707 205.77137523294616
0.8608399042122562 0.23105665650719154 0.4533955015210777 102.97781087839125 -0.25490538545601366 0.9669261143192694 -0.008782591471682442 -0.08850964032043748 -0.44042922675652846 -0.10801254987803441 0.8912661697200737 206.5004692523417
0.8653261974307309 0.23248196010190356 0.44403007811098444 103.28507759055033 -0.25624609276885185 0.9665883109099986 -0.0067065007903537805 -0.11408984288362947 -0.43075342364369845 -0.1079776617608048 0.8959867814761003 207.15218664379427
0.8710174268469053 0.23374793646292363 0.4320770120341044 103.55833703202916 -0.25728052092288417 0.966327965232587 -0.004122761586101082 -0.1394617929627754 -0.4184917868759727 -0.10757400154670861 0.901827288624925 207.76299188433123
0.8769641799433967 0.23543130314689228 0.4189342771781278 103.80843245043127 -0.25903718761592687 0.9658671940466418 -0.0005467142730150654 -0.16565466263350692 -0.40476358844174215 -0.10804010812203536 0.9080163944052677 208.36079270175674
0.8832524145846201 0.23619768434102414 0.4050627433403063 104.05921945761301 -0.2599210550765247 0.9656227875807807 0.003698274276877536 -0.18905904975080767 -0.3902642915491292 -0.10855084530605216 0.9142814100292085 208.98034486196008
0.8885650052100245 0.23662401912835648 0.3930156550159943 104.28086514719836 -0.26045462384695234 0.9654563007438982 0.007584211933247115 -0.21116837905842256 -0.37764483371661656 -0.10910180990913401 0.9195005027957842 209.54879643309903
0.8921066642486585 0.23773340113537622 0.3842245822272911 104.47838697571108 -0.26166589169351134 0.9651024580556538 0.010402239142268184 -0.23218483027393128 -0.36834312906225114 -0.10981837478099667 0.9231810569076309 210.07704223764284
0.8951401093498419 0.2381795431592466 0.37682182772977035 104.70024769381233 -0.2622705731549095 0.9649050252139961 0.013131594487006388 -0.24609851041719633 -0.3604695980109112 -0.11058389366100405 0.9261926750804197 210.67395451197183
0.8979564973627168 0.23830081633345665 0.36998222900416233 104.9377049473739 -0.2622187945004739 0.9648928429818621 0.01493671225860237 -0.25264270542408307 -0.3534337740720303 -0.11042881189791899 0.9289187504017857 211.3147211618114
0.9005735259243614 0.23844421591955176 0.3634717049491923 105.18535856383292 -0.2625844024052686 0.9647464244546249 0.017713500938070118 -0.2562993005562468 -0.34643434589779193 -0.11139431043157001 0.9314368210382515 211.99263666335486
0.9031990107524706 0.2381847460128122 0.3570708245468533 105.43077692590204 -0.262949297916546 0.9645654425741936 0.021706536270070714 -0.2581095750620329 -0.33924801208106364 -0.11349684470706768 0.9338250652775316 212.67834741687196
0.905462982858707 0.23811450929046207 0.35133782480395453 105.65957553680222 -0.26350967813034504 0.9643180723679254 0.02555982856453742 -0.25906243957572395 -0.3327152479286967 -0.1157243957425088 0.9358997959321164 213.32911423203845
0.9081576486232112 0.23838949344156748 0.34412226702704357 105.88301884536062 -0.26296116313678863 0.9644602578290996 0.02584255695499222 -0.2622901617053673 -0.32573165631990175 -0.11395990735735702 0.938569138415597 213.9741365685833
0.9104293804070154 0.23913889956714246 0.33753656099082574 106.08146847780432 -0.26293662384065986 0.964465258488408 0.025905540182783328 -0.2672637551730525 -0.31934726417330234 -0.11233588866743509 0.9409558825908495 214.5644923534946
0.9116862732213119 0.23867619822200448 0.334457488512554 106.25265258142525 -0.26395042610869407 0.9640201896966121 0.03154752627933155 -0.2720384470532667 -0.31489412788566556 -0.11704164327108738 0.9418826582773088 215.09226251886014
0.9124452588604974 0.24068701077906376 0.3309281076385594 106.43625287921095 -0.2652493210441811 0.9636990192799153 0.0304466406115462 -0.27223983347926417 -0.31158698186638084 -0.11555934873979827 0.9431646673037711 215.65944715768043
0.9131977212569522 0.24153619010313135 0.32822277611642503 106.63767897628647 -0.2650977616367402 0.9638057889147931 0.028312153388986988 -0.26640238468041344 -0.30950460201150354 -0.11286571722536133 0.9441759535218557 216.26819284179797
0.9134313840632661 0.24120942839323053 0.3278126267587569 106.84517321168194 -0.2663759047132728 0.9632890074556409 0.03343898179235911 -0.26030608837242 -0.3077125021776832 -0.11786560044955918 0.9441507910467555 216.90006745502868
0.9136594796098629 0.2411647500863475 0.3272092887355477 107.06678607131063 -0.2669082561305822 0.9630691133545127 0.03546640257881306 -0.2553643488169194 -0.30657191346952384 -0.11973907556992543 0.9442860878215322 217.56919329796509
0.9138085339533307 0.2415434565215696 0.3265129735334814 107.30150436073242 -0.2668697525792335 0.9631183684015148 0.03440266858691591 -0.2485425216748828 -0.30616090284744424 -0.11857388860628193 0.9445664267315576 218.2787097605593
0.9145809169847574 0.23875626891541593 0.3264003528504662 107.52538984063598 -0.26452424583506584 0.9636965465347676 0.03627519210632532 -0.2451513314310541 -0.305889963308228 -0.1195174056384702 0.9445352931980575 218.94556564450406
0.9149743032668229 0.23990621549700597 0.32444881279994725 107.72292755315347 -0.26417700907663527 0.9639351158322136 0.032242833945837206 -0.2462350287980554 -0.3050123476790974 -0.11521328148889544 0.945353567471899 219.55030969255924
0.9152785528317793 0.24011790793388063 0.3234324674729167 107.89123707719806 -0.2636154743061661 0.9641546859112314 0.030209656432145134 -0.24967728065210198 -0.30458504958795685 -0.11291205393964558 0.9457689018162062 220.06464505819451
0.9153768425794961 0.23913490782815933 0.32388228097135746 108.0371369648475 -0.26350495809707597 0.9640966940166882 0.03290443198642306 -0.2549859152935798 -0.3043852380248589 -0.11546454193434662 0.9455250215771351 220.51671660335884
0.9157458312598133 0.23880643267387858 0.32308057856183375 108.19637336934194 -0.262426109780658 0.9644558122031339 0.030943871977854996 -0.2542031961553131 -0.3042073461237633 -0.1131215011444243 0.945865432576521 221.00386892077324
0.9159748055331248 0.23892024656788177 0.3223465082927012 108.35967461625702 -0.2625444688318349 0.9644144670863606 0.031227192642618126 -0.25095568611111063 -0.30341482744645776 -0.11323361450767139 0.9461065431710981 221.50831160535455
0.91640514705908 0.23876803112864484 0.32123423502885917 108.54514252832027 -0.26279698171872257 0.9642880770106833 0.03295832117336054 -0.2470186725608418 -0.30189294931010796 -0.1146225625520007 0.9464260749318237 222.08094924704275
0.9172856727792186 0.2380590949965464 0.319241071611097 108.74888193304942 -0.2613659633741899 0.9647225603286326 0.031594537224783246 -0.24101133293081878 -0.30045769702814745 -0.11241996656462638 0.9471467275001012 222.70156760080883
0.9181627564901397 0.23729631063372741 0.3172815997722684 108.96183519686909 -0.2602600761583791 0.9650277436461082 0.03140297360656924 -0.23667427410135344 -0.29873373654889274 -0.11140877412897754 0.9478112890732079 223.35717069132528
0.9188804990447386 0.2366189264025754 0.31570573663363277 109.19982560353957 -0.259910260447309 0.9650626394213986 0.03317768085949933 -0.22994393767967058 -0.2968253442506288 -0.11254148417848077 0.9482769265090242 224.09686420170897
0.9189316228555526 0.23512404620563812 0.3166723155123438 109.43454801137445 -0.2602837334488134 0.9647444439339834 0.038994050834140065 -0.2207533962427455 -0.296339417928172 -0.11825751897616159 0.9477331420751286 224.82997155085394
0.9190533847850721 0.2358656241083628 0.31576618450852945 109.64656414684453 -0.2602175347119657 0.9648535681260438 0.03666642473528023 -0.21482813791163197 -0.29601978066259244 -0.11586629983913953 0.948128308836973 225.49090080661915
0.9195858875327612 0.23554227858772364 0.314454496625962 109.84024731369605 -0.2594591063385611 0.9650881510150241 0.03585851235615478 -0.2094182787681544 -0.2950301130199753 -0.11456306458935317 0.9485950330058225 226.0848826976559
0.9198901428829996 0.23528748736557248 0.3137545590360242 110.00668552342901 -0.25984370890698244 0.9648929211837547 0.03824784426530481 -0.20702756345920534 -0.29374031382865723 -0.1167109632325732 0.9487334605109952 226.59850956686418
0.9198991421367292 0.23683683056506435 0.3125602085742918 110.16914983502123 -0.26145574119340637 0.964439046385843 0.03870686248420831 -0.2042326997691391 -0.2922780588636728 -0.11732707059438463 0.9491090004907891 227.10957386071982
0.9204285155397182 0.2364687041411805 0.31127784974704165 110.33630268474586 -0.2616012351312777 0.9643055392188908 0.04098317715299001 -0.19876394310359302 -0.29047571595426225 -0.11915275487186218 0.9494348210631974 227.63809821103155
0.920257143643278 0.23689512709540006 0.3114602516084024 110.48909300264509 -0.2625326090154915 0.9639871952930072 0.04248901640000176 -0.19656120282804646 -0.29017825345300163 -0.12086929332785326 0.9493087986284504 228.12467504419388
0.9199476341915661 0.23821641579973518 0.3113668087463213 110.65163386376092 -0.26281314844860487 0.9640613614532593 0.03892223471768881 -0.19518813719820413 -0.29090479430197164 -0.11763770907500187 0.9494923749328974 228.63924954338142
0.9195348597503563 0.24117853317793156 0.3103039748988625 110.83453776118691 -0.2640021312085235 0.9639536223814761 0.033110249394823016 -0.1918713833433584 -0.2911331592609306 -0.11236693922934371 0.9500606057231189 229.22286526704357
0.9189885503103545 0.2426902801023487 0.3107434188238207 111.0290065739849 -0.26607508975512595 0.9633338568040523 0.034524295022934505 -0.18662729549494692 -0.2909709453025764 -0.11440851488797626 0.9498666225901686 229.85162344452132
0.9184681236581866 0.24309106162646818 0.31196641098221856 111.20589400941061 -0.26791168011512206 0.9626685933552814 0.03863303023651745 -0.18171083631356882 -0.2909289217003058 -0.11906265209829492 0.9493073513850078 230.4218800949474
0.9185476222343483 0.24360328332963835 0.3113321474545228 111.37568877586114 -0.2680039137604645 0.9626895915657256 0.03745200261787135 -0.1790270597004228 -0.2905927870692915 -0.11783968194982236 0.9495628686196965 230.95793815797785
0.9186773758242502 0.24330354658186387 0.31118364894280015 111.56756634219823 -0.26749797723735114 0.9628520600513754 0.03688824512968213 -0.17321407441590939 -0.2906487765716466 -0.117129392876035 0.949633610400294 231.55690788517038
0.9186126626374042 0.24299957013348003 0.31161191401671773 111.77767602480418 -0.26686858929648277 0.9630716752419133 0.03569459894212294 -0.16226609665881242 -0.2914308358583969 -0.1159489424776161 0.9495387883858138 232.20152058228553
0.9179595828615642 0.24444283403690054 0.3124066342455475 111.99900692950087 -0.2682825587609815 0.962702790503397 0.03504006024013 -0.14869125379851647 -0.292189446930042 -0.11597861029077527 0.9493020009763686 232.8889916584286
0.9176547827188837 0.2443440780144661 0.31337784109987593 112.22609063966061 -0.26866058021731637 0.9625545760205517 0.03619641997753098 -0.13478565034841916 -0.2927988941072931 -0.11740809052682519 0.9489384320852391 233.58974716838011
0.9175270584198152 0.2443887860088715 0.31371678045745527 112.45319728564364 -0.26924853444482183 0.9623283692873349 0.03780656509250029 -0.12020392125703785 -0.29265905720957464 -0.11915632982719675 0.9487636403737846 234.2958404639735
0.917579820249211 0.2446903812872662 0.31332713061099265 112.68085522934362 -0.26973739791842305 0.9621626106304194 0.03853371081343459 -0.10576151746611366 -0.2920428215786589 -0.11987380034998135 0.9488631420568665 235.00785268855967
0.9176487904767567 0.24617803200504512 0.3119568462057993 112.90372773419686 -0.27098270217229586 0.9618299044594586 0.03810000014315725 -0.09091819599508122 -0.29067004052696394 -0.11949732819452723 0.9493320367997825 235.7057112879895
0.9178065091102702 0.24659163445104304 0.31116519351235766 113.10037256976905 -0.271570407025426 0.9616301786110089 0.03894757518257716 -0.07829892693226674 -0.2896216943926414 -0.12024959627092724 0.9495574278229915 236.32142255641787
0.9178597406782015 0.24695040459668466 0.31072334014630826 113.27681008639915 -0.27232747700985926 0.9613564085109508 0.04039308208553923 -0.06801269055703234 -0.2887407863596508 -0.12169368711834666 0.9496417244455688 236.8797222538161
0.9182478555916822 0.24670730521703615 0.3097682702502392 113.4346333245529 -0.2719988414758013 0.9614419516792939 0.04057097222067613 -0.05753183552938364 -0.287815055091111 -0.1215108188749334 0.9499461116080454 237.369996854716
0.9188300745796136 0.24514335515854047 0.30928308953066785 113.56854732160396 -0.2706456564068997 0.9617743870027519 0.04172477889165933 -0.04852738912762143 -0.287232001552926 -0.1220441064824226 0.9500542160091752 237.7795958291224
0.9188255080013271 0.24539826403453383 0.30909444811406744 113.69055625576327 -0.2710072694526157 0.9616552102852206 0.04212263566212303 -0.03714601775500517 -0.2869054648310839 -0.12247019449696146 0.9500980505768536 238.16381889954513
0.9189643268708169 0.24542447601806297 0.3086606429561846 113.80873125981162 -0.27119373002839164 0.9615707579789575 0.04284434843779649 -0.026422485335774765 -0.2862839966399696 -0.12307925889860756 0.9502068034363975 238.54031368556744
0.9189188167729463 0.24610044203320686 0.3082576529652884 113.92470345988431 -0.27215153852460094 0.9612543243363227 0.04385959442825073 -0.016592904502210473 -0.28552013634645956 -0.12419620113263509 0.9502913002679348 238.91376498650354
0.9187393521556173 0.24551312849616969 0.30925928690453175 114.03890213233609 -0.27216045024693347 0.9611768224336464 0.04547312764417498 -0.008226079865947629 -0.28608860886456644 -0.1259460985992818 0.9498899347427354 239.26743151288127
0.9191077582745324 0.24382439600340758 0.3095005534617616 114.15536027434595 -0.27029027689832025 0.9617257255698485 0.0450199399308392 -0.0029782907895083413 -0.286677684680536 -0.12503316636285047 0.9498329392137799 239.61141699815607
0.9189204748497332 0.24465513734753852 0.30940107412773704 114.26934251489178 -0.27032580554925695 0.96183901305589 0.04230451297220034 0.0017245554183624237 -0.28724400734582073 -0.12251357775008674 0.9499901596915564 239.95823079504223
0.9190065712594293 0.24354707698761635 0.31001894018394266 114.39598968383274 -0.2687531343960956 0.9623501120215303 0.040669578857182406 0.007298447934648667 -0.2884418047618294 -0.1206941721166943 0.9498601171134652 240.34028239946457
0.9184922442205616 0.24212338596783162 0.3126471865764154 114.54085767304085 -0.267696832653693 0.9626327728500578 0.04094570089994589 0.014267232611594245 -0.2910505163951034 -0.12130297029536963 0.9489863994302897 240.78287563600435
0.9175010531448379 0.24114291231313942 0.31629402985078636 114.69268137974464 -0.26734243836162785 0.9627060163684172 0.04153488532438795 0.021696798773353326 -0.2944823222690488 -0.1226671182069106 0.9477515180583153 241.2467918039477
0.916538344404097 0.24001654239837686 0.31992111935932577 114.85652478726713 -0.26665947082570113 0.9628947298807803 0.04155076156671624 0.030431935859147635 -0.2980774896833924 -0.12339286260941114 0.9465326257457284 241.73559779946027
0.9158051251943311 0.23909139245294364 0.32270153194973666 115.03661706429082 -0.26620068562811083 0.9630037198279593 0.04196463473729788 0.042982093497165766 -0.3007293927086579 -0.12433479662758695 0.9455700347984064 242.2628419627392
0.9153924928653239 0.23784342062679928 0.3247877634245944 115.21212402501065 -0.26535122506153674 0.9632142690130422 0.042508814709543985 0.054871585556348725 -0.302729766234093 -0.1250950807754322 0.9448311539114493 242.7709456782502
0.9148734307647501 0.23770373863205077 0.32634879855927246 115.37481258137323 -0.26554928289476215 0.9631421876190299 0.04290343555596474 0.06467284104951367 -0.3041219887394079 -0.12591290270966168 0.9442752548364359 243.24392781472528
0.9143866986767241 0.23746539440799871 0.3278828323376115 115.53714103836553 -0.2655303224146352 0.9631451795682854 0.04295359068521382 0.07528805324417191 -0.30559877807586294 -0.1263390261677936 0.9437414038313219 243.7094194545147
0.9141398679365618 0.23688424650040138 0.3289895980253195 115.6914800817643 -0.26478194785432135 0.9633908376706755 0.042054892493777946 0.08318725123970572 -0.3069834229065075 -0.12555456045930266 0.9433966453239468 244.14691299952153
0.913950016749725 0.2363088672349678 0.3299295169415776 115.83616458046048 -0.264369987497476 0.9634955802784517 0.04224661518360475 0.08903401348825804 -0.30790238159806543 -0.12583475692356777 0.9430597740102306 244.5621721821134
0.9138419557767434 0.23675166141302034 0.3299113982273275 115.97604080703371 -0.2651596648097711 0.9632342932333194 0.04324405736370213 0.09589801373863469 -0.30754387007401957 -0.12699742972784817 0.9430209015830011 244.97119684749123
0.9141088466845582 0.2378285931661495 0.328393935214456 116.1102253299296 -0.2664698857420415 0.9628177702686888 0.0444493109896186 0.10419939648092948 -0.30561219937307704 -0.12813860279961883 0.9434943995948857 245.37216569027623
0.915500174509855 0.23772620688461085 0.3245699940423938 116.24431427496555 -0.26621741137206084 0.9628291306580664 0.04569852337427218 0.11313525006457871 -0.30164170857953826 -0.128243189747 0.9447570925527543 245.77548975373983
0.9179502720663087 0.23793525584276462 0.31741788235766905 116.37827063859064 -0.26607853348187493 0.9627657364216833 0.04779488249327922 0.12338093044718171 -0.2942269736674792 -0.12833141002673368 0.9470805336226843 246.20078718026946
0.9212698488482101 0.23902854871613327 0.3068015946859703 116.51278514425752 -0.2664544032865163 0.9625392523180648 0.05020197920605478 0.13586817246155114 -0.283308871326723 -0.12799820563444478 0.9504486008101345 246.65340960950994
0.9259024803739468 0.23938237916163002 0.2922339360585789 116.65003923848627 -0.26594240841790445 0.9624638757202671 0.05420261375989753 0.1516870135768802 -0.26828945607730526 -0.12790373129990237 0.9548096162467719 247.1392243537119
0.9313136180499079 0.24078811712256315 0.2732691484367755 116.77350932048455 -0.2660124865601541 0.9621763209310525 0.058771459346066354 0.17149281344765213 -0.24878163483037352 -0.12742766611750048 0.9601405564181608 247.62669088847298
0.9378168576268223 0.24034015200186537 0.25047186046873987 116.8864458593169 -0.2635668122734584 0.962567558406481 0.06321574939357785 0.19599105010587123 -0.22590280436275909 -0.12530086527675796 0.9660577706027413 248.10293435265845
0.94412926767766 0.23980120721954704 0.2260869455109966 116.98000917954315 -0.26119927952525496 0.9627737449174908 0.06958198382510115 0.22554968985088106 -0.20098473148458823 -0.12474813470988928 0.9716187732832633 248.56199031581312
0.9471158813598072 0.2422079016706748 0.21049189923681957 117.05302066192061 -0.2622108884949222 0.9622790883806575 0.07255622661076669 0.24985750840842672 -0.18497826150858374 -0.12391242243446815 0.974899356003319 248.97719403580544
0.9463002873238576 0.24419461008415855 0.21186023368397736 117.13278482042459 -0.26426805257205555 0.9617707619297622 0.07182894880768186 0.2659119220756963 -0.18622073622600907 -0.12395964626800515 0.9746567824093548 249.36319178087658
0.9430575606922617 0.24451140833762294 0.22551409803804445 117.2305219087364 -0.2656671367135317 0.9616409361145896 0.06832043954109229 0.27425751130611226 -0.20015846145390412 -0.12434179177334743 0.9718414012208997 249.74517913701055
0.9372682313653203 0.24464808666147742 0.2483456787749727 117.35170247018787 -0.26757685219175975 0.961496496370871 0.06266670278295504 0.2789985931244819 -0.2234522110977483 -0.12518706466490945 0.9666422855410958 250.13610778565206
0.9299436745493656 0.2455855722383154 0.27366492079549054 117.48978377975644 -0.27027008278063636 0.9611624035940366 0.055865161514854086 0.2843974077980679 -0.24931675539235373 -0.12591489437597062 0.9602013303755205 250.5526400898594
0.9222917606784806 0.2461552770735483 0.29796893756469317 117.64134715864944 -0.2724642636271605 0.9608893203992307 0.04954734088538284 0.28851814068935455 -0.2741188304927197 -0.126882991419448 0.9532888194339415 250.97822655460192
0.9154799170980947 0.24450979396545355 0.3195488727018703 117.8087054160996 -0.27201223448094486 0.9612995564795024 0.04373221930103835 0.2910702847662858 -0.29648923367088387 -0.12695717138973298 0.9465600936813108 251.41522877236653
0.9093936954026653 0.24496465368310916 0.33614792161754925 117.9751996747465 -0.2734190478489435 0.9610916675607839 0.03930433587541691 0.29171892941459165 -0.3134407935085359 -0.12765235991216445 0.9409887055504952 251.8526559516645
0.9052294802703615 0.24483567184725608 0.3472968209479509 118.13132127976475 -0.27459471687680204 0.9607931576445152 0.03839595925132704 0.2906909894543719 -0.32427970875896495 -0.13012302645797663 0.9369688727341051 252.25967423444752
0.9035939205581973 0.24450951545171448 0.351757194075449 118.26956774663468 -0.2746894668395241 0.960790959336016 0.0377680985170689 0.2893370086249773 -0.3287304724811545 -0.1307510203086185 0.9353290582199263 252.61887023503957
0.9050379179351892 0.24396860440416002 0.34840448786521583 118.40537117926166 -0.27391729072818155 0.9609773157423047 0.03862533454672788 0.29329031390733556 -0.32538544057727836 -0.13039140575130015 0.9365481281634875 252.98407194939398
0.9093842998984911 0.24126630216014447 0.33883737476863485 118.56451756732206 -0.27090084633465494 0.9616774367020458 0.04229939944430979 0.3039677724429982 -0.31564683833882756 -0.130257741344426 0.9398936079506831 253.42669946517168
0.9138500428528793 0.2426545835708094 0.32557157776726586 118.70801693810579 -0.27133936025132177 0.9614286541354261 0.04505435146293175 0.3198462777636656 -0.3020811989452389 -0.12951330464249214 0.9444433562498016 253.8691737467942
0.9190289270996843 0.24193943844659482 0.3112091568031838 118.82616070181075 -0.2701574456452268 0.9615007308696458 0.0503120174469468 0.3359569122431174 -0.28705537047135765 -0.130313670277841 0.9490087257882677 254.25808044038493
0.9248837700076186 0.2394493141523009 0.2953879447920755 118.94895800384298 -0.26661492341399945 0.9622455990338378 0.0547712493280595 0.3489674213756747 -0.27112081179695613 -0.12941187384472072 0.9538060978619077 254.67394307260366
0.9306028519784315 0.23868483196520948 0.27750294210935494 119.06431198218779 -0.26365402521966674 0.9629979545407781 0.05587033681430068 0.3662137668549818 -0.2538993636759954 -0.12515786247781524 0.9590988596515536 255.09575329847704
0.9351736623937266 0.23957117710001177 0.2608752043947797 119.14513043615963 -0.26403464550804234 0.9624782316476228 0.06262075994353579 0.3864685078852985 -0.23608457623602916 -0.12744137753248833 0.9633393836836932 255.45438311312316
0.9393590254570271 0.23859522473674913 0.24632689667440574 119.21614706208652 -0.2623523952176495 0.9625647591748149 0.06811978507226356 0.4031718791092266 -0.22085253454734266 -0.12861338626888433 0.9667899228149137 255.77769685190074
0.9429364174390688 0.23783609708370304 0.23303412537901935 119.28172295082739 -0.26072475696747505 0.9626904894868642 0.0724542790716411 0.42161972429262995 -0.2071074932768584 -0.12907754404051658 0.9697656798696507 256.0940891897883
0.9459486773036191 0.23684247899409022 0.2215552753862259 119.34321644183247 -0.259045136931543 0.9628092511158481 0.07677214988429176 0.44006563229684137 -0.19513256247907568 -0.1300153302871315 0.972121029990957 256.40680924700837
0.948309124731101 0.2377104228055004 0.21024642408698005 119.40224191542022 -0.2589891089633136 0.96257408721759 0.07984840671930031 0.4610456186074756 -0.1833969612346962 -0.13017250672416245 0.9743822007318426 256.7399337160467
0.9500994976195573 0.24051224091538562 0.19865751078910487 119.45551511503304 -0.26044067051156283 0.9621050334557646 0.08077475931606404 0.48532004235935594 -0.17170207269148263 -0.12848255355860544 0.9767346782338131 257.07141907683007
0.9522378617507962 0.23843000900480113 0.19077260142442076 119.51119393724463 -0.2579837482654537 0.9624130711085864 0.08488501746624307 0.5092485157321116 -0.16336290974140147 -0.13004695830855761 0.977957232375484 257.37778501320065
0.954114616068175 0.2358446987609582 0.1845063074028388 119.5590617481467 -0.2552717918437817 0.9627218998089231 0.08945868273768182 0.5262754986747277 -0.15652990670776887 -0.13245309243143003 0.9787515346661837 257.6426924086296
