0.9999991043099571 -0.0003257153774997045 -0.0012981867263936152 -0.005909298159776687 0.0003282126697590365 0.9999980953856699 0.0019239286567239295 -0.021295308272868393 0.0012975576006998655 -0.0019243530148115038 0.9999973066012464 0.8293573153710365
0.9999977801550445 -2.2192677476217724e-05 -0.00210693912320921 -0.01133827950540349 2.484114847139845e-05 0.9999992096601353 0.0012570051798204448 -0.0408348173808084 0.002106909561700687 -0.001257054728251417 0.9999969903682256 1.638267268067958
0.9999965051714049 0.0008895634443524292 -0.002489642917190408 -0.014328301371746 -0.0008843768099058329 0.999997438219021 0.0020836105810318585 -0.05933836626956102 0.0024914900430756896 -0.002081401516709109 0.9999947301086599 2.434664108380022
0.9999917677623857 0.0018918193390943258 -0.0035896277031737716 -0.01768079877003351 -0.0018891856066245321 0.9999979439352358 0.0007369552528198153 -0.07989554892086982 0.0035910145088660656 -0.0007301677130390865 0.9999932857124131 3.2719836768698443
0.9999842197250995 0.002603007068797099 -0.004978418924144446 -0.022062582143999872 -0.002600327537882763 0.9999964708331652 0.0005446263950083168 -0.09893191284209338 0.004979819020829548 -0.0005316722808305161 0.999987459284918 4.1512390591323935
0.9999802436456505 0.0028408044519611995 -0.005607329886135524 -0.02720975734358697 -0.002825093378323384 0.9999920674759619 0.002807816332153843 -0.11512076716927716 0.005615261862993083 -0.0027919196294080395 0.999980336816176 5.046177438675582
0.9999814371721303 0.0023440184119143895 -0.0056241344975345815 -0.03305014988641483 -0.0023302739888276746 0.999994285755137 0.002449138667030187 -0.13167027817126487 0.005629843185981769 -0.002435987429761408 0.999981185238474 5.945965955427355
0.9999825026295204 0.0038975011205201592 -0.004450159527213817 -0.03849901521401396 -0.0038947206017152266 0.9999922150055442 0.0006333085662134555 -0.1469985456242069 0.004452593203593021 -0.0006159653569872861 0.9999898974491904 6.867813927372389
0.9999856096128604 0.004536877130233985 -0.0028630950214714574 -0.04180663519243627 -0.00452772085228725 0.9999846410942363 0.0031964542097704276 -0.16340906328571977 0.002877552967466976 -0.0031834449165260787 0.9999907926413037 7.821122102254054
0.9999905758167075 0.0036211489635149963 -0.0023949024938363784 -0.0439097527329718 -0.0036150774354583386 0.9999902532678331 0.0025346764035555584 -0.17802919529181682 0.0024040575921947848 -0.002525994758334953 0.9999939199103034 8.77997952500348
0.9999895839643426 0.003965621885440562 -0.0022596030367725076 -0.04606167471103805 -0.003965726417370045 0.9999921356031756 -4.178256283784253e-05 -0.19438283833392223 0.0022594195725119397 5.0743095084875315e-05 0.9999974462209059 9.799864212135635
0.9999915512123964 0.003839751268809646 -0.0014675878235913332 -0.04639006570470635 -0.0038419525150114697 0.9999914945996199 -0.0015000430962644252 -0.212913058604079 0.001461815548787149 0.0015056688254487536 0.9999977980259204 10.827301733485207
0.9999970573288328 0.0023246323335615465 0.0006938430585461394 -0.04350217742770166 -0.0023241394621861117 0.9999970469112781 -0.0007103129476092488 -0.23114945570186746 -0.0006954922260109889 0.0007086982693588855 0.9999995070185419 11.767516544489618
0.9999939848906404 0.0021920419527810975 0.0026879610517830266 -0.04051811756947363 -0.0021924685495920203 0.9999975844057503 0.00015577009811431722 -0.2502058300649552 -0.0026876131041697103 -0.00016166243120870597 0.9999963752939611 12.746923179049467
0.9999925489042524 0.0012646374179750815 0.003647304234443335 -0.034640275121414696 -0.0012679391450452838 0.999998788386626 0.0009030811728652144 -0.2680941625325091 -0.0036461577450780697 -0.0009076990037336685 0.9999929407831922 13.775076053282321
0.9999912622434237 -0.00074633005539801 0.004113201703500477 -0.027797619190170195 0.0007385781130982614 0.9999979490414486 0.0018858460349516304 -0.2870232824411702 -0.004114600731070004 -0.0018827916361350732 0.9999897625258366 14.776296417226535
0.9999856947071112 -0.0027352128525242785 0.0045966283065414035 -0.01930295601983522 0.0027250648670122083 0.9999938393762737 0.0022125168857928205 -0.3048920813976268 -0.004602651693066443 -0.0021999591247858783 0.9999869878039622 15.793514575547539
0.9999771795758003 -0.004419436500200705 0.005109687725170967 -0.009326053335271966 0.004403659997581118 0.9999855151817867 0.0030947060025904734 -0.3203405476926112 -0.005123290568938376 -0.003072134052651255 0.9999821567838642 16.808154506294986
0.9999679155343567 -0.005479288462356351 0.005843397968702249 0.0001469643891834401 0.0054557286751369 0.9999769555918048 0.004040211624330066 -0.33466950801297946 -0.005865400795992876 -0.004008202002440928 0.9999747653767119 17.825528991588413
0.9999709804582694 -0.004380026014079109 0.0062332666751933165 0.007828480457876028 0.004352390366412499 0.9999806702345246 0.004440253980307394 -0.34971859226135643 -0.0062525946155532 -0.004412995516343326 0.9999707148367628 18.85681401405028
0.999970937206933 -0.003793019249535686 0.006613451932357778 0.016115511757137845 0.0037645589963759395 0.9999836235384668 0.0043105394605695655 -0.3651275098185701 -0.006629693586566424 -0.004285517454284157 0.9999688402660842 19.926106314940863
0.9999599109835077 -0.003793403642321292 0.008110888648160957 0.026931514640432745 0.0037550125642797304 0.9999817004324403 0.00474327744157429 -0.3799630897353462 -0.008128733388329572 -0.004712630799465387 0.9999558564278973 20.965630914431962
0.9999366831059766 -0.003929328644110791 0.010544674268321999 0.03927191595607293 0.0038922048620365075 0.9999861636002771 0.0035388344566875053 -0.3922634967602784 -0.010558433611591296 -0.003497568356225489 0.9999381413343844 21.950347110899205
0.9999113431416611 -0.0038187082950077193 0.012756305248682816 0.05316223310375943 0.00377009210160551 0.9999855470551738 0.003833025738258776 -0.4048752040541756 -0.01277075808968853 -0.0037845934685751606 0.9999112883601686 22.98318666838186
0.9998823913161322 -0.002485010551280055 0.015133679608537006 0.06831565606794743 0.0023930215503696678 0.9999785710776129 0.006093507482154835 -0.4171421710722175 -0.015148497740478691 -0.0060565756113200985 0.9998669115977742 23.995945144294907
0.9998370645085216 -0.0007497329513916087 0.018035585254845436 0.08344659566697893 0.0006158090300779623 0.9999722079557402 0.007429945851812318 -0.4273413934386957 -0.018040654484293928 -0.007417628773670617 0.9998097386848933 24.952594657945625
0.9997865370025081 0.001156361448139709 0.020628699831411124 0.10201421169654215 -0.0013221982240666282 0.9999669065596037 0.008027302004619841 -0.4360270525396643 -0.020618734694192068 -0.008052863702954055 0.9997549795653895 25.934677513751023
0.9997517882489246 0.00016483005375821205 0.02227857096250546 0.127985415943274 -0.0003418906622851692 0.9999683874912023 0.007943999560670741 -0.4458737407641715 -0.022276557271110255 -0.007949644602010383 0.999720239940579 26.95409860785927
0.9997296816358117 -0.0013479210639380263 0.023210919093487492 0.15626862557751375 0.0011652259264475155 0.9999682512533191 0.007882812564013708 -0.45650362513757115 -0.02322080758499506 -0.007853635730311795 0.9996995121039703 27.98918856900671
0.9997079356626618 -0.0018065719391319392 0.02409937075793583 0.18356584131573256 0.001605424723187199 0.9999637381416424 0.008363313533010829 -0.46803606433352657 -0.024113605797513784 -0.008322181181757815 0.9996745847103548 29.00203286823585
0.999685639675854 -0.003241858705442824 0.024861861917662993 0.21017015706039258 0.0030040508549258565 0.9999494396001195 0.009596557813534547 -0.47785608845127936 -0.024891715576472743 -0.009518854738960796 0.9996448338785725 29.908187296759184
0.9996769529936045 -0.005466306217923926 0.024821546079059613 0.23500152217167708 0.005203289297019499 0.9999297644331424 0.010648567094794602 -0.48715997865811855 -0.024878011052222714 -0.01051597342202358 0.9996351828887742 30.75294422299163
0.999674478116842 -0.0073833920452066725 0.024421779700232172 0.25821096522173964 0.00712327644616653 0.9999171575092242 0.010720869896851197 -0.4976658959959184 -0.024498912924686724 -0.010543416930981151 0.9996442565357581 31.6131683170352
0.9996560702879344 -0.008431144980140033 0.02483257801373673 0.2801725497713837 0.00817996697785637 0.9999145292793997 0.010199131149170955 -0.5081502345941165 -0.02491644590878965 -0.009992493696804093 0.9996395954507774 32.461898299311954
0.9996242692639253 -0.009642293479811074 0.025658263289087428 0.3044713275842981 0.009385821807193176 0.9999049698535566 0.010097406160101418 -0.5159664463207114 -0.025753187134150122 -0.009852788367139018 0.9996197756716432 33.35151227620192
0.9995854746996721 -0.008805064189201526 0.027410757268908556 0.3335827870170282 0.008492457677999946 0.9998978074628314 0.011500121460679 -0.5222870920370413 -0.027509215401722412 -0.01126256967334857 0.9995581011588747 34.33913790256741
0.9995257564320326 -0.009218054159164796 0.029381792091220726 0.3688900746657375 0.008873642576698508 0.9998906386767021 0.011830856017986356 -0.5278652422395779 -0.029487636331079828 -0.011564521789335916 0.9994982446905 35.37277749384544
0.9994533839213681 -0.01098138462119644 0.031182407859679802 0.40604498172090847 0.010660438803427333 0.9998886724774599 0.01044019615628643 -0.5325510205720552 -0.031293584208978854 -0.010102071226471705 0.9994591836309732 36.35845316813204
0.9993886121798328 -0.012979936791826399 0.032464181587523254 0.44463638880548373 0.01259291290650952 0.9998475197570172 0.012097759307856837 -0.5357029684814643 -0.03261625959236524 -0.011681544273851908 0.999399680374965 37.34676805445272
0.9993206006459447 -0.014558924985432563 0.0338581574793519 0.4845857367935608 0.014169828259701887 0.9998311057484872 0.011703672280477488 -0.5386085034108564 -0.03402283191797236 -0.0112159565364177 0.9993581186077669 38.36086140245033
0.9992819596218528 -0.013952746508754117 0.03522621238753638 0.5238773764839366 0.013612833195055766 0.9998586178374563 0.009870922377154779 -0.5426866845280784 -0.035358958507186816 -0.009384306102993286 0.9993306153882474 39.39811545992631
0.9992288864053953 -0.012031781781665855 0.03737470802817989 0.5649141466322696 0.011599492832809763 0.9998635472755432 0.01176174288062288 -0.547265109040914 -0.037511122871155364 -0.011319145582890157 0.999232101468032 40.47897814179178
0.9991601753249868 -0.01110552925394681 0.039441238121171306 0.6057538783086782 0.01057138496646211 0.9998499152623284 0.013725624568900537 -0.5501801810651148 -0.03958774891847304 -0.013297148938974806 0.9991276174571813 41.50717242094235
0.9991092876366918 -0.00921875307664877 0.041178221790331475 0.6416503141548064 0.008643405127134525 0.9998628305854765 0.014128395570896103 -0.5557561945448848 -0.04130281958789467 -0.013759891180938564 0.9990519218182704 42.428337364265154
0.999016319590455 -0.008309701910977116 0.043558489942745374 0.6756321323955656 0.0076885814447908065 0.9998666437946123 0.014407648741746656 -0.5616552151811481 -0.04367240441409615 -0.014058573222394899 0.9989469843848786 43.27871546660857
0.99889464155985 -0.009475269087378365 0.04604035554532727 0.713771461504629 0.008842567660859115 0.9998639199575367 0.013926613526360609 -0.5653536580535256 -0.0461660487824278 -0.013504104667516977 0.9988424976426203 44.09658818876337
0.9988009482702052 -0.009377868888908188 0.04804915513972075 0.754608050073967 0.008683341112030497 0.9998550815596747 0.014642932302963098 -0.5681836371709409 -0.04817951143038527 -0.014208147465432898 0.9987376348290529 44.94349975971283
0.9987367059319471 -0.008969433867601014 0.049442304560950334 0.7970368161035328 0.008248368352034624 0.9998569136288245 0.014768774091685883 -0.5724884614892178 -0.04956769758352903 -0.014342298446791248 0.9986677835153849 45.79363796989792
0.9986894915151413 -0.009725764482566448 0.05024648288644424 0.8394859861849479 0.008986735384705822 0.9998484071978228 0.014913122111167347 -0.5773958186667231 -0.05038390739465687 -0.01444202649239231 0.9986255002484367 46.62873398795543
0.9987029926072288 -0.01111849006963017 0.049686132229594136 0.8830621362487392 0.010360402224387836 0.9998263594513904 0.01548912560244827 -0.5831834919052944 -0.04984972039153354 -0.01495426777716162 0.998644769300944 47.49053520867421
0.9986814107486494 -0.013780451224615041 0.049452391136661264 0.9283060814484833 0.013024333834153143 0.9997937997801035 0.015579622891432813 -0.5911304252940868 -0.04965688827608773 -0.014914995317087081 0.9986549636192814 48.36647659949984
0.9986720881122784 -0.014428378573942078 0.049455862313668594 0.967999294185751 0.0136730528611744 0.9997851765018699 0.015577177940196422 -0.6002144585004088 -0.04966999145275811 -0.014880280200722726 0.9986548298637682 49.19216779021042
0.9986771215017027 -0.01673593546999527 0.04862011366726263 1.0108463613492953 0.016057509871373735 0.9997686509962495 0.014310865168487917 -0.6052395524619592 -0.04884837116838305 -0.013511215677505106 0.9987148159935912 50.01484448998148
0.9986546255134912 -0.02061142010586488 0.04758264706517053 1.0589448428202561 0.019865590064070987 0.9996731092366885 0.01609450218112739 -0.6086805356991073 -0.04789882328320096 -0.015127591687759786 0.9987376325631342 50.89760896530683
0.9986316083956516 -0.020550922260560576 0.04808919116968394 1.101439148889468 0.019945445481314064 0.999716068660267 0.013036919383521898 -0.6136695471841481 -0.048343457857976384 -0.012059919431775493 0.9987579628847192 51.78829323890399
0.998590657005294 -0.01820944206902237 0.04985093741616161 1.1450792169077642 0.017631447166248596 0.9997724225368096 0.012009796239012757 -0.6182614787061426 -0.05005828415516183 -0.011113926147574435 0.9986844590925745 52.7503316231805
0.9985396284064539 -0.017949163380901297 0.05095525523267018 1.1966698899139294 0.01725623169720897 0.9997529914063789 0.014006378604372077 -0.6236166839940481 -0.05119407162468218 -0.013106628396444418 0.9986027154592387 53.78984562650616
0.9984260887282231 -0.01819386025694201 0.053050247839318006 1.2540422640360926 0.017481945951892758 0.9997512076145698 0.013852957768792076 -0.6272523188080773 -0.053289088119401126 -0.012903732876950846 0.9984957520016016 54.843811896850305
0.9982830084792359 -0.015855071426859598 0.05638840032927783 1.3142493959847619 0.015095984191265505 0.9997899509927632 0.013862364703922147 -0.6310733952203638 -0.05659634478429488 -0.012987324741326241 0.9983126680319754 55.93172830064494
0.9981431316277691 -0.012980153858383182 0.059513060668414004 1.3788897006836636 0.012221036492742691 0.9998394820089552 0.0131017740442441 -0.6343848260090778 -0.05967357079438666 -0.012350134488177728 0.9981415426314906 57.06625135108806
0.9980375471760866 -0.010613712630759834 0.06171226402370872 1.4469971847889962 0.009792800544691801 0.999859702967175 0.013589534204083759 -0.637750794039032 -0.06184784138700531 -0.012958529491563746 0.9980014634404023 58.1930997014075
0.9979522289575128 -0.008421804921694141 0.06340679711665598 1.5153116027921874 0.007706345815313884 0.999903949081517 0.011519758910742507 -0.6408224757470323 -0.06349772399784606 -0.011007534376406251 0.9979212760704355 59.29421623075516
0.9978275173161132 -0.0052109538748805395 0.06567413224760155 1.5828273435156892 0.004399750258298274 0.999912310520948 0.01249053506955401 -0.6446217072788479 -0.06573346091927756 -0.012174449818083018 0.9977629452365936 60.388356744984556
0.9976774712872897 -0.003289663127391253 0.06803558923318724 1.6501427454747708 0.0022272311182866666 0.9998744898482572 0.015685789499825215 -0.647347325780607 -0.06807865103940025 -0.015497827821839217 0.9975595794765648 61.41070357118484
0.9976226545959169 -0.00421784799003134 0.0687840737040786 1.7181317307829047 0.003100562481936298 0.9998616523121969 0.016342054577642293 -0.6501384348108077 -0.06884348588857725 -0.016089934551017253 0.9974977135095868 62.38002443719242
0.9976494783564269 -0.0046386193707315 0.0683666698434406 1.7807885842632818 0.0038290365938460393 0.999921048826284 0.011968065545730145 -0.6529203538505823 -0.068416787515284 -0.011678155868003278 0.9975884742024697 63.29109638708548
0.997642909037575 -0.00357373722516087 0.06852630479815466 1.837735090095653 0.0027190135302597165 0.9999173963135823 0.012562146109972883 -0.6536304394790575 -0.06856553808194286 -0.012346212038983518 0.9975702170954297 64.14006861076541
0.9975470778925984 -0.00171750975704739 0.06997769321842376 1.894382570309823 0.0006239174107416456 0.999877389978119 0.01564658868918796 -0.6555259535789203 -0.06999598642066523 -0.015564548524724319 0.9974258402077922 64.98869181903427
0.9974829451379389 -0.0009560497034526476 0.07090035351045287 1.9540625200763264 -0.00022913868963216557 0.9998604148097708 0.016706238113151816 -0.6562054047539502 -0.07090642886511468 -0.0166804336093802 0.9973434922233163 65.86852042100942
0.9973841379930471 -0.001465007818892355 0.07226849266420435 2.0159482350148057 0.00021430124797041131 0.9998501285984414 0.017311106742635914 -0.6563404188565906 -0.07228302259065186 -0.017250336048042665 0.9972349725873987 66.74833830306709
0.9972544211528171 -0.002313834460289497 0.07401530693882935 2.079382206212505 0.0009878614957144496 0.9998384616199945 0.017946442405881103 -0.6556170545605142 -0.07404487572292916 -0.01782405216141097 0.9970956120371427 67.60136640404231
0.9971461590200894 -0.0025340240057324798 0.07545274199006911 2.1482983826296382 0.001264746837387924 0.9998569728210037 0.016865180599543287 -0.6564999845917762 -0.075484686969735 -0.016721621439210528 0.9970067449167661 68.49064473225917
0.997029959263926 0.0008837191417769778 0.0770096057037784 2.214456769922672 -0.0020908012001223265 0.9998762011780006 0.015595219401827952 -0.6584455351997213 -0.07698629021140403 -0.01570991274094291 0.9969083758105146 69.41932264874097
0.9969012980489945 0.003485255678943206 0.07858533540731973 2.28268039019732 -0.004967556032769514 0.9998132719047701 0.018674707765813824 -0.6616226828779245 -0.07850557518603271 -0.019007217469415284 0.9967324617713528 70.36764066324656
0.9968473525039669 0.004063703661563278 0.0792391451138999 2.3563062672365307 -0.005580101577749766 0.9998053354143467 0.018924950287559694 -0.6653631687501569 -0.07914681466877033 -0.01930744906909268 0.9966759775063471 71.33042447911414
0.9968607012882382 0.003670386794204174 0.07909026797211811 2.433915855870463 -0.0051226979230789916 0.9998218315667655 0.01816763849447558 -0.6673651330432975 -0.07900949432257744 -0.018515760401830644 0.996701894461746 72.31764630847393
0.996879678737402 0.005067616711175794 0.07877325295607199 2.5114805925591677 -0.006576498268051293 0.9997996149493683 0.018907131395958312 -0.6691267620484176 -0.07866165387876742 -0.019366187233483143 0.9967132461250303 73.32431083958086
0.9969015147596004 0.005572182830374811 0.07846222434087291 2.591504590515029 -0.007041150288475896 0.9998048473532959 0.018457773740804553 -0.6701031723285739 -0.07834406214020105 -0.018953046914850235 0.9967462013672369 74.35182599257301
0.9969539624935743 0.004919503404626389 0.07783697806705553 2.6703874139831707 -0.006383932279928833 0.9998070624163844 0.018576419218037092 -0.6710436209293782 -0.07773057363100243 -0.019016740745218252 0.9967930183816623 75.36771342581336
0.9969875892603834 0.005763148313115201 0.0773468356320333 2.7427057948167826 -0.00725932734226567 0.9997916718050702 0.01907656037548794 -0.6728231306402607 -0.0772207810586345 -0.019580579938879218 0.9968217252156738 76.33551781132691
0.9970168809097146 0.005621169489512662 0.07697883887558143 2.813074116538534 -0.007123812553349239 0.9997891384393428 0.01925954187982227 -0.6744631874504171 -0.07685434584828167 -0.019750471191494534 0.9968466925319798 77.2743196136142
0.9970298822345626 0.006281559271338028 0.0767590772772422 2.8827530123722327 -0.00779618262018144 0.9997804641309206 0.019448472400501817 -0.6752715050222684 -0.07662005917438164 -0.019989135931324467 0.9968599705960883 78.20926997755477
0.9970358558693106 0.006691494558945053 0.07664676125915243 2.9568328199791543 -0.00822720830046289 0.9997713351685593 0.019738044960338447 -0.6753838569140266 -0.0764971578199523 -0.020310127420652878 0.9968629211529672 79.19192658420053
0.9970359280448078 0.007538559121000137 0.07656714905366967 3.0331972803546323 -0.009127444672870097 0.9997497676637385 0.02042282571155098 -0.6761421914297929 -0.07639403079803665 -0.021061153403360365 0.9968552451964877 80.2164062436785
0.997008722154411 0.008304985581556387 0.07684162389302504 3.1109764194626126 -0.009909415832507713 0.9997402913704907 0.02052201959614561 -0.6763990927352308 -0.07665123238334409 -0.02122208813798207 0.9968320879411834 81.25411154012296
0.9969323319510861 0.00969583478323082 0.07766541249761391 3.1894736863353885 -0.011414876193738469 0.9996989115375045 0.021720655427731658 -0.6756835216689399 -0.07743142845156513 -0.022540564735270434 0.9967428438816937 82.28384399316337
0.9968117024842728 0.010852594947337627 0.07904840904985579 3.2708208070008173 -0.012568679683407535 0.9996953101110869 0.02124418115422308 -0.6748307912870142 -0.07879376930582897 -0.022169982517056028 0.9966443868270037 83.32577002718052
0.9966759156396313 0.012245716922062165 0.08054291775796221 3.3567922350382995 -0.013932967000469254 0.9996944034531142 0.020419895569902462 -0.6737651359191846 -0.08026824785969218 -0.021474219929641387 0.9965419540912211 84.41517931351238
0.9966000320373563 0.014491738106535377 0.0811071246549321 3.441938352994349 -0.01628503765210202 0.9996363673630554 0.021492570666720678 -0.6723564394746284 -0.0807661667519805 -0.022740329193878278 0.9964736342404381 85.49423111686623
0.99652263440575 0.01603818812368966 0.08176439101914548 3.5299400111032804 -0.01786881772372465 0.9996046845984056 0.021706678282921114 -0.6674385847878685 -0.08138393250623174 -0.023092229226107094 0.9964152771205343 86.58636332321541
0.9964396420676228 0.018345246859651256 0.08228907359913973 3.6200598766005667 -0.0202316945888768 0.9995499350207552 0.022149626048005487 -0.6594360360895571 -0.08184569781123865 -0.02373561285626569 0.9963623349124203 87.6896346659258
0.9964430270309014 0.01944505597415194 0.08199502228583629 3.7028155105720404 -0.02138229587056226 0.9995110239001727 0.022814699764229205 -0.6521827106243671 -0.08151129556568484 -0.024486790320298848 0.996371570145904 88.71557645272333
0.9964604865637128 0.020757082359640414 0.08145945156408722 3.7839052128822575 -0.022738449610036824 0.9994658844944744 0.023471443096015634 -0.6455396765111528 -0.08092874413049167 -0.02524062724245948 0.9964002454384832 89.71754496799907
0.9964478827259226 0.02149003176897611 0.0814235564538459 3.8730856162361595 -0.023527386846247327 0.9994315710107634 0.02414532946853383 -0.6355940528295067 -0.08085838904659964 -0.025975245937727258 0.9963870771538862 90.77133431281415
0.9964489844312034 0.021475226099812606 0.08141397969626196 3.960503488479448 -0.023567232570620936 0.99941404164705 0.0248225483718011 -0.6242536623072651 -0.08083320465615412 -0.026653105310077255 0.9963712184734901 91.77994239526652
0.9963787567860268 0.022621664913838796 0.08196116947711067 4.040546827339625 -0.02473393901349779 0.9993852025255702 0.024848525787284508 -0.6146677737971049 -0.08134866493315204 -0.02678576579922189 0.9963257085231435 92.7286716467546
0.9961773748327112 0.025504771406643856 0.0835472591226127 4.11963018911094 -0.027749504025406803 0.9992814521786683 0.025817520369613902 -0.6065953204551822 -0.08282875646627859 -0.02803722466982668 0.9961693185071825 93.67615678000331
0.9959340576410375 0.027161652013480916 0.08589294202991955 4.194948801113203 -0.02956312956516008 0.9992032657838492 0.026811471746314517 -0.5965440958454592 -0.08509626431853584 -0.029241722021598353 0.9959435463379651 94.55504282844886
0.995791498843432 0.028686214609427302 0.08704247194634979 4.267631697742747 -0.031189283252693434 0.9991341730839499 0.027534211193247216 -0.5873254169818148 -0.08617725593990837 -0.03013312574614458 0.9958240182338622 95.37367189004857
0.9956314762804431 0.028856383048058157 0.08879905741057846 4.341385643085553 -0.03156316990811415 0.9990742517121515 0.029230221880024505 -0.5790865259049771 -0.0878733733560684 -0.03190530869914419 0.9956205710670297 96.18503436274102
0.9955092300763058 0.028310840243990273 0.09033199409709802 4.414536951280666 -0.031114885824895123 0.9990719108994925 0.029785579258084185 -0.5709521506742279 -0.08940490318199912 -0.03246248875725848 0.9954661973722179 96.966299565916
0.9954139450569881 0.027945261621029966 0.0914884710715704 4.488833327603015 -0.030838567157760517 0.9990630309761624 0.03036515951512638 -0.562270264768708 -0.09055418688132362 -0.033047276584538154 0.995343064851817 97.79615105151204
0.9954243450172992 0.02788471636741558 0.0913937412517271 4.568621981477593 -0.03082369206662623 0.9990469399289301 0.030904883530307358 -0.5527408098309093 -0.09044486361458379 -0.03358056598315228 0.9953351557309686 98.68668458311798
0.995487373366073 0.028269570162295483 0.09058543410258445 4.643509817409683 -0.031256547351332035 0.9990077292939649 0.03172672467478543 -0.5439443021552919 -0.08959864796071734 -0.03441494172237913 0.9953831895656354 99.53100959001894
0.9954322376935907 0.028952779655138615 0.09097470368497716 4.712865269563951 -0.0320433942153487 0.9989515121857183 0.03269705168705075 -0.5366988428455568 -0.08993264728388778 -0.0354628376206262 0.9953162844545476 100.32846759987738
0.9952317327250998 0.029559684410291776 0.09295172529091143 4.7824247444848185 -0.03280316527659291 0.9988981686333727 0.033561898765267315 -0.5294296620878572 -0.09185722902869237 -0.03645097746916363 0.9951048063981572 101.11640888801463
0.994909557403772 0.02816691783429976 0.09675534779196472 4.860530817440237 -0.03156684145032586 0.9989303127412678 0.03379001046881289 -0.5191840932268211 -0.0957000893807223 -0.036672265083415555 0.9947344559560479 101.93173046247942
0.9946511495672592 0.026801849277623874 0.09975345377392762 4.938882322660376 -0.030192130740703912 0.9990112614046867 0.03263333920935042 -0.5096479409578902 -0.09878018984525098 -0.03547055767697791 0.9944769045242939 102.7444875261754
0.994531658359073 0.026216454350380534 0.10109143407254681 5.018334511541386 -0.02953543455668612 0.9990680413607101 0.03147549582169693 -0.5002377249271508 -0.10017204513783959 -0.03428915649251759 0.9943791103597941 103.58211868484301
0.9944317963515206 0.027293090906260094 0.10178649023258533 5.10119251023492 -0.03087868573632616 0.998950849527347 0.03381873734763369 -0.4904889622462857 -0.10075668301548425 -0.036773460775043273 0.9942312625392268 104.46436262545333
0.9942834578804056 0.02703094272350401 0.10329440217582019 5.191847408191753 -0.030893074959797557 0.9988751032649066 0.03597424074320372 -0.4795678834598024 -0.1022057889990081 -0.03895967419011987 0.9940000606046718 105.38029823968219
0.9941080225346205 0.027102574285076 0.10495089327597953 5.28002318526461 -0.03097206807355801 0.9988925787191452 0.03541676409643663 -0.46766985914937365 -0.10387478294346031 -0.03845863553140814 0.9938465489307254 106.26657854275254
0.993778501671721 0.028088033797577527 0.10777454232096316 5.369412106685915 -0.03217318584724602 0.9988209180023134 0.03635464032904078 -0.4544072277338793 -0.10662633693204274 -0.03959591037470271 0.9935104368621672 107.14669980334516
0.9934919503781774 0.029190613628848054 0.11009837696230534 5.467249167153189 -0.033317673248764196 0.9988022357075886 0.035833316826809146 -0.43974636718843546 -0.10892050855119598 -0.03926833357163516 0.9932745445220355 108.06931830650315
0.9931480903597784 0.03030089801369144 0.11286596561535862 5.558271508798743 -0.03467801015608178 0.9987125788427768 0.0370218918050464 -0.427082977157859 -0.11159886301543635 -0.04068218824957356 0.9929202653450526 108.91595286296125
0.9929063290158436 0.03279137488892327 0.11428800257758111 5.640875374760666 -0.03719396725105855 0.9986374392036795 0.03660428691893616 -0.41486661930162516 -0.11293197333087858 -0.04059545237598304 0.9927730751012462 109.70598743995485
0.9927645379232604 0.034994140735756 0.11486506151210371 5.733300442980869 -0.03919415652445716 0.9986354521602008 0.03451161808908765 -0.3993617392351907 -0.11350061822012078 -0.03876394978529394 0.9927814290470461 110.5724164599849
0.9925468019714295 0.03764627169978465 0.11590342584838337 5.835384393159205 -0.04212552379636975 0.9984475132183591 0.0364417836138053 -0.3831118751235154 -0.11435159002465681 -0.041052668307674164 0.992591755095545 111.51607365801816
0.9923943996805504 0.03970850801252698 0.11651862458035055 5.946194336136729 -0.044264223753683905 0.9983427997777502 0.03677407547996341 -0.3669107178432862 -0.11486528621895038 -0.0416519930296417 0.992507469744434 112.513198013103
0.9924533850276261 0.040631333190898476 0.11569517410131866 6.063685279386964 -0.04509527608808756 0.9983254909575838 0.03623023845957676 -0.35005860455856336 -0.11402935859568535 -0.0411741286177234 0.9926237940482935 113.54249053932031
0.9925551961163016 0.040576038231516176 0.11483800670493452 6.177972076176325 -0.044957758005857676 0.9983463026719908 0.035825409087016466 -0.33279253036529977 -0.11319444623131819 -0.0407215552576259 0.9927380179482331 114.5418675216999
0.9924840252095993 0.04199441565791485 0.11494315446036761 6.281840157281603 -0.04635944086075411 0.9982913868529236 0.03556837328785297 -0.3173033073471595 -0.11325308802336424 -0.04062974266243986 0.9927350915850397 115.47734695242696
0.9923113078339648 0.04234278445909477 0.11629856813002992 6.383866028821376 -0.046676241353159904 0.998303944349811 0.034793148589203446 -0.3026561564038808 -0.11462808049507824 -0.03995401481527814 0.9926046946605458 116.38874289949837
0.9921189700529038 0.043665894079125626 0.11744462080246262 6.490331104134369 -0.047957214922459135 0.9982717992871716 0.0339635140236281 -0.28922988250044646 -0.11575860571916337 -0.039328163473809685 0.9924984840087836 117.33344643959026
0.9920308571621588 0.043755541010345615 0.11815342174055998 6.599322526899362 -0.047946799202485596 0.9983090575647597 0.032865331740251864 -0.2752328015301152 -0.1165155907350909 -0.038268501604481996 0.9924513282275366 118.2768953567005
0.9920732670903881 0.042085723693069045 0.11840365106630799 6.709534193933698 -0.04639637881516693 0.9983481425695334 0.03388749416526737 -0.2613545504134007 -0.11678188539940987 -0.03911237769801455 0.9923871286717537 119.21663210663938
0.9920514849453016 0.042171285375971555 0.11855561525106431 6.815291879095574 -0.04640311980665619 0.998372161743981 0.03316288779431465 -0.24856362439427404 -0.11696410428002747 -0.038400642499671254 0.992393464793871 120.13706196802578
0.9918412347707224 0.043037057480759415 0.11999490277459467 6.922380146870299 -0.04735822439945059 0.998319610173807 0.033393929450551474 -0.23424768233880203 -0.11835608809950549 -0.0388042217524709 0.9922127134762828 121.08062405058546
0.9915821703753289 0.044535273348625 0.12157881732239895 7.040386459830095 -0.04884249064567834 0.9982717636207382 0.03267869435988466 -0.21843209262115038 -0.1199133458013612 -0.03834182292618838 0.9920436956673939 122.09845843809497
0.9914394824607851 0.04611489828531345 0.12215223605822349 7.164504036690631 -0.050327164023091786 0.9982319791473429 0.031624237049619454 -0.2018024838813323 -0.12047791988278012 -0.03750109283358156 0.992007428831562 123.1260275641685
0.9912744393461648 0.04885793194536401 0.1224250316927337 7.287818115637006 -0.05304272400794478 0.9981060356191914 0.031157841554847056 -0.18612435476877115 -0.12067085534113725 -0.03737972908625924 0.9919885586662163 124.14454760339025
0.9910025008374861 0.05226730076838007 0.1232159592107855 7.411158159260664 -0.05630836088164758 0.9979762340035332 0.029543270958815124 -0.17134434139937416 -0.12142245191342663 -0.03621554410072457 0.9919400297078554 125.1738377712226
0.9905847165641746 0.05614697384925228 0.12485766551174558 7.537562078961951 -0.060194990458537836 0.9977686121397747 0.028885286087605003 -0.15622888683493358 -0.12295723823007779 -0.03612912891612016 0.9917541044082426 126.22202471256976
