0 0.031415926535897934 4.914159915882779 100 12.19512195121951
0 0.015707963267948967 16.074098252085506 200 15.384615384615385
0 0.0 9.095930090814182 300 17.543859649122805
0 0.007853981633974483 54.89771303270646 400 19.13875598086124
0 0.006283185307179587 72.6399654352751 500 20.32520325203252
0 0.005235987755982988 18.488528438380676 600 21.12676056338028
0 0.0 46.409751750709646 700 21.806853582554517
0 0.0 5.088603550129252 800 22.284122562674096
10 0.0 6.526056692443371 100 12.987012987012987
10 0.0 62.95964759938716 200 16.129032258064516
10 0.0 28.316875712686475 300 18.181818181818183
10 0.007853981633974483 10.179824204658722 400 19.704433497536947
10 0.006283185307179587 1.2472851052252314 500 20.833333333333332
10 0.0 10.998184621455659 600 21.58273381294964
10 0.0 6.7245175513653175 700 22.22222222222222
10 0.0 3.1975400095436726 800 22.662889518413596
20 0.031415926535897934 26.648287932038233 100 13.88888888888889
20 0.015707963267948967 32.315133783718956 200 16.94915254237288
20 0.0013472256964111536 15.242692347459409 300 18.867924528301888
20 0.0005726441324115947 6.751674851195941 400 20.30456852791878
20 0.0 107.74542732125371 500 21.367521367521366
20 0.0 90.15179681072388 600 22.14022140221402
20 0.0 11.500995740485182 700 22.653721682847895
20 0.0 193.21820529039792 800 23.12138728323699
30 0.031415926535897934 5.989295369307173 100 14.925373134328359
30 0.015707963267948967 1.2346026641091457 200 17.857142857142854
30 0.010471975511965976 3.425360859133775 300 19.6078431372549
30 0.007853981633974483 0.6438240813472851 400 21.05263157894737
30 0.006283185307179587 3.5904392073802605 500 22.026431718061673
30 0.005235987755982988 3.6571993525618525 600 22.641509433962263
30 0.002529238271712697 3.3584006405172353 700 23.178807947019866
40 0.031415926535897934 18.14025597484037 100 16.129032258064516
40 0.0 16.709986599769923 200 18.867924528301884
40 0.010471975511965976 12.089115252385698 300 20.408163265306122
40 0.004321808274561938 2.4327344334768832 400 21.739130434782606
40 0.0014529191076595512 1.0763869403072346 500 22.62443438914027
40 0.003728897206261595 0.8847028207916943 600 23.166023166023162
40 0.001994269509758413 3.307691551099433 700 23.64864864864865
50 0.02190614065053206 10.606797897097026 100 17.241379310344826
50 0.015707963267948967 37.87133224951521 200 19.8019801980198
50 0.004749857072784048 2.400614468871963 300 21.27659574468085
50 0.0 30.656444515609973 400 22.47191011235955
50 0.006283185307179587 3.221841361613732 500 23.148148148148145
50 0.0019532213476396044 1.8828840528713982 600 23.715415019762844
50 0.0 0.8797903063903657 700 24.054982817869416
60 0.031415926535897934 4.441652881331753 100 18.51851851851852
60 0.015707963267948967 3.766832574206947 200 20.618556701030926
60 0.006419743989945806 16.763312727481754 300 21.8978102189781
60 0.007853981633974483 24.22223361459334 400 22.988505747126435
60 0.006283185307179587 3.0157263608199596 500 23.696682464454973
60 0.0018071205910708318 0.8595005904379369 600 24.096385542168672
60 0.0044879895051282755 2.5609080550763004 700 24.475524475524473
70 0.031415926535897934 6.292637150077911 100 19.23076923076923
70 0.0 1.6674570744050206 200 21.27659574468085
70 0.007562101368338565 1.513427133322666 300 22.55639097744361
70 0.0 2.0282870450528163 400 23.529411764705884
70 0.0 8.429476090422465 500 24.154589371980673
70 0.005235987755982988 2.663234358137443 600 24.489795918367346
70 0.0 8.80393104490632 700 24.822695035460992
80 0.013330970487075235 5.727552994154886 100 20.408163265306122
80 0.0 1.7908131550901552 200 21.978021978021978
80 0.010471975511965976 482.275140322565 300 23.25581395348837
80 0.007853981633974483 5.0989979986135685 400 24.096385542168672
80 0.006283185307179587 12.54638509768755 500 24.509803921568626
80 0.0 1.8424270794615916 600 24.896265560165972
80 0.0044879895051282755 2.6125607973973093 700 25.089605734767023
90 0.012680134849287041 5.824030079564489 100 21.27659574468085
90 0.005674986608199173 5.798093153243756 200 22.47191011235955
90 0.0037311080867153622 2.3749054929638564 300 23.809523809523807
90 0.004284890184305442 10.460380157846384 400 24.539877300613497
90 0.006283185307179587 7.715942521669599 500 24.87562189054726
90 0.0 4.057607544771958 600 25.210084033613445
90 0.0044879895051282755 34.740163067926915 700 25.362318840579707
100 0.031415926535897934 51.6315859126983 100 21.739130434782606
100 0.007449182522921311 23.678681814998214 200 23.255813953488374
100 0.010471975511965976 7.0885546918847195 300 24.390243902439025
100 0.0 9.979948754812497 400 24.844720496894407
100 0.0 1.7820153699812356 500 25.252525252525253
100 0.005235987755982988 9.80106579000011 600 25.423728813559322
110 0.031415926535897934 1.3322827668498194 100 22.22222222222222
110 0.015707963267948967 10.657994052067119 200 23.80952380952381
110 0.004768948371098638 5.171382211321402 300 24.793388429752063
110 0.003884757233498689 3.621257741695018 400 25.157232704402514
110 0.003936741446181681 5.302584786285357 500 25.51020408163265
110 0.0028276449279602506 0.9002287004314284 600 25.64102564102564
120 0.031415926535897934 2.622568963056443 100 22.727272727272727
120 0.012681421625447213 1.6495562205007739 200 24.096385542168672
120 0.0 4.554815242044064 300 25.210084033613445
120 0.007853981633974483 6.928443993827838 400 25.477707006369425
120 0.006283185307179587 15.05306163800044 500 25.773195876288657
120 0.004179257540581472 3.8891124430595143 600 25.86206896551724
130 0.031415926535897934 31.137316385536206 100 23.255813953488374
130 0.007687528232021557 4.351542999816008 200 24.691358024691358
130 0.0037024674600564557 6.929988324724019 300 25.423728813559322
130 0.0 16.179585209709547 400 25.64102564102564
130 0.0038318641464366405 1.6609054153113616 500 25.906735751295336
130 0.0 34.367292065123785 600 25.974025974025974
140 0.031415926535897934 18.380836113928353 100 23.80952380952381
140 0.01495889361341196 2.6067763128580395 200 25.0
140 0.0016731887731959224 8.87617211605689 300 25.64102564102564
140 0.007853981633974483 1.9747554229359603 400 25.974025974025974
140 0.0025882717605103674 9.458286669760358 500 26.041666666666664
150 0.031415926535897934 9.428213156879977 100 23.80952380952381
150 0.002996438314811685 5.586615815606202 200 25.64102564102564
150 0.005884799224070408 3.4379105772808143 300 25.86206896551724
150 0.007049845420665058 1.1026967766432494 400 26.143790849673202
150 0.0026538454602749065 6.498684573956668 500 26.178010471204185
160 0.004111046195438905 13.421250034767349 100 25.0
160 0.0 62.87588119655906 200 25.974025974025974
160 0.010471975511965976 75.50665841028426 300 26.08695652173913
160 0.005054719908268679 7.6156709409734935 400 26.31578947368421
160 0.006283185307179587 2.5022436658392517 500 26.31578947368421
170 0.031415926535897934 302.4218782071275 100 25.64102564102564
170 0.0 18.491519188468345 200 26.31578947368421
170 0.010471975511965976 10.443874821005924 300 26.31578947368421
170 0.006465378254540388 0.6954468772885669 400 26.31578947368421
170 0.006283185307179587 2.8475861714760264 500 26.455026455026452
180 0.013529638888991747 2.227053357416223 100 25.64102564102564
180 0.015707963267948967 58.880752461991825 200 26.31578947368421
180 0.005253315466317249 4.266311971516463 300 26.54867256637168
180 0.0 25.40674378459284 400 26.49006622516556
190 0.031415926535897934 54.225758392256154 100 26.31578947368421
190 0.0058732717437207545 2.321011752982809 200 26.31578947368421
190 0.007285388229078988 2.631086456889685 300 26.54867256637168
190 0.007853981633974483 2.573620398826879 400 26.49006622516556
200 0.031415926535897934 22.980150256719877 100 26.31578947368421
200 0.015707963267948967 1.4893579130034869 200 26.31578947368421
200 0.009524514015729174 0.8281411072642753 300 26.54867256637168
200 0.0 4.429831641696362 400 26.49006622516556
210 0.0 101.29461562535893 100 25.64102564102564
210 0.0 7.966371287566464 200 26.31578947368421
210 0.004571924920594506 2.6490249357750857 300 26.31578947368421
210 0.007853981633974483 1.737811405947476 400 26.49006622516556
220 0.0 18.20570066343307 100 25.64102564102564
220 0.011365436685192245 0.45215272595303113 200 26.31578947368421
220 0.003985875260010773 3.5079071818845518 300 26.31578947368421
230 0.016811083016801533 6.442407313657745 100 25.64102564102564
230 0.015707963267948967 8.333068245241225 200 26.31578947368421
230 0.0072283613286216394 3.394216722084664 300 26.31578947368421
240 0.031415926535897934 0.7166695832212227 100 25.64102564102564
240 0.011246590538373322 0.5200687351652706 200 25.974025974025974
240 0.006998183459863851 0.5913060230604134 300 26.31578947368421
250 0.010380259310094017 3.5051336479601964 100 25.64102564102564
250 0.0 19.305410992951128 200 25.974025974025974
250 0.010029719239538607 16.759948280127166 300 26.31578947368421
260 0.024759947537946768 1.6985322609715565 100 25.64102564102564
260 0.0 1.739306628835368 200 25.974025974025974
270 0.02852232212323358 1.9069834948422053 100 25.64102564102564
270 0.007976757446140893 1.7301539248788074 200 25.974025974025974
280 0.02557736487895642 1.5628580123378797 100 25.64102564102564
280 0.015707963267948967 165.95533599111297 200 25.974025974025974
290 0.007924986748331425 0.9214057030468268 100 25.64102564102564
300 0.023274252312582573 1.1208087751264315 100 25.64102564102564
310 0.0 4.893994840748572 100 25.64102564102564
320 0.031415926535897934 11.074170031545828 100 25.64102564102564
