0 0.031415926535897934 12.639901967543318 100 6.289308176100628
10 0.01345713090185573 1.408064975329993 100 6.211180124223602
20 0.02477155949846378 1.35280450934459 100 6.134969325153374
30 0.031415926535897934 1.9903929487434682 100 5.9523809523809526
40 0.031415926535897934 3.3285238198067937 100 5.847953216374268
50 0.0 89.50974288270716 100 5.847953216374268
60 0.0 42.25336838347132 100 5.9880239520958085
70 0.0 4.220210690772839 100 6.211180124223602
80 0.0 40.92493864148992 100 6.451612903225806
90 0.010917252735962158 1.372368797641312 100 6.7114093959731544
100 0.02538398455717559 5.469180629252783 100 6.896551724137931
110 0.011622072189996667 4.829042708935156 100 6.896551724137931
120 0.0 39.07321549828718 100 6.84931506849315
