0 0.031415926535897934 7.333158964926623 100 9.090909090909092
0 0.012365065569938659 2.040239178375011 200 7.633587786259541
0 0.009524820217159733 2.247645370269198 300 7.159904534606205
0 0.005220518202223714 0.37274755964805806 400 6.896551724137931
0 0.0023977275478610357 1.0013809084172627 500 7.278020378457059
0 0.0019051172654615666 1.7079953960768208 600 7.2727272727272725
10 0.0023069433968890903 3.9114753081031557 100 8.849557522123893
10 0.015707963267948967 2.063105493600612 200 7.722007722007722
10 0.010471975511965976 2.917284950965417 300 7.075471698113207
10 0.0 1.0631218412955223 400 6.932409012131715
10 0.004329550902248595 0.7503233962187913 500 7.320644216691069
10 0.0007430290226023034 0.6642408930409303 600 7.290400972053462
20 0.017955144522684735 0.4867825307883061 100 8.19672131147541
20 0.015707963267948967 9.206333528479897 200 7.782101167315174
20 0.006666830676722526 1.6224724424833834 300 7.04225352112676
20 0.007853981633974483 0.959353829265702 400 6.968641114982578
20 0.0038533175487616205 0.5234791140707943 500 7.352941176470588
20 0.0 2.7546767811893433 600 7.299270072992701
30 0.0 2.4261235808470296 100 7.751937984496124
30 0.008837418815582728 2.470796177770862 200 7.782101167315174
30 0.006240304169327869 3.0278565527168277 300 7.009345794392523
30 0.00445733054353159 0.9061249668744538 400 6.980802792321116
30 0.0008855257821280397 0.7083805873851361 500 7.374631268436579
30 0.005235987755982988 7.861965868044411 600 7.299270072992701
40 0.031415926535897934 0.6192065049750549 100 7.575757575757575
40 0.011824224418403669 0.1815139275512746 200 7.6923076923076925
40 0.0 6.63456481032012 300 6.9930069930069925
40 0.007853981633974483 0.2587746313352769 400 6.956521739130435
40 0.0028111261035415258 0.4156162456915614 500 7.374631268436579
40 0.0 5.775176845205034 600 7.281553398058252
50 0.027618033080917023 3.426196535926951 100 7.407407407407407
50 0.015707963267948967 0.4740431403578009 200 7.575757575757575
50 0.0 20.141183808681593 300 6.976744186046512
50 0.007853981633974483 16.222903385054032 400 6.932409012131715
50 0.0014495719968741366 3.943440063749285 500 7.363770250368188
50 0.005235987755982988 130.0715802390245 600 7.194244604316546
60 0.0 8.21024793462051 100 7.194244604316546
60 0.0 7.9523036063356916 200 7.407407407407407
60 0.0 4.988249071441532 300 6.944444444444444
60 0.007853981633974483 7.143257317656898 400 6.920415224913494
60 0.006283185307179587 3.730456978161921 500 7.352941176470588
60 0.005235987755982988 14.866439258345144 600 7.050528789659224
70 0.02938234040986416 0.946710570601597 100 6.944444444444445
70 0.010485612218553462 4.743453610348411 200 7.2202166064981945
70 0.010471975511965976 13.275864748365958 300 6.84931506849315
70 0.0 2.096229178644046 400 6.908462867012089
70 0.0 1.7560205321349045 500 7.331378299120234
80 0.019640192471865926 2.0435552627464757 100 6.7114093959731544
80 0.011879349548111066 0.0868094997736666 200 6.968641114982578
80 0.00696083536631434 1.0821418890261256 300 6.62251655629139
80 0.0033135753578686232 1.5371913828711044 400 6.896551724137931
80 0.003982582427830407 0.11747623447021413 500 7.278020378457059
90 0.0 7.960353164520329 100 6.5359477124183005
90 0.015707963267948967 10.918765523403227 200 6.7114093959731544
90 0.008601355552395757 48.94530631138521 300 6.3965884861407245
90 0.005813902611771167 1.48255725055046 400 6.884681583476764
90 0.006283185307179587 2.04183968448866 500 7.173601147776183
100 0.031415926535897934 9.705022739445258 100 6.451612903225806
100 0.01311280810855266 2.7177156166126384 200 6.578947368421052
100 0.0 10.207283789631255 300 6.342494714587737
100 0.007853981633974483 624.3295701254094 400 6.884681583476764
100 0.006283185307179587 0.4134542769853197 500 7.002801120448178
110 0.016889553857693747 1.5391996311024483 100 6.5359477124183005
110 0.015707963267948967 2.8868898882255523 200 6.451612903225806
110 0.010471975511965976 5.495405513459499 300 6.369426751592356
110 0.00392909027559652 0.26537665593231735 400 6.920415224913494
110 0.0 0.911381829932658 500 6.983240223463686
120 0.031415926535897934 2.2376006376255635 100 6.756756756756756
120 0.00891409881630957 1.3351180329519943 200 6.41025641025641
120 0.010471975511965976 0.8797224064227146 300 6.437768240343347
120 0.0 0.7956989145223577 400 6.9930069930069925
120 0.006283185307179587 50.395257099818394 500 7.022471910112359
130 0.017789452889795113 3.2432774312804105 100 6.9930069930069925
130 0.008487117138648166 0.8661677052108473 200 6.451612903225806
130 0.0022358677254071023 1.8428184848269296 300 6.521739130434782
130 0.004399871632184456 0.3611124361678257 400 7.067137809187279
130 0.0 0.9913134596034925 500 7.072135785007072
140 0.031415926535897934 25.8798800992166 100 7.2992700729927
140 0.015707963267948967 14.54366478747505 200 6.5359477124183005
140 0.010471975511965976 1.1660431670787068 300 6.607929515418501
140 0.006096916402596551 0.36904664790996056 400 7.142857142857143
140 0.006283185307179587 1.0559376389395785 500 7.122507122507122
150 0.0 3.6912883493406987 100 7.575757575757575
150 0.005273854532050651 1.2993609243666118 200 6.62251655629139
150 0.010471975511965976 1.5187192240160183 300 6.681514476614699
150 0.0 0.4679913137242686 400 7.2202166064981945
150 0.0 0.9283288809221032 500 7.173601147776183
160 0.011477363459720733 0.7370883164317864 100 7.751937984496124
160 0.010721910815223334 2.5340869095429497 200 6.666666666666667
160 0.010471975511965976 1.14528931677556 300 6.741573033707865
160 0.004915037585141747 0.08663184406947373 400 7.2727272727272725
160 0.0018617483491684592 0.35268354528794277 500 7.204610951008645
170 0.031415926535897934 1.6270205072118775 100 7.751937984496124
170 0.0 5.96987089021021 200 6.7114093959731544
170 0.0063852740577574115 0.3799826875483447 300 6.756756756756756
170 0.006714872530925536 0.601969000965074 400 7.312614259597805
170 0.006283185307179587 8.119787156035347 500 7.2150072150072155
180 0.0 19.9283936306968 100 7.6923076923076925
180 0.015707963267948967 5.770351689143539 200 6.7340067340067336
180 0.0 3.742560010616011 300 6.772009029345372
180 0.0 1.6135497029026502 400 7.326007326007326
180 0.0 1.2281726588040494 500 7.173601147776183
190 0.0 7.356293510722802 100 7.575757575757575
190 0.015707963267948967 0.5072608685905116 200 6.756756756756756
190 0.010471975511965976 0.40425860610025005 300 6.787330316742081
190 0.002502303768688541 0.2821780546996365 400 7.352941176470588
190 0.0025484459403819068 4.202219205400652 500 7.072135785007072
200 0.031415926535897934 0.9328164767451556 100 7.518796992481203
200 0.006327813272729854 2.5777721676413847 200 6.779661016949152
200 0.007070044368748882 0.6460775903767687 300 6.818181818181818
200 0.004216599632848548 1.1156011441809126 400 7.366482504604051
200 0.004128636348269924 0.7911271286841961 500 6.993006993006993
210 0.023781242089803 3.8324075892818574 100 7.407407407407407
210 0.015707963267948967 1.152136110162355 200 6.779661016949152
210 0.0 4.174896792060865 300 6.864988558352402
210 0.0 1.2715532737617194 400 7.393715341959334
220 0.015012822658976452 2.149565099795129 100 7.352941176470588
220 0.015707963267948967 17.56383476169822 200 6.68896321070234
220 0.01020343980222884 0.6067156407480258 300 6.912442396313363
220 0.007853981633974483 1.7707868265033624 400 7.421150278293134
230 0.031415926535897934 19.309188398601655 100 7.142857142857143
230 0.0 38.879055111394884 200 6.514657980456025
230 0.0037222214716243042 0.9881252553406358 300 6.944444444444444
230 0.0 1.1979339825064543 400 7.407407407407407
240 0.0029684683148090436 2.391530393286571 100 6.896551724137931
240 0.0 21.58545250572382 200 6.329113924050633
240 0.010471975511965976 0.6835580626415899 300 6.976744186046512
240 0.003754001346054745 0.2297860194602662 400 7.352941176470588
250 0.025073310415210708 1.6075865694299418 100 6.7114093959731544
250 0.0026913625964765076 2.9677109535504087 200 6.269592476489028
250 0.0 0.12023486392284057 300 7.009345794392523
250 0.005886005858402738 0.18124879978692796 400 7.194244604316546
260 0.013136023445661076 1.2070522122901515 100 6.369426751592356
260 0.0 3.2202284294835626 200 6.269592476489028
260 0.0010952149401146619 1.1882004614213664 300 7.04225352112676
260 0.007853981633974483 2.446668738633024 400 7.092198581560283
270 0.0 1.9100440179608023 100 5.9523809523809526
270 0.015707963267948967 2.1183610361562226 200 6.269592476489028
270 0.010471975511965976 1.7564030120548524 300 7.0588235294117645
270 0.0043192906903736375 1.1029149450391311 400 7.067137809187279
280 0.0 13.995463012865171 100 5.813953488372094
280 0.015707963267948967 1.444264597912222 200 6.289308176100628
280 0.005685675889738451 1.920555326986835 300 7.075471698113207
280 0.007853981633974483 6.307995897400774 400 7.067137809187279
290 0.008998821536444011 1.9832110870114454 100 5.813953488372094
290 0.010228368136169593 0.0665684464498328 200 6.309148264984227
290 0.010471975511965976 0.3929436797971338 300 7.109004739336492
290 0.005323780137827883 0.6031524531954885 400 7.067137809187279
300 0.031415926535897934 4.7569685207262316 100 5.882352941176471
300 0.00855700432090849 0.8667280016246246 200 6.329113924050633
300 0.010471975511965976 4.1956644019434854 300 7.159904534606205
300 0.0 16.045694386338113 400 7.067137809187279
310 0.031415926535897934 1.7003686783347483 100 5.9523809523809526
310 0.008901372048701386 1.6412100488302332 200 6.369426751592356
310 0.010471975511965976 3.169275875285243 300 7.194244604316546
310 0.007853981633974483 3.471153189845535 400 7.017543859649122
320 0.025859323717246828 7.975287192111721 100 6.024096385542168
320 0.010263637296719386 0.34182289552941975 200 6.41025641025641
320 0.006304184745788837 1.0901630404635199 300 7.246376811594202
320 0.007853981633974483 5.408711292617737 400 6.932409012131715
330 0.031415926535897934 2.2310893709230504 100 6.097560975609755
330 0.005887577055533469 0.6980136332771768 200 6.472491909385113
330 0.003764009747104063 0.7979138431742843 300 7.299270072992701
330 0.0 29.606608016006877 400 6.861063464837049
340 0.020700532148575465 5.00417444285119 100 6.172839506172839
340 0.0017742715770081555 11.09958646815801 200 6.5359477124183005
340 0.0 8.206435495878369 300 7.352941176470588
350 0.0 22.68127836292282 100 6.134969325153374
350 0.015707963267948967 23.86599924457387 200 6.62251655629139
350 0.0016536082181975104 4.700125961616877 300 7.389162561576354
360 0.020105182864955388 1.0797928038836857 100 6.024096385542168
360 0.010797309517526686 3.2571941446166277 200 6.7340067340067336
360 0.008080773625839803 4.829770753064085 300 7.444168734491314
370 0.013586011491290097 5.666307576681377 100 5.917159763313609
370 0.014555122661695239 1.7247868193343705 200 6.8259385665529
370 0.010471975511965976 8.608002344317105 300 7.481296758104738
380 0.031415926535897934 11.603154245096935 100 5.813953488372094
380 0.007026334099562339 3.5174076258680254 200 6.944444444444445
380 0.0 31.686819735937465 300 7.5
390 0.0 33.907383667403955 100 5.813953488372094
390 0.015707963267948967 0.5358536260953403 200 7.067137809187279
390 0.010471975511965976 84.19376293549948 300 7.444168734491314
400 0.031415926535897934 5.398531348451143 100 5.847953216374268
400 0.0 0.5230651794316301 200 7.168458781362006
400 0.007416247613783715 0.17925261371798448 300 7.317073170731708
410 0.031415926535897934 54.43925135472275 100 5.9880239520958085
410 0.015707963267948967 21.332745892472374 200 7.2992700729927
410 0.010471975511965976 12.71718374970618 300 7.317073170731708
420 0.0 2.478662880276604 100 6.211180124223602
420 0.003021928571639753 1.1327542093969607 200 7.462686567164179
420 0.004059085594472153 4.3417204878724664 300 7.37100737100737
430 0.031415926535897934 0.7672110149241692 100 6.41025641025641
430 0.003538578170082837 0.977092714520179 200 7.633587786259541
430 0.010471975511965976 70.79937367829197 300 7.462686567164178
440 0.027519107412250155 2.435861907876278 100 6.62251655629139
440 0.007443647407710602 0.8717865990536418 200 7.782101167315174
440 0.010471975511965976 159.79738884986358 300 7.537688442211055
450 0.006510396725411791 7.5358463150110175 100 6.756756756756756
450 0.008017918356299092 3.090630012742737 200 7.905138339920948
450 0.003531702811369781 9.196994213166445 300 7.575757575757575
460 0.024523396045083117 0.6172590603569196 100 6.802721088435374
460 0.0 5.13660941985684 200 7.936507936507936
460 0.0 4.770409014722815 300 7.575757575757575
470 0.031415926535897934 6.889285038253461 100 6.802721088435374
470 0.012183293441058462 1.3498097048201272 200 7.96812749003984
470 0.0 1.4123456716661997 300 7.537688442211055
480 0.031415926535897934 53.357286607630705 100 6.756756756756756
480 0.0 6.87600809859626 200 8.0
480 0.010471975511965976 96.62517877727981 300 7.37100737100737
490 0.015036845702455743 4.063368020528752 100 6.802721088435374
490 0.0 25.87467300531583 200 8.032128514056224
490 0.010047858952355496 3.4068294320561083 300 7.159904534606205
500 0.031415926535897934 4.968633754536828 100 6.896551724137931
500 0.001052685645978582 1.1288861601155404 200 8.064516129032258
510 0.008311777890828296 8.63372703222295 100 7.092198581560283
510 0.015707963267948967 1.529870210328703 200 8.16326530612245
520 0.0 17.960348836991027 100 7.407407407407407
520 0.0 3.395800469083395 200 8.29875518672199
530 0.0 11.764011149134317 100 7.6923076923076925
530 0.011134991245850432 1.7333368877562645 200 8.438818565400842
540 0.02207333755314156 0.4947629989278497 100 8.130081300813007
540 0.012288155946027017 0.651189268983815 200 8.620689655172413
550 0.019615449275362865 1.7599624514525234 100 8.547008547008547
550 0.0 56.51710305579899 200 8.695652173913043
560 0.01984858668224065 1.07964171536702 100 8.849557522123893
560 0.0 122.55326315913692 200 8.620689655172413
570 0.0 45.38786194723641 100 9.090909090909092
570 0.015707963267948967 4.66967042495673 200 8.29875518672199
580 0.018922072033158613 1.0281746796920446 100 9.25925925925926
580 0.015707963267948967 3.1622881473029 200 8.097165991902832
590 0.021143968763172812 0.16292322990657326 100 9.345794392523363
590 0.0 0.500303074723662 200 8.032128514056224
600 0.01128964567296367 1.2887666250529604 100 9.345794392523363
600 0.0 1.9805098561468903 200 8.0
610 0.031415926535897934 27.81645191331712 100 9.523809523809524
610 0.0 3.04571239881902 200 7.96812749003984
620 0.0 19.334306030568406 100 9.615384615384615
620 0.015707963267948967 10.942564792170046 200 7.874015748031495
630 0.025696944248836034 0.3303022188725594 100 9.615384615384615
630 0.015707963267948967 30.858339968710457 200 7.518796992481203
640 0.031415926535897934 194.25579742361452 100 9.615384615384615
640 0.0025857717148555586 17.77048340835594 200 7.2202166064981945
650 0.01710165036657475 2.4748848446817675 100 9.433962264150942
660 0.031415926535897934 5.953227938163122 100 9.174311926605505
670 0.018232403510734466 14.4053223490678 100 8.403361344537815
680 0.021964581572277934 3.345574763335535 100 7.407407407407407
690 0.0 3.831722342467895 100 7.092198581560283
700 0.0 7.0508710140874875 100 6.944444444444445
710 0.031415926535897934 9.440937632419658 100 6.84931506849315
720 0.01148680310477981 13.158651495071929 100 6.666666666666667
730 0.031415926535897934 69.37936827570852 100 6.25
740 0.0 62.52222977316891 100 5.780346820809248
