0 0.016975687685063006 7.845946837669317 100 11.627906976744187
0 0.015707963267948967 7.75684394768716 200 12.048192771084336
0 0.010471975511965976 23.758073646231637 300 10.273972602739725
10 0.0 7.8364191881772 100 11.627906976744187
10 0.0 7.001929370156381 200 12.048192771084336
10 0.005800477700312858 0.9869993085870115 300 9.771986970684038
20 0.0 8.729677199674628 100 11.764705882352942
20 0.015707963267948967 25.34581064005079 200 11.904761904761905
20 0.0 20.48823115944108 300 9.615384615384615
30 0.023846745823168865 1.0987068251267804 100 11.764705882352942
30 0.0033941627235673007 3.654356387822452 200 11.494252873563218
30 0.0 15.79146411427994 300 9.615384615384615
40 0.031415926535897934 3.3174317081801634 100 11.904761904761905
40 0.01174025556363231 9.847623475130868 200 11.049723756906076
40 0.006862256222540222 0.7548943213036889 300 9.615384615384615
50 0.0 15.412703635841762 100 11.904761904761905
50 0.015707963267948967 1.9573930778472888 200 10.75268817204301
50 0.0 15.274499079745631 300 9.646302250803858
60 0.0 121.54929731209522 100 12.048192771084336
60 0.0 31.839464898057017 200 10.526315789473685
70 0.02786254693426718 0.39742932022712646 100 12.048192771084336
70 0.015707963267948967 1.0245922944366297 200 10.309278350515463
80 0.023881879942253884 1.1772562932218589 100 12.19512195121951
80 0.015707963267948967 1209.5225506617587 200 9.9009900990099
90 0.0 0.5616817140485029 100 12.19512195121951
90 0.015707963267948967 1.9457174116160605 200 9.174311926605505
100 0.0 100.16678317423072 100 12.048192771084336
100 0.0 40.932107933185925 200 8.810572687224669
110 0.0 35.43942962185616 100 11.363636363636363
110 0.0 7.93058786460457 200 8.73362445414847
120 0.031415926535897934 38.92689665682517 100 10.416666666666664
120 0.008054665635151996 3.7964076466455117 200 8.73362445414847
130 0.013065591896885321 4.351417945412515 100 9.80392156862745
130 0.0 2.071127200657659 200 8.771929824561402
140 0.031415926535897934 4.558924225258482 100 9.345794392523363
150 0.014054251565644146 2.308550275681355 100 8.928571428571427
160 0.01896763155286725 8.375621420450466 100 8.264462809917354
170 0.0 7.97231277759054 100 7.2992700729927
180 0.031415926535897934 1.8162221073174316 100 6.896551724137931
190 0.031415926535897934 12.484156766819156 100 6.896551724137931
200 0.031415926535897934 67.00853082480143 100 7.092198581560283
210 0.0 14.841459585138082 100 7.2992700729927
220 0.018042820455070115 2.4897573395419017 100 7.575757575757575
230 0.031415926535897934 1.6312178547814076 100 7.8125
240 0.0 13.47540462001758 100 8.064516129032258
