0 0.031415926535897934 21.984718378687624 100 5.780346820809248
0 0.0 7.599145368223118 200 6.369426751592356
10 0.031415926535897934 1.2800807047789342 100 6.097560975609755
10 0.0 55.59122621103493 200 6.451612903225806
20 0.016213307697911607 6.017612907882064 100 6.369426751592356
20 0.015707963267948967 39.748013909146955 200 6.4935064935064934
30 0.0 10.008845642308243 100 6.62251655629139
30 0.0 38.20182009816914 200 6.5359477124183005
40 0.0 2.3968326406022555 100 6.84931506849315
40 0.015707963267948967 2.2212869776381927 200 6.578947368421052
50 0.031415926535897934 7.407789472944234 100 7.04225352112676
50 0.010962480422603518 2.839640867024148 200 6.600660066006601
60 0.0066605808504763475 4.357242828288903 100 7.092198581560283
60 0.007892213701058038 0.6834276086605919 200 6.62251655629139
70 0.0 80.41979798148843 100 7.142857142857143
80 0.031415926535897934 21.61620496462688 100 7.142857142857143
90 0.0190594417204987 2.2353347615086734 100 7.142857142857143
100 0.0 41.553297903537285 100 7.092198581560283
110 0.011863028950435672 0.5159474596679808 100 7.092198581560283
120 0.012115016224061042 1.6713721810375908 100 7.142857142857143
130 0.020046278717095897 1.1994355368763656 100 7.352941176470588
140 0.031415926535897934 291.35107798864294 100 7.575757575757575
150 0.031415926535897934 3.2101675224435 100 7.751937984496124
160 0.0 5.890269890961697 100 7.6923076923076925
170 0.031415926535897934 3.8298061033997413 100 7.142857142857143
180 0.0 2.847368194220582 100 6.369426751592356
190 0.031415926535897934 26.026832066844474 100 6.172839506172839
200 0.031415926535897934 1.5058837626492414 100 6.134969325153374
