0 0.031415926535897934 152.22326893218371 100 7.633587786259541
0 0.0 2.8584868575886095 200 7.782101167315174
0 0.007462480450431352 13.853707061593083 300 7.772020725388601
10 0.031415926535897934 4.47358123135938 100 8.130081300813007
10 0.015707963267948967 3.682354558933986 200 8.0
10 0.010471975511965976 33.57315610104155 300 7.936507936507936
20 0.02152914208084157 6.828395581824619 100 8.547008547008547
20 0.015707963267948967 4.358938847988675 200 8.16326530612245
20 0.010471975511965976 920.1215194756635 300 8.064516129032258
30 0.0 2.974990301593658 100 8.928571428571427
30 0.015707963267948967 3.3141318425445303 200 8.23045267489712
30 0.004291999945592457 6.127452385279593 300 8.152173913043477
40 0.0 31.583141694670317 100 9.009009009009008
40 0.0 9.787150907979042 200 8.23045267489712
50 0.0 30.152599644763395 100 9.090909090909092
50 0.015707963267948967 8.086791445647782 200 8.19672131147541
60 0.031415926535897934 23.565221501226937 100 9.174311926605505
60 0.015707963267948967 10.477913572880237 200 8.16326530612245
70 0.017245101360493703 0.4746930302239694 100 9.174311926605505
70 0.015707963267948967 481.65852063938456 200 8.16326530612245
80 0.031415926535897934 81.27716580314363 100 9.174311926605505
80 0.014420905105300988 25.51422679297008 200 8.130081300813007
90 0.031415926535897934 51.47027520918982 100 8.928571428571427
90 0.008269106304485315 1.0107710041851552 200 8.032128514056224
100 0.031415926535897934 9.29720118523672 100 8.695652173913043
100 0.010894959545413878 19.007133057420905 200 7.936507936507936
110 0.0 38.44018012121984 100 8.403361344537815
110 0.0 24.34804425069797 200 7.874015748031495
120 0.031415926535897934 0.38470613505239726 100 8.064516129032258
120 0.0 1.0708018962679793 200 7.8431372549019605
130 0.031415926535897934 5.6233946779261075 100 7.8125
130 0.01028938746823104 4.450316758096121 200 7.782101167315174
140 0.01952486684612419 2.5776993044266736 100 7.575757575757575
140 0.0 14.688179461425339 200 7.782101167315174
150 0.006287667381571907 4.7053777428174275 100 7.462686567164179
160 0.031415926535897934 5.449992617423979 100 7.352941176470588
170 0.022680711872684504 23.96993053865546 100 7.2992700729927
180 0.031415926535897934 3.6878904843141074 100 7.246376811594202
190 0.031415926535897934 8.708240724702476 100 7.194244604316546
200 0.023187525822632525 1.9837764640401176 100 7.194244604316546
210 0.02632417641582077 6.297828096389159 100 7.246376811594202
220 0.0 2.4630047589000887 100 7.2992700729927
230 0.031415926535897934 26.601584642578867 100 7.352941176470588
240 0.031415926535897934 24.173713314021875 100 7.462686567164179
250 0.00865070988575379 6.447884924039628 100 7.633587786259541
260 0.012927604533153185 5.212932781663884 100 7.751937984496124
270 0.007727119871221222 3.4982681406564624 100 7.874015748031495
