0.9999988317592344 0.0015274168765232494 -5.897331180760242e-05 -0.004434304698406219 -0.0015276737421297917 0.9999880977656578 -0.004633631400835068 -0.019860621675133704 5.18951230922018e-05 0.004633716079617908 0.9999892629334525 0.9397844009327888
0.9999959098133718 0.002854907258897615 -0.00017280355799899184 -0.008137885306216489 -0.0028553429749419235 0.9999926055066557 -0.0025760334829493642 -0.038462403424118524 0.0001654479435145969 0.0025765163599170355 0.9999966670896582 1.90760116730842
0.9999892096197183 0.004449658359466384 -0.001334610285935897 -0.013520278666026335 -0.00445008269277485 0.9999900486744402 -0.0003151445986308772 -0.058287851944838834 0.0013331947189967077 0.0003210803242358561 0.9999990597491911 2.828290573504032
0.9999836934982377 0.0052932891389169115 -0.0021433216544801802 -0.01829998833937523 -0.005292299026772407 0.9999858864729544 0.00046736057856569616 -0.07516307322688652 0.0021457652793265224 -0.00045600985844353295 0.9999975938702926 3.6600521898982006
0.9999755163482638 0.0063173268494374725 -0.0030096653470102854 -0.02572823338165921 -0.006307621117008211 0.9999749111506627 0.0032235050903832263 -0.0923119331489465 0.0030299537732266166 -0.0032044423385092936 0.9999902754174317 4.443796890130821
0.9999652693277009 0.007105602135144787 -0.0043555202531980084 -0.034420014025235326 -0.007087581946168235 0.9999663173275591 0.004138887835516528 -0.10851675340213737 0.004384782837877183 -0.004107873982446694 0.9999819493624915 5.178923509321069
0.9999515509385994 0.007476704150479 -0.006402708062693256 -0.04361610017154019 -0.007457132475273407 0.9999674665753447 0.0030752180625473564 -0.12259476692613984 0.006425492256324786 -0.003027323228894619 0.9999747738634867 5.857239213818636
0.9999351892052725 0.006599686642374749 -0.009276935120987082 -0.052100604395608194 -0.006576684150815707 0.9999752286267463 0.0025078593394192864 -0.13441387616491543 0.009293256404347871 -0.0024466853308840924 0.9999538234920122 6.490151307123253
0.9999119920627544 0.00669019198182881 -0.011456415684729307 -0.06308628961238895 -0.006663596923220576 0.9999750178142823 0.0023580125890086535 -0.14634107231735471 0.011471905035341052 -0.0022814641288767972 0.999931592818373 7.154242181035787
0.9998987632198415 0.00625084915257043 -0.012782417467121044 -0.07470280697803734 -0.006204376577241037 0.9999740103833904 0.0036720932785008218 -0.15947759459919109 0.012805038958149807 -0.0035924145960673417 0.999911558856407 7.908901598200833
0.9998936919079505 0.005011194269571656 -0.013692801564390542 -0.08638093275786776 -0.004958529876478529 0.9999801892412469 0.003877383976774997 -0.17286186663331904 0.013711960623967439 -0.0038090756138325597 0.9998987314117439 8.755801330371764
0.9998853213230756 0.004486664391015198 -0.014464233311615612 -0.10021753100734933 -0.004433994162481622 0.9999834300244007 0.0036714264803440135 -0.18762176805443725 0.014480466098076168 -0.0036068711199443455 0.9998886470914181 9.656779249281891
0.9998893198485067 0.003058148557645346 -0.014560074872412907 -0.11262833157600946 -0.0029660242242752757 0.9999754741799401 0.006344583430290765 -0.20268076308553706 0.014579120453302731 -0.0063006956760567005 0.999873867285672 10.527276378630821
0.999889368558666 0.0016836098622742448 -0.014778907306842724 -0.12447999969682878 -0.0015810842546832612 0.9999746246552706 0.006946237695988061 -0.2184429419135188 0.014790227041265754 -0.006922102526055632 0.9998666579502921 11.360732156901003
0.9998656140011497 0.0010405636765797185 -0.01636065907410314 -0.1402720193129315 -0.0009579166905218365 0.9999867464253184 0.005058593610801124 -0.2350428941001281 0.016365706025652235 -0.0050422416582509375 0.9998533589808765 12.205736098137047
0.9998233858979303 -0.0002224394546710464 -0.01879221999358739 -0.1564811384238404 0.0003135478234402089 0.9999882118776608 0.0048453888884040725 -0.2522394589185505 0.01879092066293707 -0.004850425384072966 0.999811669602947 13.004376526296026
0.9997730624951272 -0.0009599486860256048 -0.021281494487812257 -0.17449435940102473 0.001050156167555306 0.9999905105266513 0.004228005282632293 -0.26827531766051765 0.021277233869521923 -0.004249394682354033 0.9997645832713293 13.774788336607235
0.9997424244194735 -0.0014565124595917137 -0.022648695046916897 -0.19453879863252854 0.0015899698361892258 0.9999814744499571 0.005875606590698843 -0.2832161933163644 0.02263971757317639 -0.005910103919873945 0.9997262194520371 14.556447508971313
0.9997085389677551 -0.0023761332560701827 -0.024024801886913787 -0.21505961993912748 0.0025397396635394574 0.9999737789373221 0.0067816782769430555 -0.2992287281532372 0.024008057759791875 -0.006840718424252979 0.999688360307372 15.336448423996424
0.9996269153088577 -0.002694352205757989 -0.02718033583840996 -0.23657677887767484 0.002856754763921365 0.9999782896662868 0.005937941419842953 -0.3142433621224033 0.02716374683868626 -0.0060133736186936725 0.9996129101784376 16.069287941337844
0.9995649489152403 -0.0025368678096589956 -0.029384982589564655 -0.260899593594015 0.00277017134692369 0.9999649451094138 0.007901563328514575 -0.3313145043938497 0.029363907280561014 -0.007979527181616673 0.9995369368338399 16.75508646661243
0.9995616147388844 -0.0020829093172991062 -0.029533706664923404 -0.28640286978709945 0.0023081669111830513 0.9999684929405337 0.007595096559417661 -0.3508504646609653 0.029516956247281855 -0.007659935705517825 0.9995349291940141 17.402298888913414
0.9995947888635551 -0.0020661054623810028 -0.028389950423394348 -0.3083367908762479 0.0022074055973318497 0.9999853287542662 0.004946679365997873 -0.36639383833253697 0.02837931354619658 -0.005007343051902923 0.9995846842955362 18.007315342441238
0.9996581479142427 -0.0012370006958394117 -0.026116223653970497 -0.3273427901159648 0.001419136741581502 0.9999747950418171 0.006956675354179514 -0.3812037250321168 0.02610695998339155 -0.006991359692738462 0.9996347070455646 18.623396455900465
0.999764110089764 0.0012534625583963284 -0.021683011968744496 -0.3461038599346095 -0.001052068107332784 0.9999562281731206 0.009297036650601071 -0.39602956110776366 0.021693716351043935 -0.009272031568096872 0.9997216673161986 19.26272137497265
0.9998656463077011 0.003413917685448937 -0.016032295522473063 -0.3602092826461954 -0.003241891637753497 0.9999370292352867 0.010743728529594468 -0.40753831031611915 0.01606796416139874 -0.010690310105209164 0.9998137515545393 19.88813985120051
0.9999445125324392 0.005315997815486168 -0.009094615081898289 -0.37118176552350457 -0.005211675815125593 0.9999207933286711 0.011456243021095405 -0.4175385803337057 0.009154796090584442 -0.011408209157712202 0.9998930155133364 20.51299363682608
0.9999667075927099 0.007857719262855199 -0.002199989586724462 -0.37798066997952884 -0.007831499053989341 0.9999010765798633 0.011683521600830533 -0.4269440888066509 0.002291577788971093 -0.011665903411903602 0.9999293251869458 21.113661825922573
0.999942246023731 0.009664713800020697 0.0047008429222329135 -0.3781451078095655 -0.009707619323432224 0.999910633725647 0.00919166412817817 -0.4346359647341315 -0.004611588022269893 -0.009236767266614529 0.9999467062730767 21.651896533900356
0.9998911996607882 0.008990022313752904 0.011694799686512698 -0.37217331818486443 -0.009113106205771875 0.9999031956886878 0.010514302013490661 -0.445731817517466 -0.011599143769768314 -0.010619734005463441 0.9998763329099557 22.195504346925638
0.9997517102760856 0.00985098325668494 0.019986893928720745 -0.36324793030374053 -0.010085469349206663 0.9998810948601461 0.01166530965215454 -0.4625469905153316 -0.019869602614235513 -0.011863990481745596 0.9997321864488511 22.7272789023361
0.9995065190751433 0.010885140206912428 0.029465777589703847 -0.3497054785101836 -0.01121219918671622 0.9998771051501641 0.010957243536767832 -0.4786143694515929 -0.02934288526521269 -0.011282212513620674 0.9995057312317469 23.27220864930634
0.9991326519065101 0.009367335697015183 0.04057335229191513 -0.3242971057876394 -0.009826911586216031 0.9998896327634936 0.011142445905709352 -0.49476480157973785 -0.04046449929186229 -0.011531492272225274 0.9991144323765089 23.861584261189794
0.9984364747708432 0.009932811060311927 0.05500859125274609 -0.28861839442959103 -0.01040834768638089 0.9999108423139245 0.008365029676975388 -0.5077842514089115 -0.05492059855474046 -0.00892449928552939 0.9984508406360778 24.463794701574717
0.9972285619339769 0.012327725116065112 0.07337044675177452 -0.24014712680837377 -0.012962150856824436 0.9998825527994785 0.008176995313802598 -0.5214002966372749 -0.07326102584769865 -0.009105372076953345 0.9972712340637735 25.050205108295184
0.9955752047689018 0.011993575337043889 0.09319960193044698 -0.17425004173132555 -0.012877328684471829 0.9998775925154246 0.008886753710405065 -0.5370960239298382 -0.0930816096514838 -0.010047593552287628 0.9956077841240975 25.641314102970757
0.9933035754157526 0.012730294903267847 0.11483007732278888 -0.09311494618975412 -0.01398321172133899 0.999851096379672 0.010112114433821102 -0.5537585400167627 -0.1146842485097149 -0.011650092705310032 0.993333679326196 26.268511754985415
0.990219735017509 0.015000038955106456 0.13870787725720102 0.0042687218457545945 -0.01653922222515218 0.9998137029817984 0.00995055063852204 -0.5693241981922584 -0.1385327777460644 -0.012147352022891588 0.9902833490111757 26.8945235348705
0.9862994538243036 0.01739846797453873 0.16404475211971373 0.1073556813762446 -0.019480563902407422 0.9997487067330343 0.011091934712576633 -0.5838133874209223 -0.1638105461071526 -0.014135653425391847 0.9863905353795281 27.44856686058229
0.9812007159893336 0.01819229878714819 0.19213067221778363 0.2188857380942742 -0.020810897522025286 0.9997159020017348 0.011619889379152941 -0.5977184992721136 -0.19186469577894213 -0.015399855508903855 0.9813005568957746 27.944372323062527
0.9744337281991043 0.016654936088255214 0.22405696251598425 0.35737716684542437 -0.01982861943026882 0.9997323105491441 0.011921958545375609 -0.6124216519774963 -0.22379842537310796 -0.016059898753236997 0.9745031269588372 28.43157399907732
0.9651981756713013 0.016327474513570923 0.26100937771811866 0.5191288534990501 -0.01971461123576404 0.999751930771762 0.010363928886036138 -0.6272668712745892 -0.2607754125384782 -0.015148943664190596 0.9652806295172633 28.915485138121248
0.9536171962306044 0.017310727887680892 0.3005238455651711 0.6980773593588862 -0.02100115456827056 0.9997384565374294 0.00905373000240059 -0.6407075693455727 -0.300288518861577 -0.014945140352483392 0.9537313291591943 29.39154173918637
0.9391799175046438 0.019214943854740523 0.34288754495990176 0.9002265282232937 -0.023862064879616743 0.9996716409865688 0.009338740113089062 -0.655263290873512 -0.3425955113769741 -0.016952762013253984 0.9393300375504182 29.862688888896837
0.9207093823254706 0.017237910401437743 0.38986803888346805 1.139728253915253 -0.02268933128178912 0.9996985449513937 0.009381549341641421 -0.6679941060301252 -0.3895887928878788 -0.01748352559000706 0.9208229464935741 30.336984799129826
0.8990862199481482 0.015932790138127387 0.43748155995168925 1.4132205569259964 -0.021949710164572797 0.9997212163985909 0.008700557810325398 -0.6805367201788385 -0.43722097310517966 -0.01742514507641057 0.8991852895794195 30.827796675063958
0.8762267399960042 0.014790633845010299 0.48167202250746977 1.7499628414256312 -0.02090699870243303 0.9997545295848479 0.007333347109855853 -0.6938300462588566 -0.48144532142417784 -0.01649599118089009 0.8763208800169768 31.379324610410887
0.8533145779905453 0.010482518650860929 0.5212910394314777 2.1476839168375177 -0.01801884000313849 0.9997935450270813 0.009390885321450099 -0.7064847662039492 -0.5210849761735193 -0.01740643917961637 0.853327289778856 31.966853606758058
0.8283632873567547 0.009282262603544715 0.5601143666792238 2.5321394695471886 -0.01769804421552316 0.9997972387992087 0.009605234011795903 -0.7168136399466776 -0.5599116389131898 -0.017869552049080837 0.8283596053158975 32.496919426334514
0.8022207988824809 0.005802949334717879 0.596999259312247 2.925695975855286 -0.014547220729077196 0.9998458706711354 0.009829205000235137 -0.7242376239345856 -0.5968502058384599 -0.016569872687979173 0.8021815699140007 32.979334404628226
0.7767979905172483 0.006015246648458893 0.6297211277511037 3.2982784808709127 -0.01407672802351115 0.9998703893092106 0.007813469830855867 -0.7335224820562573 -0.6295925092125187 -0.014933900709587002 0.7767819841841592 33.41062097008489
0.7539456088954948 0.003952650830577725 0.6569249541451535 3.675111860186367 -0.01079064861236615 0.9999215029001978 0.006367883504928343 -0.7418490898263446 -0.6568482174214411 -0.011889684151373885 0.7539290780179889 33.8046096717081
0.737094864213956 0.0018945648986344002 0.6757866318397053 4.100041239095433 -0.00915361436003686 0.9999323218965203 0.007180736088982269 -0.7552575674991393 -0.6757272915115655 -0.01147877390999352 0.7370623211479244 34.24360673596283
0.7259799022924457 0.0021021103834913887 0.6877127035320675 4.53655494343843 -0.009101907864757045 0.9999371119706018 0.006551898740967882 -0.7734105275838491 -0.6876556818209757 -0.011016044472769729 0.7259533800620408 34.69327828235246
0.7188806018883592 0.0022737758910784034 0.6951298513024933 4.954253364673586 -0.007831728403047003 0.9999576741668531 0.00482844747682774 -0.7905004726430884 -0.695089450544928 -0.008915145428579841 0.7188679822631805 35.118123845674404
0.7150434519474149 0.001553334578540732 0.6990782853005882 5.331214150341021 -0.006909420773085539 0.9999643907635234 0.004845318308814897 -0.8037300843420196 -0.6990458652561388 -0.008294839155787928 0.7150287224382491 35.4989620036546
0.7131168491098324 -0.0011252074631509876 0.7010442877763344 5.7374141129243865 -0.008716583943504613 0.999907179212451 0.010471586496463408 -0.8153794975478379 -0.7009909990007138 -0.013578176150055897 0.7130408490769784 35.91434001430096
0.712348955426449 -0.00488873360412807 0.7018084254172171 6.224172195056597 -0.008341577686877683 0.9998461285544707 0.015431697778548496 -0.826478984765013 -0.7017758785998128 -0.016846943294928717 0.712198565511808 36.40762502241481
0.7135782818763362 -0.001621659474010517 0.7005736262913165 6.74647919052258 -0.009002375812034105 0.9998935318329136 0.011483998800019893 -0.8364230300732305 -0.7005176606368703 -0.01450155920066209 0.7134877097165689 36.944837854687414
0.7158724965677546 0.0016741526512159012 0.6982290210745677 7.308497760254864 -0.009396727385028147 0.9999296638900896 0.007236628158307461 -0.8403639717966112 -0.6981677951411823 -0.011741570829772877 0.7158378764372196 37.52682969257184
0.7173273794388776 -0.001811134062858799 0.6967339165712816 7.905581802485514 -0.01013684462622511 0.999863649860354 0.013035569375868531 -0.8474362103567455 -0.6966625259681869 -0.01641345427798985 0.7172112125659277 38.145772901552505
0.7188184672558297 -0.001536285520531836 0.6951961240964868 8.476958704263005 -0.009769453397203889 0.9998764909058028 0.012310999724469517 -0.8561375118556326 -0.6951291742635306 -0.01564106008860754 0.71871467796825 38.73760193636026
0.7207281897220282 0.001965800941164435 0.6932149826472784 9.047452959839255 -0.011603513083369436 0.9998900898019485 0.009228586022431925 -0.8618242318355906 -0.6931206496881553 -0.014695031218376805 0.7206717845408956 39.33728246774562
0.7224665090666029 1.7473149718393767e-05 0.6914059176574959 9.636122939158781 -0.012498778192583927 0.9998369213203241 0.013035003198567109 -0.8694066413217021 -0.6912929363307622 -0.018059082462381793 0.7223489085752178 39.958701255717806
0.7252169948670875 0.0012979044246251234 0.6885191542724532 10.22006360928209 -0.011973476110419195 0.9998707770864794 0.010726835428538578 -0.8776392309225358 -0.6884162594141588 -0.01602325099916582 0.725138820641699 40.577379295592415
0.7280798412342757 0.0030998877367593215 0.6854853284238039 10.792074057836848 -0.014231030137263359 0.9998426117137889 0.010593846448757539 -0.8823500316014874 -0.6853446013280492 -0.017468328407922725 0.7280093645916438 41.193062186986154
0.7309278424206076 0.0009046049906400196 0.6824541529393499 11.349144173351116 -0.012462840363397428 0.9998500544453416 0.012022738278855152 -0.8902477057368441 -0.6823409461438105 -0.017293071313571988 0.7308295169874517 41.78935142034228
0.7334578327668004 -7.562218235298868e-05 0.6797349496931233 11.890662444435394 -0.011103013295313477 0.9998652469219693 0.012091777926827843 -0.8989202414801304 -0.6796442677230425 -0.016415915416240587 0.7333581574321341 42.375161595862856
0.7357382672215314 -0.001211826889775389 0.6772648917679455 12.425936122638833 -0.01066616625331467 0.9998536458458332 0.013376090095764822 -0.9084079433638709 -0.6771819807432221 -0.017065121282387186 0.7356176633226682 42.96072888861559
0.7380533228805889 0.00030713210244200974 0.6747423198931515 12.95128784621367 -0.011912619070139435 0.9998499648795862 0.012575262906928222 -0.9177041985784762 -0.6746372225810028 -0.017319162801944683 0.7379462477091601 43.54252022604083
0.739478426699364 0.0010026435791170335 0.6731795088622988 13.464189661251213 -0.013202620296748768 0.9998281519572445 0.013013737782028202 -0.9262270432206189 -0.6730507761406503 -0.01851111178759305 0.7393645863015446 44.11421119860489
0.740471545153558 0.002174445035061937 0.6720841930939094 13.978115916714414 -0.015210692325391935 0.9997928502250963 0.01352373756617415 -0.9360037041049732 -0.6719155643805875 -0.02023680872978696 0.7403512314540642 44.69167119241223
0.7426211499455241 0.004217885975347851 0.6696984672906798 14.504978997718005 -0.015923774400486656 0.999808665489434 0.011360713933456012 -0.9445195511962148 -0.6695224126662441 -0.01910083375495373 0.7425462255559825 45.282760263314124
0.7448672941738586 0.006503190781475262 0.6671809519011866 15.045440898702362 -0.01766131656522602 0.9997942920835285 0.009972532997051269 -0.9511982482789756 -0.6669788542130073 -0.0192115076673888 0.7448289239858027 45.890952955519
0.746551567898248 0.006998733258382328 0.6652907441122603 15.589977271621507 -0.019083780950138844 0.9997584981036305 0.01089746641282187 -0.9593831901288417 -0.6650538066753047 -0.020831783465403927 0.746504836571295 46.50689130551492
0.7483009718742905 0.010268531713744962 0.6632798902035516 16.138085173928143 -0.022448594210009512 0.9996994805539302 0.009849324758322531 -0.9692932120966439 -0.6629794235947186 -0.022259960391797468 0.7483066069823043 47.13442772323123
0.7510698282033423 0.01088743968697245 0.6601329993415447 16.695403346043523 -0.02433992131553441 0.9996409324363263 0.011205999651268077 -0.9778564870248588 -0.659773962348435 -0.02448407349468557 0.7510651428152897 47.77638511491216
0.7548265701017532 0.01681561808033936 0.6557088409172158 17.248240254942743 -0.026879830198137278 0.9996245810626991 0.005307698535282237 -0.988320684646569 -0.6553734231695247 -0.021631734183793373 0.7549951948716359 48.42186623122279
0.7596714114830526 0.02135605425464285 0.649956356628673 17.820163554265736 -0.02907762919115863 0.9995765036614422 0.001142282183713597 -0.9983588140659955 -0.6496567078511286 -0.019766949047298674 0.7599706768483858 49.099929806844834
0.764503826386015 0.02180901782068143 0.6442501580774649 18.383527305408027 -0.030915451350362725 0.9995179383845803 0.0028505640215335717 -1.0115940511023866 -0.6438774218039827 -0.022096551521328098 0.7648095240659077 49.776812596340086
0.7687523362875017 0.020122648816865693 0.6392299464645725 18.953167277046834 -0.032418372582830667 0.9994460584123994 0.007524987906872144 -1.0220935623955276 -0.6387244277241847 -0.026507646604534592 0.7689788359245661 50.468778507852235
0.7737131206082533 0.01841539819821648 0.6332684107926423 19.532659960950273 -0.03488956656343837 0.9992990715531197 0.013567746241999029 -1.0322050320816416 -0.632574679499308 -0.03259200365539072 0.7738133083335239 51.1880686566393
0.7782571692519672 0.0224728866512432 0.6275434230979354 20.082685342897808 -0.036194700223086254 0.9993033109567432 0.009101449700490923 -1.039817034435866 -0.6269016846234137 -0.02979701455599241 0.7785283654048031 51.876592656386855
0.7822572144234813 0.025890625049521936 0.622417324643972 20.590461465728378 -0.03785227621739881 0.9992652930618501 0.006006601965785753 -1.0449489452239489 -0.6218045156378131 -0.028258620216824203 0.782662503711443 52.519528109946165
0.785314522929147 0.02703488745354036 0.618506438880744 21.09561191240862 -0.03988567807384232 0.9991799498499797 0.006968536602523222 -1.0520121345700422 -0.6178108389799858 -0.030142041705320827 0.7857488304545412 53.16801873117515
0.7867181775304085 0.02433703083420588 0.6168324067957247 21.626566796698214 -0.042473751260397735 0.9989885975830065 0.014756773123103376 -1.0582273220777658 -0.6158494049661007 -0.0378086078732317 0.7869561738582311 53.85493250555643
0.787410246722563 0.024653457189017697 0.6159361252637652 22.164731041119012 -0.04501724073534961 0.9988316781005764 0.01757062489956878 -1.0657331842998092 -0.6147833369512269 -0.041563034915836454 0.787600128704724 54.55327155604415
0.7886184164247738 0.02787432732193217 0.6142507754590391 22.682690335325436 -0.04695924498664719 0.9987846954184262 0.014965343571236911 -1.0723829290301687 -0.6130871247921978 -0.040646698196420576 0.7889689622157285 55.22935355649819
0.7900256096857623 0.03196918667701743 0.6122397464587289 23.215523779594864 -0.048587712617701194 0.9987632569096603 0.01054470624471353 -1.0765095991074751 -0.6111454575002725 -0.03807791683400806 0.7906018606266769 55.924222313330624
0.7912510357853009 0.0330414721552827 0.6105981161832218 23.777614442778198 -0.049531268220932345 0.998721082718451 0.010141617332108957 -1.0818461465605218 -0.6094821177336647 -0.03826826428643657 0.7918756771813295 56.65739232426557
0.7911666728840114 0.03254834304294146 0.6107339036624718 24.31310567286028 -0.05114643838708825 0.9986060624341334 0.01303740427044156 -1.0905463606107904 -0.6094582328248239 -0.041551623734267594 0.7917285677598648 57.357609769389796
0.7902521980736322 0.033643612234526145 0.6118574758843799 24.81060036346785 -0.05343772602224466 0.9984714030192161 0.014116188947776734 -1.100437921432034 -0.6104472728068839 -0.04385162150537498 0.7908420590825865 58.0069269922397
0.7887123349568005 0.037165846610075555 0.6136379653612929 25.30931862966579 -0.056659182511739715 0.9983170689631906 0.012359888909099837 -1.1093425693048027 -0.6121458892487077 -0.04451662231684093 0.789490772975471 58.65842189808215
0.78730872860099 0.03992555353050755 0.6152649153364546 25.831141062350234 -0.05842866901805544 0.998241606504816 0.009989278225306411 -1.1162208427011362 -0.6137842100489955 -0.04381375603582317 0.7882571270065132 59.33654119436326
0.7859846702203988 0.03987372607685573 0.6169588188422936 26.364902271557952 -0.05995345963450403 0.9981305953004275 0.011870021190719823 -1.1237810399350951 -0.6153321711534211 -0.04631847033270983 0.7869059146109229 60.02723884692103
0.7848930088530485 0.03913359852150768 0.6183943128137297 26.900448443711426 -0.06059939610486417 0.9980673877510287 0.01375509722116099 -1.1318068038635138 -0.6166609099378138 -0.04827060155617777 0.7857475874478207 60.71561590875413
0.784043497593578 0.040882225905612884 0.6193580850253194 27.418872478206655 -0.06085244738734316 0.9980844721980496 0.011151950686385765 -1.139019860947886 -0.6177157708268409 -0.04643306970407388 0.7850294239769977 61.38142661459622
0.78361406520425 0.04345169182715497 0.6197265100763615 27.904321407846094 -0.06271512827060298 0.997987885494738 0.009327008724331681 -1.1455747136156165 -0.6180742750673819 -0.046175002794801225 0.7847624224036398 62.009218413708524
0.7836565326251451 0.04332587341298927 0.619681617903045 28.366832368726644 -0.0631920121365758 0.9979498700192281 0.01014034174655172 -1.1514775156298171 -0.6179718508767723 -0.04710547337207891 0.7847877839915238 62.60617443355439
0.7844312563526391 0.04297421932794871 0.6187251575054731 28.80161381357556 -0.06308189404664723 0.9979513932613892 0.01066261371053159 -1.1580785869012606 -0.6169994154782529 -0.047394442298710586 0.785535160345281 63.16776050506064
0.7862313482158394 0.043664024338751585 0.6163876378231863 29.2193192285005 -0.06439572362910574 0.9978587186983353 0.011452872827394217 -1.1651153848399738 -0.6145676999818535 -0.04869733561768598 0.7873595821749749 63.71164055480423
0.7900806306471699 0.0445085994538036 0.611384970089084 29.663327506981332 -0.065860905999105 0.9977508302417214 0.012474847210795606 -1.171356269803897 -0.6094546235259402 -0.05012250319583531 0.7912349818708954 64.29690583540673
0.795231700817744 0.04596818299655529 0.6045605578984726 30.09711727303616 -0.06913794565655278 0.9974928521192908 0.015098160196323497 -1.1775745825038924 -0.6023508001861607 -0.05380461061022097 0.7964160830823122 64.88501076308789
0.8013865180565578 0.04814591710034685 0.5962060208885449 30.503922604316593 -0.07167925307371162 0.9973024064021989 0.01581122585942851 -1.1846126477178507 -0.593836453374142 -0.05540650549303386 0.8026757662923858 65.44817216944017
0.8083677645835013 0.05085406408955865 0.5864771277277974 30.906824868065396 -0.07457939754164512 0.997081229636379 0.016338144604928093 -1.1929910204534968 -0.5839344746155998 -0.05694634028962133 0.8098009901716717 66.01875905815145
0.8155185731508938 0.05310637898798194 0.5762891369414439 31.28903251394492 -0.07730565914333778 0.9968532373378198 0.01753448811691205 -1.1993255938173457 -0.573544498631399 -0.058850112318439014 0.8170577533869697 66.57746928504372
0.8219034605018786 0.05563787297612259 0.5669031034539578 31.676656225296288 -0.08043077828957701 0.9965828597949096 0.018801421933789537 -1.2034015416042059 -0.5639198449414314 -0.06104941157531599 0.8235698985681407 67.15834520588665
0.828111433002584 0.05540679234995357 0.5578185564248422 32.0759711264969 -0.08336880346464003 0.9962097638494734 0.024814290637666932 -1.2051812622858327 -0.5543294121181731 -0.06705366337841287 0.8295918930945825 67.77336550892974
0.8338008585424888 0.05646201752545798 0.5491704369963504 32.46229104181032 -0.08638018012408946 0.9958469241948218 0.028764006213364675 -1.2088814881442915 -0.5452656167186198 -0.07142089434239463 0.8352152196145576 68.3842755451413
0.8381378778766102 0.05687292895099988 0.5424853616652028 32.852678121546035 -0.08727796839110535 0.9957183493226415 0.030455296020809212 -1.2069166151764836 -0.5384305469621983 -0.07287275742503795 0.8395130179593747 68.99980934239376
0.841774891474587 0.05536185725779994 0.5369823990075588 33.23646917274233 -0.08752308942186078 0.9955627859799759 0.03456078688110817 -1.20259900095064 -0.5326863438281467 -0.07609076115242508 0.8428851969077662 69.61237382013424
0.845633853414201 0.05993232840659365 0.5303880673352415 33.59753583816434 -0.08985891359487243 0.9954787023087625 0.030781957332362015 -1.200460348186051 -0.5261451906150972 -0.07369036070902567 0.8471959449449545 70.20732914845092
0.8490219310509849 0.062037714834941186 0.5247028516527369 33.96140052664335 -0.08999120412467052 0.9955515029155811 0.027906777361767093 -1.1947304410538118 -0.5206374398510414 -0.07091210743297559 0.850827908125236 70.80224396140756
0.8516096386838033 0.06412783124727854 0.5202390263718796 34.279835542884214 -0.0933705609274967 0.9951741348892889 0.030172497401439295 -1.1916560279296224 -0.5157935261836122 -0.07427019931894488 0.853487537015156 71.3381162510046
0.8538698917839633 0.06753457509339666 0.5160865131659574 34.58181377052484 -0.09560096566708573 0.9950268566572708 0.027964439816874555 -1.187513228323672 -0.5116313743979757 -0.07321636222665852 0.8560798450109259 71.8530486718734
0.8554488179272423 0.06965174164999266 0.5131821847960094 34.89556862239852 -0.09798822793091841 0.994784423911937 0.02832414392622814 -1.1833844961329312 -0.5085328181089598 -0.074515668334371 0.8578122102644841 72.39286049161761
0.8565540688371432 0.06770845663363508 0.5115962197464173 35.2072658421023 -0.09790508974248269 0.9946721702663902 0.03227796616990021 -1.179674242458054 -0.5066850309226126 -0.07773569706280356 0.8586194971237894 72.92354174953068
0.8577795979307131 0.06759949700439417 0.5095532056405648 35.52618702690975 -0.09809306749425784 0.994624022133512 0.033178377062801766 -1.1772664072628498 -0.5045710172843748 -0.07844337192973906 0.8597992358201428 73.4716250707709
0.8589598493437943 0.06668227115921847 0.507682432164373 35.846525945857756 -0.09711491573314457 0.9947038164920927 0.033660222789054756 -1.1756322847786236 -0.5027491127365896 -0.078216316514606 0.8608864835002676 74.02264039719066
0.8596649885297872 0.06621079449331034 0.50654934427817 36.153420284041474 -0.09699958882796642 0.9946826993115065 0.03460357579181239 -1.1740825123389704 -0.5015647388555976 -0.0788825607022165 0.8615163111362286 74.55314312499105
0.8600659437839533 0.06714034821152046 0.5057457325426009 36.44643613069771 -0.0973900661045183 0.9946799076443761 0.03357165996390803 -1.1721929051860556 -0.5008011055969953 -0.07812845173565444 0.8620291164816966 75.0633197088013
0.8611860301029977 0.06801934140911071 0.5037181659913689 36.741740106226175 -0.09773080912775213 0.9946731848743418 0.03277108846479481 -1.1704060504083347 -0.4988058845910615 -0.0774507875118346 0.8632462366040892 75.57591194394517
0.8629355978098747 0.06818327871423169 0.5006927146826583 37.03051388255288 -0.09798480530021873 0.9946262991028749 0.03342907511726197 -1.168519643869538 -0.4957228378467042 -0.0779074170839639 0.8649793653033078 76.08013722247469
0.8651303689504236 0.06848480869536466 0.49684934909654616 37.30590632462056 -0.09825845264467592 0.994579958346772 0.033999749099160585 -1.1655827216259478 -0.4918279386163167 -0.07823386372211964 0.8671705376473137 76.57061073767218
0.8676215498195028 0.06981787318867247 0.49229900555679873 37.57662091830428 -0.09928045319754686 0.9944807301209728 0.033933302682543 -1.1617217220502623 -0.48721272346039085 -0.07831693304430284 0.86976446242465 77.06399503704432
0.8705997538352932 0.0726220200351673 0.48660262106562585 37.83327181506295 -0.10130934418842594 0.9943120627602164 0.03286241971664403 -1.1591314330736067 -0.4814483205932236 -0.07790740693627003 0.8730051262979093 77.54910715171863
0.874167387684739 0.07906111682351548 0.47914582134779804 38.0856748716124 -0.10562368422445137 0.993992216776102 0.028689899257094142 -1.1567957902264223 -0.4739989616436834 -0.07568892121801749 0.8772663059559282 78.04966157857501
0.877995912061293 0.08540897421115923 0.47098671481035875 38.35392138014537 -0.11002020661909723 0.9936170889688295 0.024912539906618857 -1.1523974325547641 -0.4658526940344415 -0.07369116387536062 0.881788455258712 78.58569997198379
0.8810632810670511 0.08741139580980062 0.4648513123977852 38.64873677450594 -0.11324684980176616 0.9931754773962042 0.02788587651117957 -1.1474598105926268 -0.45924138071969983 -0.0772121686096363 0.8849495100022704 79.17094614171947
0.8837257563392596 0.08841288910090614 0.45957801146642463 38.959580631948576 -0.11710198804476148 0.9925296432241922 0.03423494876907271 -1.1418064900984684 -0.4531179890255584 -0.08407180479856102 0.8874773347299324 79.80018128568705
0.8871975807879925 0.09047332144139734 0.4524323493642933 39.277734933738785 -0.11973047271482802 0.9921394233574335 0.03638651568180226 -1.1340040039482542 -0.4455839612771262 -0.08645196774706629 0.8910561097513684 80.4590750774053
0.8908942968339628 0.09457358658138365 0.444255769337722 39.589838126527745 -0.1226333351135865 0.9918424333019112 0.03478006067650603 -1.1242838804053636 -0.43734244818864293 -0.08546592433757534 0.8952246415227221 81.12197887328493
0.8944046096083986 0.096498997544604 0.43672455596649634 39.8981601172688 -0.1244126562982149 0.9915883759561582 0.03569290715883951 -1.1144995468020429 -0.42960666343071136 -0.08625796277164077 0.8988869109039334 81.78194538359821
0.8974734982131455 0.09805117046772721 0.43003172903283166 40.19071847424122 -0.1266212052068568 0.991213326818659 0.03825194281403146 -1.1044487005590105 -0.4225025330066323 -0.0887812407380835 0.9020030492719989 82.42068016401903
0.9011289535636607 0.09828635921180921 0.42226342565056213 40.485626019928475 -0.1270788225336802 0.9910650063448352 0.04051081413849686 -1.0919146446321877 -0.4145088441911865 -0.09016620648334714 0.9055674868808438 83.07272463434958
0.9052853719438445 0.10056410128316379 0.41272903566093283 40.79826861092987 -0.12907092655621663 0.9907581446196302 0.04170125642934602 -1.0769574310013161 -0.4047210042268785 -0.09102285648657639 0.909898757189287 83.79114925982967
0.9088040584094986 0.1019412711342444 0.40457775600984036 41.124122432695906 -0.1305413612364773 0.9904808804262131 0.04366438499097223 -1.0591741448645082 -0.39627532906421303 -0.09249650128327419 0.9134605962083974 84.55631048231665
0.9108640962922855 0.10272595680322025 0.3997173700059827 41.45151959514076 -0.1315059323826285 0.990285660723701 0.045171892955654595 -1.04026021293002 -0.3911940539346318 -0.09371066088703293 0.9155247261556084 85.33309072184429
0.9125179856203338 0.10151976376615787 0.3962381398657513 41.79014071208378 -0.13054196120382822 0.9903328712785086 0.04689989797773211 -1.017231379332777 -0.387646388199948 -0.09452270431027111 0.9169491458556501 86.13634556070397
0.9139317135277863 0.10070459737005015 0.39317605099586045 42.14241942561892 -0.130544740350839 0.990189346258126 0.049831007652220274 -0.9909134692162926 -0.3843005253377815 -0.09686920369983261 0.918111901458457 86.98322727595834
0.9152645467489974 0.10210023222071164 0.3897003362133887 42.51486029286519 -0.13193224780464718 0.9899719661846392 0.05049146618717907 -0.9629731887848464 -0.38063721764110775 -0.09762709024135975 0.9195565560624529 87.88779926582207
0.9164472334563122 0.10580868348223343 0.38591319074375646 42.89932612060195 -0.13543650091701598 0.9895070065713908 0.050327310334240545 -0.9322156135078208 -0.37653873971960045 -0.09838905653516722 0.9211613165154583 88.83426087325954
0.9174058631957881 0.10673529909370766 0.3833719578964614 43.26529825419 -0.13782148717036363 0.9889582805622877 0.05446794453098618 -0.9001542615321116 -0.37332521994654766 -0.1028061050456539 0.9219865426985371 89.74425450946384
0.9186550378870926 0.1068983878256854 0.38032309428291644 43.633403270212995 -0.1395851804172421 0.9884303414851804 0.05934170067813975 -0.8655944512077656 -0.36957935382343565 -0.10760202001708555 0.9229479435567816 90.66742320333348
0.9204681288094573 0.1085370439198419 0.375443915842509 43.99177700295675 -0.13986589269079 0.9885206750030014 0.057134990622358446 -0.8322029346352205 -0.36493281012786816 -0.10510273635234642 0.9250824065473432 91.57013739961006
0.9220460234796823 0.11325287615699701 0.3701417520727316 44.32851276149074 -0.14220457146245974 0.9884813248969258 0.05179314805256124 -0.7979491648445678 -0.36001248650634515 -0.10039151543922521 0.9275303516259358 92.4299633517765
0.9238378138536907 0.114756607470648 0.3651775112679581 44.666616239925666 -0.14411393211770623 0.988082227309565 0.054080372082119396 -0.7664703578660375 -0.3546193286661131 -0.10258865978652261 0.929365750724438 93.31362135091929
0.9261621049651868 0.11780044634090654 0.35825523048287217 44.99003504423893 -0.14563462931716797 0.9879905027866822 0.05162674836717947 -0.7380733343800998 -0.34787111128994785 -0.09998910563256447 0.9321951880827826 94.17615377993386
0.9277215455442867 0.12079224627212559 0.3531882885564761 45.30995788029266 -0.14813738103937515 0.9876334260864941 0.05133743288718842 -0.706185631043849 -0.3426193956443695 -0.09994723066291385 0.9341426554927782 95.03987126876174
0.9283673411028297 0.12117993899329019 0.35135381363981666 45.65171715323309 -0.1496057317695006 0.9872254863642358 0.054808430871611816 -0.6739140727922663 -0.3402237572471568 -0.10344690163788586 0.9346371132937892 95.96817043157591
0.9284605084420544 0.12259916989913482 0.35061450027567764 46.00931387676093 -0.15192517277230508 0.9867306769975004 0.057282745658336603 -0.6378172401272909 -0.338939266154904 -0.10645193568975364 0.9347663661291402 96.94495413167913
0.928442399288213 0.12535863267288858 0.3496854649800705 46.358742519832624 -0.15493481652411895 0.9862318110505509 0.05781018509385433 -0.5992825359892525 -0.33762392366741645 -0.10785188030967208 0.935081845659023 97.90406520758673
0.9279840616500454 0.1292121323834307 0.34949936504721923 46.70202549013002 -0.1587109434655209 0.9856786748397519 0.05699461720577079 -0.5593490416225676 -0.33712967497354246 -0.10835947033404524 0.935201479597395 98.84478505345872
0.9272287743905164 0.13244902050732663 0.350291388573725 47.046767307626354 -0.1625282732473774 0.9850111288645372 0.05777228062170691 -0.5193381671346978 -0.3373890341097113 -0.11050037547292374 0.9348573723744478 99.78898448683546
0.9262637311063124 0.13330593812654837 0.3525124498471103 47.387413620673044 -0.16468955250020503 0.9844916636177157 0.06044431788433068 -0.48104012854656847 -0.3389879816959479 -0.11404249702378753 0.9338530168812891 100.71613712235792
0.9252941395371123 0.1347766528377805 0.3544940185505494 47.726262032797464 -0.16630148297736705 0.9842558412404088 0.05986865409929611 -0.44393093060052413 -0.3408439116337578 -0.11434899577161564 0.933139718942571 101.6292397994317
0.9241949740471398 0.1401634612125409 0.35527152163792297 48.07000886199993 -0.16942909354229485 0.9841441385767777 0.05247948900671376 -0.404030645554795 -0.34228267880136803 -0.10869461185307185 0.9332888347916029 102.54682262341059
0.9227242837097444 0.1418066730681867 0.3584281848929702 48.42730985475124 -0.17284354015354914 0.9833611599220611 0.05591010448858392 -0.3646520826824373 -0.3445359297366891 -0.1135416074840772 0.9318815893075713 103.50492038572305
0.921391890977604 0.14254202799175827 0.36155048540516344 48.78831275752766 -0.1745711369972933 0.9829732283164835 0.05734588512299956 -0.32791531093379006 -0.34722024907569016 -0.11595431285236753 0.9305872855153078 104.45689734031129
0.919672725679072 0.14454665383902224 0.36511414996678204 49.14099999186598 -0.17681462754908517 0.9826295188634887 0.056354379978709096 -0.2923062095355977 -0.35062610445701525 -0.11638510867825075 0.9292555307079147 105.37075497118919
0.9182227024570757 0.14607817458348207 0.3681415972187601 49.497231570928385 -0.17780684781707495 0.9826050650914333 0.05359114596660165 -0.25583160733868643 -0.3539093013213655 -0.1146667038290354 0.9282239780738297 106.28053363676405
0.9172133210181057 0.14744571631111636 0.37010739588454156 49.85416008233906 -0.17956280468665756 0.9822813076898955 0.053671516990746064 -0.22142732525087266 -0.35563594154696415 -0.11568575238346508 0.9274372667601158 107.19450850780916
0.9161061088296933 0.14868688097804336 0.3723463559509303 50.20123457662719 -0.18115329667500035 0.9819948788001297 0.053568097913736984 -0.1913651880754488 -0.3576773412849834 -0.11652583162259557 0.9265466259697708 108.07848393710604
0.9142557447129281 0.15332993769207814 0.37500181795126053 50.547169722546734 -0.18444803957699282 0.9816543351062975 0.048308250467337006 -0.16043528923216932 -0.36071505923042707 -0.11333444566571202 0.9257645216090502 108.95269744078954
0.9121769850654113 0.15453408674880903 0.3795423085107717 50.90555267237993 -0.1867216657385206 0.9811768624567996 0.049264430609324936 -0.12805125276566426 -0.36478509764079714 -0.11580665184755276 0.9238618143029034 109.8467494705262
0.9100790755952122 0.15261189653611548 0.3853124513942054 51.27280239129228 -0.18798549947848303 0.9805956658401389 0.05562006941166255 -0.09823587582728995 -0.3693474355530124 -0.12305181498532564 0.9211084206971668 110.7464407643667
0.9076364372801338 0.15477058274862882 0.3901822195296366 51.61981461495215 -0.19077675243363992 0.9800904709702557 0.05501726496449935 -0.0723414055386718 -0.3738988211432297 -0.12437337106048876 0.9190924524326981 111.5865447731581
0.9053552795790053 0.159017474945559 0.3937578702710048 51.94889835755021 -0.19305866173762923 0.9800064276126271 0.04812229177844962 -0.04564381329898316 -0.3782329584614409 -0.11958613841023974 0.9179536941663403 112.37043717376201
0.9029575127554963 0.15979114832115784 0.39891668187305884 52.30107540701518 -0.1942477341759919 0.9798159763053449 0.047206676903748745 -0.0168811547671023 -0.38332172900306366 -0.12011428514130779 0.9157712654255388 113.19239864865891
0.9000177281131514 0.159406713127493 0.4056569842760364 52.67511192749807 -0.19569509144442895 0.9794243867082454 0.04930823365049584 0.005457163312871986 -0.3894502795821251 -0.12376336506036177 0.9126944226861137 114.04848760942674
0.897497129280445 0.15985774665478694 0.41102847075088605 53.04059923418348 -0.19670704888697157 0.9792538253180726 0.048665003011387126 0.029790933476419708 -0.3947217245750937 -0.1245288979890757 0.9103226426460502 114.86803400566953
0.8952488879072428 0.15823430945016537 0.4165229069495128 53.40558109240318 -0.19713366698849286 0.979007801051007 0.051788442928322916 0.05621609821487695 -0.39958446671575304 -0.12847423396969287 0.9076489548087334 115.67362379285794
0.8931187004725966 0.1592058969993293 0.4207047292659989 53.7705104666538 -0.19881124478347256 0.9786730465623876 0.05170258097947405 0.0816530312080007 -0.4035010233119419 -0.1298173728471339 0.9057231220926638 116.47359854264552
0.8915628093691093 0.1633155552321384 0.42242607207543187 54.13231753296842 -0.20129798871408858 0.9784217119838744 0.04658404510350451 0.10754071052073404 -0.4057029414356296 -0.1265661208134346 0.9051995030780318 117.2671407382344
0.8901206980022907 0.1637735571571397 0.4252803369120306 54.50079631958126 -0.20301221665048874 0.9779846563447925 0.04829132266579234 0.13414069148974878 -0.40800880245230964 -0.1293222097331067 0.9037724178083645 118.06822080242424
0.888634099115356 0.1604164388293747 0.42964637091768754 54.877560001382534 -0.2026750015073391 0.9777488135351536 0.05413041099601797 0.15620681158383187 -0.41140282164010183 -0.13518070788355532 0.901373338058466 118.87586778287776
0.8877042313438801 0.1609577104831758 0.43136273957098237 55.241797344772465 -0.20292140235136183 0.9777731961843317 0.05274923024302259 0.17672652133858613 -0.41328452925548204 -0.13435844692273258 0.9006351678779727 119.65526611994656
0.8867618000246714 0.16659556587757304 0.4311605587793642 55.62271070885244 -0.2059937224914277 0.9774724655773733 0.04598005363430491 0.20191520092153503 -0.4137875013954949 -0.12958972362043225 0.9011028838156336 120.47185332566592
0.8862085667948504 0.1664204045342453 0.4323639960658991 56.032463852948645 -0.20619775035542762 0.9774083005722727 0.046427381153585974 0.22996752531176254 -0.4148696950703619 -0.13029682623562888 0.9005031222517472 121.33750551874536
0.8853066094409958 0.16414285906053355 0.4350739352104641 56.43315509036439 -0.2083250440433899 0.9764834235371972 0.05550495096288504 0.2542193669223146 -0.4157317444030521 -0.13977569665899128 0.8986822972102471 122.1927369426852
0.8845791668888199 0.1659662350991839 0.4358611089708292 56.814997354934995 -0.20920931263574394 0.9764453994083631 0.052781109127412115 0.2797396604663472 -0.41683469266935763 -0.13787527255183424 0.8984649398869148 122.99665723169473
0.8838222049907964 0.16646545160759008 0.4372042581977956 57.211825451541486 -0.20970959189548222 0.9763702959488605 0.05218172338820286 0.3083463474985983 -0.41818679681720416 -0.1378052923868079 0.8978471497743648 123.82865630092603
0.8825706494686993 0.16715278708624803 0.4394644405019536 57.632941284652354 -0.21136739693252496 0.9759535830909115 0.053276891481932896 0.3356775580036673 -0.41999151445042765 -0.13990907555018922 0.8966786371762882 124.71392859042143
0.8812255299345241 0.1676069831352631 0.4419835569293389 58.04373472308416 -0.2116098465627928 0.9759805377192894 0.0518002203743944 0.3607542943329317 -0.4226852708922864 -0.13917574931524548 0.8955262545415695 125.5627660018717
0.8793928454323463 0.16913723497237895 0.44504024441425216 58.42601635758038 -0.21288411249835193 0.9758074753376572 0.04980086064451749 0.3816931230805243 -0.42585041745686697 -0.13853651800533953 0.8941247424888576 126.3449063146486
0.8771986183737956 0.1716754371151804 0.4483861374021426 58.78237203634001 -0.21472307094619844 0.9755648147414477 0.04655421615618393 0.39612601750401205 -0.42943752365918725 -0.1371161424843716 0.8926267846886895 127.0669923730981
0.8750124947503447 0.1741264659605861 0.45170024118086544 59.13491662415584 -0.21673062972335255 0.9752442242717114 0.04389233605522692 0.40697470477093156 -0.4328752339537271 -0.13630362018942369 0.8910894202899958 127.77580106828826
0.8724387509986976 0.1763315373568404 0.4558045794956463 59.492190793973954 -0.21972186820878106 0.9745907507909602 0.04353353998417108 0.41563374545791 -0.43654659131262574 -0.13813058099524322 0.8890146321671208 128.49033872055563
0.8697978701031992 0.17827818216019764 0.46007451019328494 59.840910994099914 -0.2215659435149724 0.9742680392266935 0.04135602030771074 0.4221488770965882 -0.44086301482235457 -0.1379082213177553 0.8869166390674574 129.1774223084928
0.8668408883666228 0.1814731131315264 0.4643860285001196 60.19486320385787 -0.22394995335740503 0.9738804721758914 0.03745990263837622 0.42948777430780516 -0.4454585195581938 -0.13647100470360943 0.8848403088852852 129.87140811988073
0.8638280505393053 0.1835339695651422 0.4691656222669371 60.581566999537614 -0.22540748515883702 0.9736665955124435 0.03412955343356039 0.43665367939154204 -0.4505469617429791 -0.1352355086464605 0.8824504475976546 130.61747561611972
0.8602832060211147 0.18477042852578995 0.4751554421243912 60.98908597807615 -0.2262335949832923 0.9735792279749109 0.031013664032325455 0.44222884845591415 -0.456871060518135 -0.1341766581718672 0.879355137849812 131.38861915916144
0.8568747702481703 0.18453514270846275 0.48136515164447646 61.433851046845184 -0.2270466089009372 0.9733901511961042 0.031007272389039178 0.4503888656145462 -0.46283416630444146 -0.13586167472834398 0.8759715405430015 132.21250800051027
0.8537267976368743 0.18297826565378944 0.48751359908726216 61.91268580001403 -0.22750128180357754 0.9732143524668134 0.03312085340579149 0.46103540554986877 -0.4683948353413108 -0.1391861288021541 0.8724869625241706 133.08433693085817
0.8511326438066615 0.18083393295588732 0.4928207699949196 62.39751983421301 -0.22790976490185227 0.9729946073322339 0.03658733612566055 0.4775410213887511 -0.4728957196983942 -0.14345934195476823 0.8693612916945632 133.95253573890932
0.8495074083661508 0.1788684823165161 0.4963297584920827 62.879048164533565 -0.22719150615511022 0.9731018805498418 0.03816738923913258 0.4956782748006643 -0.4761524783743077 -0.14518538529805586 0.8672946565232926 134.80646589674916
0.8491765077935657 0.1826447611380408 0.4955200801585634 63.32313465484709 -0.22530404515914382 0.9739107132551539 0.0271295013179631 0.5119831022146804 -0.4776372534114645 -0.13468041370467623 0.8681727018962795 135.5855966886062
0.8486358558306231 0.1825301328493885 0.4964875978316149 63.7398333812572 -0.22286690149581886 0.9745859002526096 0.022642156400422796 0.522571170838713 -0.47973693668121464 -0.1298655983345577 0.8677484646790958 136.30966295161738
0.847971936577027 0.17935353527037354 0.49877440207354506 64.12600752036438 -0.22241954782172038 0.9745575146479902 0.02769829218402403 0.5225783568455091 -0.48111655503067546 -0.1344245514374099 0.8662891552168148 136.99475888764067
0.8489601993769063 0.18001020694372286 0.49685300167151925 64.49108075096925 -0.22021812322684095 0.9751801032379183 0.022972689248950854 0.5221505105955904 -0.48038584291834474 -0.12891893439273733 0.8675306048080776 137.63999057387713
0.8487871018486384 0.1794383218800329 0.497355350203719 64.89015221327685 -0.22063873821664026 0.9750412229512272 0.02476208278683377 0.5248753060547677 -0.4804987023224466 -0.13075359339861634 0.8671934587390466 138.35230012518338
0.8479373088034116 0.17819046688308757 0.4992499152240411 65.30176371928542 -0.22080909616468336 0.9749417409116092 0.027054479835583 0.5242045354708303 -0.48191873110531885 -0.13317942536377556 0.8660355519663211 139.0818665969546
0.8478879420841932 0.17711553771022615 0.4997160433384607 65.70645343344276 -0.21856328816398515 0.9755000104660209 0.025096187912464443 0.5264805290642907 -0.48302808069011444 -0.13049833670360797 0.8658256506840235 139.790920323442
0.8484670876907292 0.17620798098934062 0.4990534525892689 66.11703961898672 -0.2175566619839 0.9757179530298508 0.025368779270170384 0.5312315107609711 -0.4824652318375207 -0.13009697756249208 0.8661997901737615 140.51679864375984
0.849215728766481 0.1758872347973724 0.49789188249151606 66.5567145678513 -0.21748963843538233 0.9757089794631796 0.026272505936144868 0.5377637125107719 -0.48117658212849285 -0.1305973507780765 0.8668410631603042 141.29960411207315
0.850171041979985 0.17590984934052867 0.4962508682951154 67.01158495370468 -0.2185434301559145 0.9754066688712483 0.028646107190671292 0.5444523934679649 -0.4790072739681 -0.13280645777402866 0.8677064459015856 142.1172953766786
0.8510571115470901 0.17761499965914762 0.4941201319327132 67.45077200650267 -0.2204913573399026 0.9749482922097118 0.02931533482277277 0.5493968152658385 -0.4765347355896822 -0.13389824275712034 0.8688992498345384 142.91569386033586
0.8514477952200709 0.1783873573085099 0.49316792552574146 67.89259234956374 -0.22112961350018367 0.9748080142253184 0.029172408802639868 0.5559358571557826 -0.47554005724874193 -0.13389281591846072 0.8694448618499536 143.71025052475605
0.8507801346711875 0.17734658692044722 0.4946931883061876 68.35187481359752 -0.22201708729358913 0.9745019516106704 0.032470898611878685 0.5636468593195069 -0.47632087440982873 -0.13745593626562724 0.8684608742981992 144.53342836151396
0.8506351419366206 0.17728371859406797 0.49496498706870334 68.79995383404942 -0.22236644665970032 0.9743994625570619 0.03314891805844321 0.5701116442459633 -0.4764168539235373 -0.13826124001312115 0.8682803756895752 145.34114005803067
0.8511077012460906 0.17977041464456914 0.4932527535636391 69.22593355259833 -0.2229431902931369 0.9743829815925182 0.029565843211215435 0.5763095498961265 -0.4753020248026623 -0.1351310593512519 0.8693834493577012 146.11354689683665
0.8509052259795913 0.1808882788377542 0.4931933971372008 69.67214899397196 -0.22515826106590697 0.973819393121495 0.031297716438384526 0.5840445286364593 -0.4746199046335865 -0.13767795814724795 0.8693565010776687 146.9228081781292
0.8505229686411158 0.17960875599933654 0.49431910197995726 70.12939564447632 -0.22624156619478955 0.9734211317869982 0.03558165139851706 0.5915674906877544 -0.47478988356917345 -0.14209853960856728 0.8685519970050612 147.74751085726882
0.8500081950628988 0.18124903083393906 0.49460575931510103 70.58864607071914 -0.2277542091524518 0.9730960182526474 0.03481608068381886 0.5992850730809524 -0.47498851411297416 -0.1422424974562757 0.8684198197750597 148.5741041416477
0.8494510801470686 0.18200830384971167 0.4952835952933696 71.07356128411534 -0.22848207195919976 0.9729428188147422 0.034325123598498965 0.6081947171753718 -0.47563515979183707 -0.14232093537695728 0.8680529627408792 149.44285208848606
0.848804863114959 0.18253149933133087 0.49619810167336276 71.56395138601118 -0.22944823790991545 0.9727028543784692 0.03467943488597762 0.6173521609686313 -0.4763232205891576 -0.1432878530644944 0.8675164440468762 150.32174722263164
0.8482991569905471 0.18487712441775675 0.4961945073417734 72.03410197944497 -0.23174741419606584 0.972182609786066 0.03397218337093154 0.6276486595230717 -0.4761109915372265 -0.14381036852943616 0.8675464838502104 151.1697626130146
0.847659277247275 0.18679709146710696 0.4965688233428005 72.4854611889658 -0.234333964748907 0.9715421849742598 0.03454527146363959 0.6356366403804001 -0.4759846033872126 -0.1456455609857976 0.8673096493775719 151.98623098696854
0.8466740475267107 0.19121239580051205 0.49656910590265513 72.91711552244894 -0.2369306697086778 0.9710615823577132 0.030054301195152167 0.6431103319461027 -0.4764524267921524 -0.14309864765664165 0.8674767213261145 152.76673880529165
0.8466216408080223 0.19215185019363043 0.4962957422572687 73.35688956974462 -0.23791299648607447 0.9708238136460012 0.029975472654299787 0.652688336390192 -0.47605588266352267 -0.14345309102628648 0.8676358725043902 153.55436220321735
0.8462210809924704 0.19124344789767223 0.4973286898220751 73.82790669402635 -0.23894885380172334 0.9704576260240522 0.03339822388392454 0.6610587701167493 -0.47624922818916365 -0.1470984015139807 0.8669191040236994 154.39674072944734
0.8445095294460867 0.19209781170261458 0.49990207582466856 74.31161690420694 -0.24009255673507393 0.9701963178365708 0.03278214539611794 0.6697789532799436 -0.478705774850441 -0.1477076016846241 0.865461290601383 155.25069434815757
0.8416335491839408 0.1950770255146676 0.503585070275509 74.78325664152618 -0.24216415629435653 0.9698003842513497 0.029047136040820196 0.68212342491696 -0.482710565757869 -0.146397297865367 0.8634572026935864 156.0705853333806
0.8391234157972742 0.19195290589277555 0.5089459450472424 75.26315484658892 -0.24142078707462 0.9698847514880902 0.032242400641912604 0.6931488694984106 -0.48742988893684225 -0.14992548399188738 0.8601944272202721 156.891664700109
0.8366992734436836 0.19609050778921902 0.5113539269173308 75.73968438894683 -0.24241223386039834 0.9698580813169246 0.024730769884136333 0.7007735562277408 -0.49109126920931934 -0.1446506649110767 0.8590142900133614 157.70243702913052
0.8345606312738292 0.20305121795753 0.5121315803714783 76.21572421419881 -0.2450483595382093 0.9693951478809305 0.014978276020231112 0.7093096335364704 -0.49341651189989244 -0.13799728312857895 0.8587763944320256 158.51069566497762
0.832284785010473 0.20159310792723625 0.5163935083599569 76.69902794481348 -0.2467364108697324 0.9688878128367645 0.019430637856490685 0.707528448827456 -0.49641029420348404 -0.1435849051001705 0.856130944912156 159.33061527279352
0.8294673591582563 0.20191575828091904 0.5207820337231941 77.1597586025095 -0.24861556213774813 0.9683848620802742 0.020519774772071613 0.7030686935504583 -0.5001741720180641 -0.14649500145604394 0.8534430339480389 160.10331270173037
0.8261728042569176 0.20259837501389533 0.5257303452797701 77.60984383181308 -0.25141139432708326 0.9676257467271164 0.022197411409868105 0.7018654558613038 -0.5042130584472888 -0.15051349677858106 0.8503616165953817 160.8509670860203
0.8235461843131728 0.20262421900687222 0.5298255450382373 78.05152429911597 -0.2520759772017317 0.9674612301332295 0.021828190646210038 0.6985002107836906 -0.508162753476681 -0.1515328151291004 0.8478257025580457 161.5720758552493
0.8213533346203632 0.20380225778775973 0.5327694993415236 78.46075705602863 -0.2517914930070538 0.9676134653505245 0.018034015682172264 0.6963876471364941 -0.5118395683779098 -0.14895912658497076 0.8460682211558083 162.22916139836838
0.8183358007349821 0.20394745403501904 0.5373378390063982 78.83616761070623 -0.2536390258833026 0.9671081597580649 0.019210723003969025 0.6925574432541067 -0.5157458306030225 -0.15201066844797254 0.8431482638857741 162.83344586870658
0.8160153178565097 0.20434588645083607 0.5407048730260879 79.20961267534962 -0.2538591562139944 0.9670804616833291 0.017632624214067347 0.6861990648044577 -0.5193019640150177 -0.1516513742798841 0.8410275446435532 163.42745999335745
0.8144837040587147 0.2061380338271247 0.5423314547697557 79.59960911150696 -0.2542877905506001 0.9670223825078934 0.014332874995901228 0.6817445270094402 -0.521492104829677 -0.14958216049596593 0.840042357183058 164.04466320288302
0.8134991520650275 0.20544343715720678 0.5440699621542348 80.00777492098852 -0.25438307943544286 0.9669837874351939 0.01521853259764358 0.6767092208577944 -0.5229802849882765 -0.150782455764976 0.8389018253330125 164.6846405691396
0.8129929488124474 0.20525128339333512 0.544898500499521 80.42768059758731 -0.2551025429789978 0.9667740205162264 0.016452532344172044 0.6704874767153748 -0.5234168107224743 -0.152380785928791 0.8383405861180965 165.34574086879059
0.8132831324587108 0.206797028846279 0.5438800743900207 80.86356123878573 -0.25565582657451275 0.9666554223278352 0.014744247105012404 0.6647563246513645 -0.522695556511289 -0.1510373574468979 0.8390334152218301 166.03256184800313
0.8145824463455844 0.20829772200543079 0.5413570883557244 81.30382643210575 -0.25622260502396077 0.9665214009877641 0.013651304237382032 0.6587434033858324 -0.5203896758971828 -0.14982803622818458 0.840681952214764 166.72895519926917
0.816523980699393 0.21002714087487567 0.5377519772522817 81.75767202354464 -0.25786892423704333 0.9660750596540997 0.014233658249171027 0.6509466119149239 -0.5165193189568457 -0.15029164717391666 0.8429829262411566 167.45670458607617
0.8188698570868147 0.21055024075952103 0.5339669964246136 82.22477785142162 -0.2589788522948568 0.9657445402583663 0.01635350192441571 0.6431716581717866 -0.5122324777077832 -0.1516775496810935 0.8453471533660479 168.2089317120915
0.8208419163914717 0.21107272415473155 0.5307229535385415 82.66961458394039 -0.2611838737057472 0.965078939348471 0.020140132623369507 0.6379370067568978 -0.5079385124312122 -0.1551481419286965 0.8473060377722067 168.93838053970887
0.8227127040769121 0.21288415194787233 0.527090262099279 83.09638861836387 -0.26389100594762044 0.9642916099025408 0.022432745073110202 0.6358403705153636 -0.5034931414929151 -0.15755008384954008 0.8495131709094298 169.65015219538972
0.8243546503568152 0.21499181847979798 0.5236582171816255 83.51731986717306 -0.26566778668027113 0.9638014745055188 0.022524317112626244 0.6352684762028789 -0.4998600179605236 -0.15768714509348414 0.8516306280992759 170.35668003763988
0.8259017811881532 0.2160238498226714 0.5207878110497824 83.95314587622804 -0.2681584181446682 0.9630293524078245 0.02579785221897615 0.6357427497231782 -0.49596099706366165 -0.16096012769861506 0.8532962713400661 171.0934894235187
0.8281588354678244 0.21759613901285463 0.5165315706936712 84.3955138322633 -0.2698741773541003 0.9625107755140353 0.027220128890484165 0.6369037178093799 -0.4912442077358474 -0.16194112296160315 0.85583538198646 171.84873731361657
0.8304873434850013 0.21971589558634114 0.5118746892921288 84.8161482437225 -0.27104345302461985 0.9621955716003691 0.02674188783774647 0.6389660994340884 -0.486647941415262 -0.16094908269178676 0.8586437991955428 172.57543874672083
0.8322305765059272 0.2219583601925113 0.5080617618648928 85.22664269474782 -0.27255405283412104 0.9617814702739316 0.026281014466846605 0.6410157466978139 -0.48281109744112455 -0.16034615610722489 0.8609195981096782 173.29640008832868
0.8345845673449096 0.2236414582283927 0.5034412558692264 85.63602854120025 -0.27422468676364714 0.9612701402098627 0.02757786631136311 0.6442478189626373 -0.4777754923801405 -0.16107208231840037 0.8635892328986763 174.0256269240329
0.8374763937921423 0.22487872336620607 0.4980590824571816 86.04150366543621 -0.2753306506705846 0.960908974425596 0.029102846418492232 0.6481017790166685 -0.47204483117837137 -0.1615038781129755 0.8666545878908432 174.7545028729874
0.8400868916895968 0.22635911554540777 0.4929660893213732 86.44328720238335 -0.27614112620811593 0.960665215964274 0.029468987984402 0.6532298555887852 -0.466904800604814 -0.16088472160466893 0.8695493163279252 175.4857220516928
0.8425033193444034 0.22734351863037977 0.4883677727188971 86.84901893112274 -0.2772354866988343 0.960294085141354 0.03123707664599046 0.6594555984265669 -0.4618751365991885 -0.16171021791861157 0.8720786453137076 176.23557776823395
0.8450306739436033 0.22877737906415593 0.4833053599153966 87.26813356937416 -0.27817598450825204 0.9599986268805355 0.03194930406672664 0.6670240995357829 -0.456663203835475 -0.16144208626011558 0.8748686593121828 177.01956043352993
0.847340180883119 0.23064937792486986 0.47834661316228616 87.67005928336137 -0.2792323090711675 0.9596940586582463 0.03188465691902191 0.6745999790321366 -0.451712226347421 -0.16058698029083782 0.8775920956397237 177.78351196584924
0.8490258100859388 0.23287743117103654 0.4742607677840225 88.01088244384292 -0.28091036980945505 0.9592041117541136 0.03188786803024384 0.6791239498516939 -0.4474869137096938 -0.16029839065061707 0.8798067333303324 178.44381552873398
0.8500387157245386 0.23447891917462452 0.4716501014863379 88.30135349727003 -0.28177044598927636 0.9589785667443853 0.031072886764607618 0.6814913396192936 -0.4450164014240123 -0.1593102162059339 0.8812381389136743 179.00787669945078
0.8504240262801008 0.23494092843861694 0.4707246920121559 88.57834919717762 -0.2819694512437122 0.958928623542792 0.03080784827999835 0.6847537088411078 -0.4441533565007233 -0.15892971746883566 0.8817421056150221 179.54300419228915
0.8500310113442741 0.23511221344572336 0.4713486255858597 88.86465129112814 -0.28260375693691736 0.9587216655718164 0.031430630415872636 0.6879869235294709 -0.4445024142995925 -0.15992190297720865 0.8813867418051947 180.0940457728191
0.8495172840770098 0.23515400898263975 0.47225308481132167 89.16523423483083 -0.2815055081816398 0.9591272987139683 0.02880058549821724 0.6895387065898229 -0.4461782524034693 -0.15740843980243133 0.880992366687218 180.66335820892726
0.8490142572394196 0.23581164584221678 0.4728294181725342 89.45115493227091 -0.27911393114290334 0.9599965982504565 0.022404124385998498 0.6909897431955377 -0.44863147955326027 -0.1509946986908258 0.880869114296281 181.1930481193964
0.8485343669911013 0.2360111803419779 0.4735906996432606 89.73133693796439 -0.27801763142851516 0.9603774790216006 0.019526761200726477 0.693835407053477 -0.45021730825223233 -0.14823569253623742 0.8805285655834294 181.71703056302795
0.8488410501215179 0.23054529364302345 0.47572864030626383 90.06047374619422 -0.27347428637126386 0.9616290775676197 0.021939276883561346 0.6976568538964303 -0.45241649651877525 -0.14872250924287608 0.8793184456851652 182.32111362657747
0.8475183241444626 0.23142214903330952 0.477657282134547 90.42609139720558 -0.2737223332762143 0.9616053493083676 0.01977969785801118 0.6976926984305858 -0.4547403374511471 -0.14750912215294862 0.8783235647393723 182.99812469262923
0.8467494321710887 0.23039786774346818 0.4795124833173774 90.7874284326682 -0.2722347906646306 0.9620534533610813 0.01847624495939061 0.6971763290068514 -0.45705975306268215 -0.1461847304450013 0.8773405306464517 183.65656523144682
0.8461981205071174 0.22871378712170787 0.4812886290269736 91.13203109013372 -0.27058377904487124 0.962521774127456 0.018337198486342573 0.6920712589337983 -0.4590568149674008 -0.14574579894795264 0.8763703570528864 184.2825490841957
0.8451609103947593 0.22981127202313176 0.48258658786979125 91.46161452946149 -0.27097193260086205 0.9624503942921582 0.01623115120439162 0.685890818461338 -0.4607355502707078 -0.14448535489099165 0.8756978559633267 184.8856282824856
0.8446982395666484 0.22956558920076126 0.4835126930370167 91.79334807489617 -0.2680361627043364 0.9633474699437898 0.010875092442384073 0.6796262241864137 -0.4632941825187706 -0.13878505830168802 0.8752697915708368 185.47796217684385
0.8441821458991733 0.2280904883518217 0.4851095068832299 92.14217123812575 -0.2663772028653589 0.9638129953203209 0.01037766087784712 0.6694910759600375 -0.4651878011499127 -0.1379827495562232 0.874391828922371 186.11480096710585
0.8432709704908962 0.22787140822559046 0.4867943011587387 92.48928712372063 -0.26414457205826825 0.9644637773171129 0.006104694534388675 0.6529246004089632 -0.4681043851316638 -0.13373198404454315 0.8734953011115814 186.7569157075097
0.8414476360516235 0.22999067747390764 0.488948017746492 92.82730077015856 -0.26260904251005773 0.9649003807786599 -0.001935449597707335 0.6359020008523901 -0.4722312638687551 -0.12677359128890903 0.8723107760291776 187.37604343270644
0.8403368044111084 0.22512715639046915 0.4931042674806865 93.21003820131267 -0.25874581279281644 0.9659454443090641 -5.459621896073138e-05 0.6162753183536878 -0.4763241118338523 -0.12754278526872215 0.8699702169681349 188.05174057377184
0.8395591484853717 0.222610362089156 0.4955653971829036 93.59530317018533 -0.25583393648459224 0.9667203826247638 -0.0008359190305785141 0.5942691729334872 -0.47925925461832464 -0.12608064287733742 0.8685702264954288 188.73100226839344
0.8395895046584873 0.22217793481795348 0.4957080077498665 93.94935071999598 -0.2534796959522942 0.9673314236495729 -0.0042379900920678 0.5739675772749028 -0.4804555207376072 -0.12209374308340683 0.868478906187498 189.35648325200964
0.8402286826625123 0.2199483470940884 0.4956192948643084 94.2876621814322 -0.2511982264139198 0.9679286195035828 -0.00369304649135962 0.5503947025118701 -0.480536379348866 -0.12139568425798528 0.8685320235695478 189.95782182134204
0.8411994490464306 0.21905585397096305 0.4943662809749772 94.61289454827069 -0.24978401857008573 0.9682931922444966 -0.004029630248446614 0.5248081851572888 -0.4795742184385618 -0.12009507356262378 0.8692443513276493 190.54676026133495
0.8425234851999935 0.21786901741557588 0.4926329953797493 94.92767954654254 -0.24826889256918366 0.9686836890460377 -0.0038036244068059702 0.4999204720840996 -0.47803423922238475 -0.11910080531435617 0.870228857430356 191.12223378181918
0.843113377816082 0.21780884890215996 0.49164940505147464 95.23265681818674 -0.24756015748190968 0.9688611785794 -0.004688823868044776 0.4752881270672496 -0.4773612893554372 -0.11775959401105832 0.8707806138421207 191.6870632729732
0.8433081671460302 0.21803071806461252 0.4912167965420449 95.56226041445431 -0.2469638664278981 0.9690053628408661 -0.006120086978315645 0.44730020541880866 -0.47732607712525305 -0.11615167999589189 0.8710158456252929 192.30426496191154
0.8437794597907469 0.21831804195270682 0.49027895711846314 95.91588552793357 -0.24684658699365428 0.9690315765719959 -0.006675784296524089 0.417181420427311 -0.47655323493269486 -0.11539079757210013 0.8715400037352581 192.97054484601856
0.8441383518355436 0.21972049596645987 0.48903307312759664 96.27895919728994 -0.24744786892343362 0.9688666893600121 -0.008178655990973466 0.3881891113941035 -0.47560487289936376 -0.11410627459005121 0.8722268987904209 193.6544808990293
0.8449019299129549 0.2211835414313909 0.487050890389525 96.65350328017236 -0.24812416168698284 0.968681878652216 -0.009477254768290751 0.3594180267359672 -0.47389358427445843 -0.11284174303279382 0.8733221695415863 194.35914192598568
0.8459312162825668 0.22280098517611416 0.4845204828727542 97.02792270691353 -0.2492641749961268 0.9683828019049131 -0.010105445971749392 0.33203345988970456 -0.47145280610278956 -0.1122250862300423 0.8747215452007916 195.06161130992643
0.8470173816327384 0.22205601490633448 0.48296240170010607 97.41463146410754 -0.24922453758857546 0.9684112972559162 -0.008166346237582556 0.3057214870355758 -0.4695196322580962 -0.11344904402871323 0.8756030089790627 195.779492668086
0.847869721494778 0.2213311718844651 0.48179814001780236 97.80660062486449 -0.24921283856332924 0.9684281397968713 -0.006316576982652574 0.2787897434047199 -0.46798493188090234 -0.11471464772128692 0.8762594667851547 196.506787659556
0.8476556176471399 0.22184501564328452 0.48193852606476034 98.19139061756438 -0.248924001798422 0.9684900254200722 -0.007994497512996631 0.24999972815378269 -0.4685261947852033 -0.11318948580171558 0.8761685597555051 197.2197363617643
0.8461579505836554 0.22137029870782426 0.4847802734374347 98.57682069890902 -0.24865229144281237 0.9685574789562214 -0.008273325704070562 0.21804561203660316 -0.4713690280706871 -0.11354118551422386 0.8745968434471483 197.9251083959545
0.8445039664835335 0.22285833064490365 0.4869776330138202 98.93759902348052 -0.24864998929171833 0.9685187399005922 -0.01202635799382062 0.18570417824605795 -0.47432713755255945 -0.11093067620606027 0.8733316389881091 198.5905139597049
0.8439949120819759 0.22454715970692385 0.48708434736428163 99.27466741065724 -0.24925711921203894 0.9683287553769435 -0.014502069929952573 0.1552925769295867 -0.4749141784594881 -0.10916956800175998 0.8732345209166057 199.21611561479025
0.8443619093935699 0.22632955695909548 0.4856211461746095 99.61276136147269 -0.2506956878630474 0.967946104850655 -0.01523188075441494 0.12568159400521628 -0.4735025216956247 -0.10888190736363229 0.8740366652473666 199.84864461067698
0.8448929369413107 0.22676851782667592 0.4844914492840674 99.96882904479467 -0.2511856311220075 0.9678233539431204 -0.014957749835013707 0.09506257869624365 -0.47229408616297786 -0.10905959327349643 0.8746681092222881 200.5128836057405
0.8460530223041892 0.22768682572438428 0.4820300746234597 100.3440612087112 -0.2510266639055573 0.9678385167801808 -0.01655957261479257 0.06605805247909287 -0.47029766899102404 -0.10699212507606301 0.8759981665011135 201.21027653612495
0.847457445447461 0.22608660803786884 0.4803131518307528 100.72585984204379 -0.25085188260576496 0.96793797817808 -0.013015505893850293 0.0372870275323034 -0.46785597265483775 -0.10945737100104423 0.8770004975966267 201.92385136523703
0.8491857714902837 0.2281565965558161 0.4762647298997851 101.10906489961654 -0.2505307203203343 0.9679592798414887 -0.017005609207546263 0.010155130585668259 -0.4648848068868493 -0.10487802447039019 0.8791374843043381 202.64033716508328
0.851454406456628 0.22983093918601635 0.47138427330412935 101.50794985960303 -0.2511933062649459 0.9677672528919982 -0.018123661814295745 -0.015250277408595407 -0.46035564144829777 -0.10297710241965129 0.8817416853954304 203.38892595749627
0.8533743016085789 0.23109693045828794 0.46727562539343387 101.90814702071152 -0.25193959130238075 0.9675678086370949 -0.0184113558326979 -0.04666749680209364 -0.4563756607099649 -0.10201345216179047 0.8839199691655192 204.15227734954962
0.8553154698144452 0.2307413998934945 0.46388991525067963 102.3078851542344 -0.2522778128795053 0.9675208524208949 -0.016102958097101727 -0.07841256765134585 -0.45253878532654607 -0.10325602406607562 0.8857464881495357 204.9250200375282
0.8572974341236967 0.2303919128174724 0.4603918721624322 102.70645851903959 -0.2535234509796951 0.9672553946327332 -0.011952462391507705 -0.11000043326230677 -0.448070272667435 -0.10647332089392288 0.887635320776244 205.7114487393553
0.8601343835123655 0.23200932752591644 0.4542471950829992 103.06458925193687 -0.2558633858869699 0.9666687476619982 -0.009244460830050026 -0.13744418296589084 -0.44125136834037826 -0.10827374674663583 0.8908277194290625 206.4401414298074
0.8646259714009698 0.23343716190138072 0.44489214538172633 103.37242804770528 -0.2572108601557908 0.9663287711918851 -0.0071609625539002224 -0.1633298202864229 -0.43158371493471004 -0.10823953718585702 0.8955555256894693 207.09148681094143
0.8703248854799516 0.23470674526731253 0.43295188813577323 103.64624945984622 -0.25825392153389043 0.966066276727565 -0.004567382412906953 -0.18896862694065505 -0.41933221403402055 -0.10783641637110927 0.9014054590347 207.70199863864423
0.8762800619723227 0.23639219923809804 0.4198237500775231 103.89691879313729 -0.2600187336746876 0.9656030737250961 -0.000980892887662453 -0.2154054797830689 -0.40561497892458476 -0.108302502981327 0.9076051215809567 208.2995619349645
0.8825785332999467 0.23715994152765998 0.40596834198334814 104.14833157458956 -0.26091052915152785 0.9653574281622556 0.0032759227439221016 -0.2390586321579884 -0.39112763688594265 -0.10881267401617849 0.9138812688951788 208.91892747117248
0.887899632080264 0.2375876662983806 0.3939369799531622 104.37056411912923 -0.2614512448618276 0.9651900396565272 0.007171743723180909 -0.26138703173871947 -0.3785201314486849 -0.10936310241904935 0.9191094722160934 209.48723018483642
0.8914465810911713 0.2386983239981287 0.3851572447473152 104.56861307431049 -0.26266812497855824 0.9648344550113153 0.009996526560057999 -0.2826016565378941 -0.36922682619374725 -0.11007990072443571 0.9227968174389127 210.01529914919115
0.8944841498997644 0.2391467910994776 0.3777656917785357 104.79107123461138 -0.2632791541514413 0.9646356811402207 0.012731443769006706 -0.2967425297626991 -0.3613615814767733 -0.11084590645560356 0.9258136920863917 210.61201694984564
0.8973044265377841 0.2392721902569771 0.37093609299355657 105.0291596014728 -0.26323420277127746 0.9646223632982215 0.014541345065815708 -0.30353572413682595 -0.3543339111728735 -0.11069108001362105 0.9285445407724648 211.2525287754775
0.8999251702776564 0.23941861459859495 0.36443574863673506 105.27747262482154 -0.2636067072789907 0.9644746848816451 0.01732299338968211 -0.3074571852305526 -0.34734160674796344 -0.11165710548881201 0.9310673976762363 211.93013358566878
0.9025544796055827 0.2391612481747999 0.3580465175300057 105.52356105582727 -0.26397879130210256 0.9642928132126785 0.02132060339340316 -0.30953327866690356 -0.34016262153060584 -0.11375969302810794 0.9334602954360575 212.61551935739553
0.904822206907342 0.23909163871758946 0.35232366111668073 105.75298609808459 -0.2645447151881833 0.9640446809824211 0.02517829890012845 -0.31073800671477714 -0.3336358307396363 -0.11598724656115719 0.9355394652722189 213.26593174486123
0.9075227956120907 0.23937195417012672 0.3451136667841295 105.97704253700833 -0.2640023863764694 0.964185744573109 0.025467429189614456 -0.3142092860061995 -0.32665748947780465 -0.1142231041373557 0.9382153095368247 213.91058924566872
0.9097977518098294 0.24012647406639154 0.3385370397079466 106.17607780638652 -0.2639837825741988 0.9641890518115954 0.025534974142807608 -0.31939836977605013 -0.3202820840128209 -0.11259995035122392 0.9406065265780912 214.5006791736185
0.9110555730180947 0.23966125048127757 0.3354701594634291 106.34779005264272 -0.26500189032385824 0.9637436920897146 0.031178423341575102 -0.32436667663802865 -0.31583499014113425 -0.11730550274831426 0.9415347460542864 215.0282251779918
0.9118151766668213 0.24167567831891448 0.3319426910012376 106.53195553689545 -0.2663037844842705 0.9634196947768662 0.030079662321982555 -0.32477468720609554 -0.3125306032525552 -0.11582468745971918 0.9428198469513925 215.5951436549686
0.9125681619568086 0.24253091260674464 0.32923867666619727 106.73399636753379 -0.2661558432680986 0.9635248348338171 0.027945657135090406 -0.31916023244960395 -0.3104519558273339 -0.11313111459100916 0.9438331070874628 216.2035893156525
0.9128006752353862 0.24220088284594168 0.3288368282879311 106.9421248621404 -0.2674370756011494 0.9630075911724163 0.03307249519169003 -0.3132988005491652 -0.30866217436499294 -0.11813175564997529 0.9438074752953189 216.835141152135
0.9130284899658486 0.24215663129619322 0.3282364124072142 107.16441698016263 -0.26797217470214657 0.9627870655736671 0.03509957192685244 -0.3086088769455854 -0.3075221782182252 -0.12000513440401353 0.943943259746362 217.50394626266012
0.9131768363198435 0.24253793542100552 0.32754147140567547 107.39988266747629 -0.2679351825318592 0.9628355620465546 0.034035546420076425 -0.3020543944002406 -0.30711366555478836 -0.11884035653013589 0.9442235784438381 218.21319800873945
0.9139504740176277 0.23975268532117472 0.3274342390835702 107.62445540954245 -0.2655925958253898 0.9634164971323068 0.03590579474187476 -0.2989194460943013 -0.30684703695112053 -0.1197802276446327 0.9441915022810324 218.8797799756448
0.9143435068677894 0.24090928863385785 0.3254822055022956 107.82260959689913 -0.2652474116090618 0.9636534147678936 0.031873293536592254 -0.30022995681405207 -0.30597346630615435 -0.11547645152196674 0.9450108079067069 219.484259291985
0.9146459902099886 0.24112610134813436 0.3244702079412467 107.99144315538918 -0.2646886254029993 0.9638721939683598 0.02983831893539073 -0.30386709978752396 -0.30555301369002685 -0.11317507209305573 0.9454251736026862 219.9983538979054
0.9147423339657231 0.24014332468241936 0.32492713961965763 108.13777609659975 -0.2645811624476131 0.9638146057628972 0.03253020436424207 -0.30934986713785423 -0.305357611545559 -0.11572635537587553 0.9451794219843147 220.45013778848
0.9151114572755888 0.23982092500954802 0.3241248905753919 108.29748639071329 -0.2635056209442687 0.9641734004751351 0.030568636655707748 -0.308755821268084 -0.3051815992056546 -0.11338244019149439 0.9455202873352303 220.93696141771585
0.9153389542247095 0.23993796812667134 0.3233950684999024 108.46129317687584 -0.263627744751137 0.9641310177095173 0.030851140786662328 -0.3057046144843761 -0.30439285648030884 -0.1134951635165714 0.9457609829032386 221.4411021546684
0.9157688812689442 0.23978803237111057 0.32228722536118976 108.64734001678484 -0.26388478649568015 0.9640037352100169 0.03258247929890334 -0.30198875685340426 -0.3028732004578034 -0.11488471627124784 0.9460810358588303 222.0134180600914
0.9166512461953741 0.23908562902070354 0.3202944814451832 108.85171875814311 -0.2624583585802858 0.9644381492866345 0.03121964464743495 -0.29622217823416946 -0.30144004853338036 -0.1126814900342745 0.9468034531748626 222.63371005238733
0.917529371761663 0.2383284435068948 0.31833850689199605 109.0653621896366 -0.26135767286871103 0.964743174119649 0.031028612959577165 -0.2921416582929252 -0.29971990055266057 -0.11166987510122874 0.9474691658347382 223.28902445679208
0.9182467178050885 0.23765373706852563 0.3167706844036278 109.30414647069216 -0.2610125738513756 0.9647779196188925 0.03280247105510724 -0.28569934905906424 -0.29781773206385675 -0.11280189303910125 0.9479347716985232 224.0284208077871
0.9182949602263751 0.23615646808084348 0.3177490969403661 109.53964704655677 -0.2613902061967966 0.9644605128977319 0.038614494240362576 -0.27679690378466876 -0.2973373944313649 -0.11851599742070344 0.9473882162176909 224.7611831325627
0.9184155627097046 0.23690287628704282 0.3168436229112702 109.75237936522015 -0.26132629630426635 0.964568222372604 0.03628651607482626 -0.27113247564285414 -0.2970209100930576 -0.11612567156266404 0.9477834179661551 225.42182540236
0.9189478393527117 0.23658422931721762 0.3155356889281425 109.94670110590162 -0.2605715220503072 0.9648024616461645 0.035478048112695316 -0.2659610805750864 -0.2960360627446694 -0.11482209038281117 0.9482502502582063 226.01553393203997
0.9192508511330116 0.23633054440030796 0.31484241530436174 110.11369384906124 -0.26095976442821245 0.9646067903852933 0.037864776404379526 -0.26377618546704645 -0.2947505284826513 -0.11696843046752263 0.9483883762642589 226.52892544629708
0.919257788812259 0.2378816245677371 0.3136517980197255 110.27672024080654 -0.2625744545212515 0.964150422017167 0.03832257242128685 -0.2611817144005858 -0.2932912776419714 -0.11758527296022889 0.94876442283741 227.03977990347536
0.919787152791743 0.23751518442372535 0.31237498415753284 110.44445264599163 -0.26272395414053457 0.9640165943443852 0.04059716430262269 -0.2559179478398231 -0.2914922254195087 -0.11940914117778169 0.949091006976234 227.56807420483258
0.9196134440330064 0.2379419793333229 0.31256155877633024 110.59778228248855 -0.2636574681341822 0.9636972062120801 0.04210028783871909 -0.2539054270865472 -0.2911972751431952 -0.12112517991718587 0.9489640866435372 228.05446219173524
0.9193011807241552 0.23927052715321404 0.31246592447016264 110.76088044735867 -0.26394066554940704 0.9637690241305895 0.038530419095904024 -0.2527354326589591 -0.2919257854121603 -0.11789352383482649 0.9491472240117945 228.56879716090322
0.918885179276379 0.242240440274665 0.3113994161872328 110.94439619748755 -0.265130780428732 0.9636572423672194 0.03271679236197193 -0.24964366523571427 -0.2921569724916124 -0.11262454585365113 0.9497157548950049 229.15205143191807
0.9183336742839926 0.24375179401249136 0.31184663793562056 111.13949307764867 -0.2672055218034178 0.9630350860786702 0.03412670653916558 -0.24464510046919064 -0.29200080786501514 -0.1146668474195524 0.9495193743726531 229.7803470839753
0.9178087529592889 0.24415011239181578 0.31307797049676783 111.31695580571254 -0.2690449924809767 0.9623685037655403 0.03823159663138891 -0.23995906911402765 -0.2919621294144546 -0.11932135424615986 0.9489576014810327 230.3502103477812
0.9178868641673127 0.2446682767137581 0.3124438172840249 111.48730813381563 -0.2691416640647587 0.9623877112711825 0.037049397547952806 -0.23749630009037206 -0.29162727796546406 -0.11809880424514634 0.9492134655504605 230.88594875151833
0.918015063138661 0.24437366643187267 0.3122977025294295 111.67979508109318 -0.2686398248014598 0.9625495387289115 0.03648328416410749 -0.23194204598380083 -0.29168645560114276 -0.11738780450882311 0.9492834745066595 231.48450240922503
0.9179485013584385 0.24407496822130434 0.3127266517928428 111.89057145225556 -0.26801374907329495 0.9627686530278883 0.035286697982965166 -0.22127802671752012 -0.29247081762369015 -0.11620641391348928 0.9491874894897697 232.12866016597607
0.9172911132307398 0.24552098619187632 0.31352266094697945 112.11265666003237 -0.2694300928147683 0.9623971225307812 0.034629519637099204 -0.2080016445728682 -0.2932310329309156 -0.11623779025703823 0.9489490699939717 232.81574949235102
0.9169835429976715 0.2454246278022955 0.314496317847345 112.34053561815186 -0.2698119441338112 0.9622479185695327 0.03578348797048079 -0.19440098483103266 -0.2938412780297671 -0.11766773252130314 0.9485840015776794 233.51619775223975
0.9168532549729123 0.24547148852876668 0.314839414884864 112.56844898769026 -0.2704041447363267 0.9620205172890913 0.03739148063721766 -0.18012677232772945 -0.2937034343602197 -0.11941638344171672 0.9484081505400024 234.2219941309932
0.9169043122357162 0.24577555097125275 0.31445327275816565 112.79692287507369 -0.2708964053087027 0.9618535419312517 0.03811694459328331 -0.1659918675388932 -0.29308978111556105 -0.12013385209457533 0.9485073736068401 234.9337116026477
0.9169713833611012 0.24726595208711155 0.31308629966077867 113.02058983412023 -0.2721441394467074 0.9615184123312269 0.03768169466526452 -0.15145043919145978 -0.29172084166482865 -0.1197576372783347 0.9489768484277524 235.63125017745313
0.9171278349123776 0.24768087273683498 0.31229908694911435 113.21791989598347 -0.27273427536496675 0.9613176491594669 0.03852781405246102 -0.1391018925644168 -0.290676021491415 -0.12050959586204761 0.9492022375843215 236.24661714755032
0.9171801969908705 0.24804024832464827 0.311859778520461 113.39496358665411 -0.2734935024886342 0.9610429684348795 0.03997145129180596 -0.12906434729351862 -0.28979611858043225 -0.12195264668272009 0.949286975378252 236.80455873843587
0.9175691447522071 0.24779916368390498 0.3109058363496202 113.5533189882227 -0.273166461214898 0.9611286190664189 0.04014800217702952 -0.11880518426980756 -0.28887185578735347 -0.12176761510777058 0.949592385629187 237.29451603455544
0.9181527262677915 0.24623677082897277 0.31042394227690967 113.68768045918708 -0.2718155166814733 0.9614627344264173 0.04130054721742839 -0.10998270831776003 -0.28829133899269727 -0.12229825428433146 0.9497006059073549 237.7038695581309
0.9181458260959983 0.2464945065941366 0.31023974639205487 113.8101219367341 -0.2721799857648063 0.9613426220986202 0.041694343568620756 -0.0987729464310296 -0.2879692646300358 -0.12272253727600817 0.9497435872239252 238.08787890793366
0.9182835981521474 0.24652383079835857 0.3098083830583734 113.9287221873182 -0.27237014189519115 0.9612572808973698 0.04241398031059008 -0.08821986051116613 -0.2873495069923304 -0.1233306157054918 0.9498525254274809 238.4641614879234
0.9182363652688785 0.2472011830228889 0.30940839130488834 114.04512848822546 -0.2733308471778317 0.9609392553696686 0.04342804935331777 -0.07855428456918168 -0.2865872039691304 -0.12444807190820305 0.9499370778738353 238.837432538257
0.9180550192809599 0.2466142970026833 0.3104132247293993 114.15973859654805 -0.27334178284211885 0.9608620198646141 0.04503830074930144 -0.07034671965507731 -0.28715718922869515 -0.1261965423280868 0.9495341917902193 239.19092907301857
0.9184244859708184 0.2449295924861911 0.31065408140531836 114.27659319195544 -0.2714740312775116 0.9614125931602215 0.04458336074000806 -0.06525818743962811 -0.28774696160197916 -0.1252809659824074 0.9494768905304322 239.53473748283056
0.9182349247334761 0.24576692525792762 0.3105531217826787 114.39098020949125 -0.27151268691409897 0.961523833889522 0.04186618811260161 -0.060709393770642855 -0.28831490395813725 -0.12276210861522868 0.949633603472385 239.8814067052344
0.9183203377326917 0.2446640136518571 0.3111708176071052 114.51808353377191 -0.2699421468452491 0.9620358287997612 0.04022811780499918 -0.05531150693151663 -0.2895151026511204 -0.12094041726949069 0.9495021963153044 240.26331537019502
0.9178022151180295 0.2432433796846197 0.3138020907579134 114.66349239517459 -0.2688881679954128 0.962319638311454 0.04049773860577538 -0.04854898122661408 -0.2921271076714806 -0.12154658349667709 0.9486243624342433 240.70578213387503
0.9168058252806318 0.24226537965923095 0.31745009773201166 114.81589582614434 -0.2685359005003219 0.9623933423012367 0.04107949411487865 -0.041336482585299386 -0.2955597213322152 -0.12290866736248302 0.9473847743199149 241.16959329532045
0.9158384732368743 0.2411426187987358 0.3210765147718439 114.98036348269846 -0.26785552253035366 0.962582521453084 0.04108903068962217 -0.032834986977916605 -0.29915432470405323 -0.1236330327700036 0.9461614889747666 241.65831572066625
0.9151016911769546 0.240220268917771 0.3238566306348331 115.16113409390604 -0.267399141088767 0.9626918718301588 0.04149770182953651 -0.02054183597360802 -0.3018055568574956 -0.12457360199182223 0.9451956535748111 242.18545211763822
0.914686875223702 0.23897458789103934 0.3259433488135677 115.33727307044981 -0.26655161448546344 0.9629034717254732 0.04203737568190856 -0.008908149225914356 -0.3038061176288068 -0.12533176166214471 0.9444542299179823 242.69337703680304
0.9141645195020137 0.23883752055838076 0.3275055267582098 115.5005344955125 -0.26675240658275734 0.9628307213398904 0.04242824090640205 0.0006534271381027322 -0.3051989267116697 -0.12614927989342273 0.9438961671266654 243.16615520397298
0.9136751608763232 0.23860252063991438 0.3290388085650374 115.66344224736551 -0.26673625195870554 0.9628331419301549 0.04247484775636051 0.011030365776105397 -0.306674864129166 -0.12657479190258603 0.9433606679134808 243.63148606740648
0.9134267792828428 0.23802629136602116 0.33014391332797 115.81832700898804 -0.2659907180392027 0.963078732770741 0.041572736278612084 0.01870163069143193 -0.30805917744153954 -0.12578886716732657 0.9430146892232363 244.06883601517885
0.9132348495833053 0.23745501939287342 0.3310849185204354 115.96351440455203 -0.2655824980874004 0.9631832327752362 0.04176118784588408 0.02433093736862054 -0.30897903847382535 -0.12606813184057666 0.942676391938406 244.4839179311979
0.9131245713138793 0.23790030822854466 0.3310694196201199 116.10388830301562 -0.2663759271589091 0.9629204305395521 0.04275640162306645 0.030985000121353523 -0.3086217469542151 -0.12723084450825786 0.9426372205215735 244.89276587537944
0.9133901698249216 0.23897889726555827 0.3295564964143991 116.23856301631989 -0.2676898881686467 0.9625017049606591 0.043961252485336125 0.03908404681544198 -0.3066928780383627 -0.12837271754371885 0.943111830034477 245.29355757688276
0.9147852213512041 0.23887913535522629 0.3257372522284843 116.37314330568307 -0.2674416594985372 0.9625127368891399 0.045212720453913405 0.04781655691855529 -0.3027258785800987 -0.12847563978480264 0.9443786594474627 245.69669424575227
0.9172425504881456 0.23909162810178752 0.31859268187708467 116.50761213031555 -0.26730957230442404 0.962448355358157 0.047315492418471036 0.057859796984770555 -0.29531626458497523 -0.12856265647540377 0.9467100650312944 246.12179480794106
0.9205724509254627 0.24019022472954993 0.3079854193650243 116.64267974095166 -0.26769519402429176 0.9622192427746156 0.049733408595629525 0.07013962114971152 -0.284404018419886 -0.12822942243732915 0.9500902954603859 246.57422951769067
0.9252216971638393 0.24054871523137863 0.29342993490404606 116.78053064981899 -0.26719433672202264 0.9621424645555561 0.053750016954753586 0.0857436178830963 -0.2693919032208251 -0.1281334987405351 0.954468338385074 247.05985934000168
0.9306543431765124 0.24195891972021769 0.27447836835443756 116.90461360621956 -0.26727674193698014 0.9618520526533539 0.05834185483921355 0.10535653689335434 -0.24989124983928995 -0.12765778462104005 0.959821782040499 247.54719427990335
0.9371870045623061 0.24151670712319492 0.25169465361802157 117.01816972572162 -0.2648432495620029 0.9622434944684956 0.06281329886651713 0.12967708418640297 -0.22702108193065695 -0.1255274373729676 0.9657661677785172 248.023362000358
0.9435302871130075 0.24098318701855825 0.2273272990092021 117.11232989848281 -0.26249004216904165 0.9624495080439331 0.06920926403367753 0.15908375769915015 -0.2021127780783188 -0.12497218906767546 0.9713559475789968 248.48235121485763
0.9465329807563415 0.24339360336316065 0.21174246192581817 117.18587225737457 -0.26351002729064105 0.9619507852267862 0.07220216284054501 0.18326643443025156 -0.18611228293102036 -0.12413799033117565 0.9746547991462076 248.89745236856112
0.9457122154816853 0.2453824575666274 0.21310995989695009 117.26611635381855 -0.26556865319084993 0.9614391063791176 0.07147121915372168 0.19918385521994894 -0.18735446600259073 -0.12418653004043223 0.9744105961171574 249.2832784527112
0.9424510298626997 0.24570087561574863 0.22675346972513133 117.36432313983794 -0.2669640768209059 0.9613084703906292 0.06794267026241778 0.20736870200718385 -0.2012864575620864 -0.1245676702715443 0.971579465368232 249.66511103338283
0.9366315920156155 0.24584028016711906 0.24956726044423597 117.48598141551204 -0.26886777043348653 0.9611628870418445 0.06225774325744509 0.21191869015551812 -0.2245693275147236 -0.1254131620713552 0.9663540530876051 250.0559206873858
0.9292729477424296 0.2467793458900718 0.2748667732487122 117.6245805990405 -0.2715517898351859 0.9608267701178145 0.05542150541326806 0.2171008054616861 -0.2504224710991372 -0.1261422699456206 0.9598836980080249 250.4723461365637
0.9215885288383132 0.24735122391358835 0.29915206090227486 117.77667193082785 -0.2737373385243799 0.9605519084060723 0.049070365344461846 0.22098525534856486 -0.2752134680774508 -0.12711177477283306 0.9529428858556402 250.89782247348973
0.9147510968872831 0.24570858411940014 0.3207143938671089 117.944576812744 -0.2732765804131772 0.9609638287962089 0.043225343758127484 0.2232767813390625 -0.29757409386770917 -0.12718416346136535 0.9461891181066489 251.33469682414645
0.9086422524849194 0.24616570346672434 0.3373006128601901 118.11159721808335 -0.2746772290034743 0.9607543817803337 0.038774189312724396 0.22366382132395238 -0.3145181661941015 -0.12788066439700124 0.9405981388495698 251.77194078255062
0.9044626795510712 0.24603672129024196 0.34844395973533415 118.2681926682643 -0.27584955078911977 0.9604553398883282 0.037849245823846474 0.2223884714299945 -0.3253525574338284 -0.13035134006499746 0.9365651293500736 252.17874117038193
0.902820701773151 0.2457130180259039 0.3529021014706942 118.40685542589175 -0.2759446635262153 0.960452854025087 0.037213678486091355 0.22081366489008397 -0.3298019452963165 -0.1309787309743984 0.9349199157741239 252.5377327892741
0.9042684449381629 0.24517647604806989 0.3495526785504035 118.54309356311627 -0.2751778961098375 0.960639142130153 0.03807314145174551 0.2245519827113284 -0.3264593465987387 -0.13061751107753902 0.9361428100552964 252.90276016584832
0.9086292280008073 0.2424801100447746 0.3399945915089327 118.70277115917985 -0.27217237352536316 0.9613420193369663 0.04175788484456374 0.23497744681657215 -0.316725630652498 -0.1304795696260351 0.9394998439584625 253.34519026590817
0.9131082866697631 0.24387340128885648 0.3267399898371933 118.84681093889525 -0.27262194635839243 0.9610902939210828 0.04452775869551714 0.2506241850723685 -0.303167496903555 -0.12973515743424532 0.9440647529416284 253.7874778735184
0.918304023719908 0.24316161424113014 0.3123942211044712 118.965425079617 -0.271452160925188 0.9611625846555972 0.04980170867766803 0.2665395661899543 -0.2881517731142179 -0.1305331958461789 0.9486462145780737 254.17619877614933
0.9241820387190867 0.24067723841117905 0.2965839277840186 119.08872041878837 -0.26792177754803964 0.9619103958004153 0.05427993705398613 0.2793443235627197 -0.27222321801148164 -0.12962583601217031 0.9534629841863882 254.59187944912034
0.9299246147803022 0.23992283240869536 0.27870637831720063 119.20460996243605 -0.26497383339948627 0.9626626984224685 0.05540213605584257 0.29640016090433496 -0.25500799681438063 -0.12536970748533147 0.9587770116172752 255.01359173151593
0.9345133100962946 0.24080993910667156 0.26209816191706264 119.28589940793356 -0.2653664370169499 0.9621409474703284 0.062172753725609535 0.31651354308621593 -0.23720355679835664 -0.1276533212585437 0.9630363971386884 255.3721721321988
0.9387174650521548 0.23983601235645827 0.24756455316342063 119.35733416843124 -0.26369427407084955 0.9622284193885654 0.06768898539074289 0.33309024831901823 -0.2219793923505049 -0.128822187910053 0.96650400582396 255.69541864209677
0.942311725208694 0.23908030846913922 0.2342844822785132 119.42331188115932 -0.2620763713812877 0.9623545956276244 0.0720389327933612 0.35141447398257014 -0.20824165793094204 -0.12928355802920174 0.9694953189806933 256.01170378665216
0.9453390380169087 0.2380903933877454 0.22281621973664523 119.48520004232905 -0.26040632755563314 0.9624739893585563 0.07636991801233817 0.36974125872489366 -0.1962718720811747 -0.1302182183286628 0.9718644801848936 256.3243052401999
0.947712608778057 0.2389608142383788 0.21151487045031903 119.54463886426306 -0.2603572202266589 0.962237142349719 0.07945942208757312 0.3906010806215194 -0.18453977630562898 -0.1303741199056577 0.9741394457775988 256.65725288185706
0.9495132852890509 0.24176625529845483 0.19993398625183914 119.59833912921195 -0.2618146069244841 0.9617635499646765 0.08039891516879237 0.4147687246077877 -0.17285147572574106 -0.1286854760969663 0.9765052050967903 256.98861345461506
0.9516641288271843 0.2396860084672809 0.1920572915788765 119.6544125962113 -0.25936465427625394 0.9620741442598473 0.08451814632869943 0.4385839122512778 -0.16451553730803256 -0.1302457611275793 0.9777375310851786 257.2948696514728
0.9535520080433044 0.23710194094378742 0.18579891699701964 119.7026190478013 -0.25665941444422724 0.9623862868909377 0.08909870807939665 0.4555115803477554 -0.15768485321591094 -0.13264729324399957 0.9785398217044162 257.55969385896987
