0.9999991125698132 -0.0003193151939208206 -0.0012934053474894431 -0.005909574552474975 0.00032180312672102664 0.9999980977141971 0.0019238011161675113 -0.02129190650242567 0.0012927885881363391 -0.0019242156308132672 0.9999973130423264 0.8293840813040733
0.9999978015091371 -1.170225906987987e-05 -0.0020968643135508207 -0.01132659498945664 1.4332862297463118e-05 0.9999992129731734 0.0012545308296337504 -0.040828472052041334 0.0020968479824175746 -0.0012545581256266465 0.9999970146517678 1.638342040060277
0.9999965327153928 0.0009048333408678491 -0.002473021192320758 -0.014299338499414282 -0.0008996926213049205 0.9999974340634793 0.002079042963463812 -0.0593325842292556 0.002474896034095803 -0.002076810795911085 0.9999947808596495 2.434738701397126
0.9999918119887187 0.0019116691734613045 -0.00356671788774399 -0.017629864725487006 -0.00190907967933776 0.9999979117810225 0.0007292793507969917 -0.07988864773651232 0.00356810458050977 -0.0007224642308080165 0.9999933733156126 3.272111863829315
0.9999842978673281 0.0026285796637379433 -0.004949200717157012 -0.0219844626723669 -0.0026259616339983165 0.9999964088274274 0.0005354042815876537 -0.09892618360239512 0.0049505902965296 -0.0005223994633963786 0.9999876093004937 4.151435441260716
0.9999803426944875 0.002872505719799269 -0.00557341327243696 -0.02710030273275041 -0.0028569475557006594 0.9999920060219556 0.0027974529215329383 -0.11511937648401839 0.0055814044182116015 -0.002781474981720604 0.9999805554717786 5.0463835624092255
0.9999815650588975 0.0023792149944527378 -0.005586490702436119 -0.03289952725029926 -0.0023656279601144397 0.9999942312485742 0.002437472856543842 -0.1316699700068497 0.005592257747328776 -0.00242421236327069 0.9999814247513328 5.946075292578293
0.9999825350781589 0.003938020986380274 -0.004406986427200168 -0.03830288473037669 -0.003935322015695591 0.9999920638092827 0.0006209340409177147 -0.1470010573559544 0.0044093967037996855 -0.0006035802856433879 0.9999900964067332 6.86783650531905
0.9999855426402326 0.004582285234349064 -0.0028137470658436154 -0.04156405233599482 -0.004573322422504853 0.9999844746501958 0.003183579838920231 -0.16341803718571707 0.0028282914523244124 -0.003170665640213673 0.9999909737826931 7.821148225604128
0.9999905236123731 0.0036713110467283152 -0.002339692426461782 -0.043612491970282156 -0.0036654127790549072 0.999990106419883 0.0025202800458091748 -0.17804658880429655 0.002348922010500339 -0.0025116802241395213 0.9999940869964384 8.780090763116101
0.9999894993418307 0.0040219106258337295 -0.0021966886427086294 -0.0456982468612304 -0.004022046283641792 0.9999919098950987 -5.734146902414748e-05 -0.1944108742692882 0.0021964402490035045 6.617605029270797e-05 0.999997585632567 9.800095244995203
0.9999914159753339 0.0039009924917134276 -0.001396507510386748 -0.045952582922011126 -0.0039031101667173817 0.99999123232231 -0.0015169078856288505 -0.21295427290671276 0.0013905778199865446 0.0015223455871158338 0.9999978743763611 10.827656243405638
0.999996844802209 0.0023905271075667788 0.0007718586496922384 -0.042989759600411154 -0.0023899649079886457 0.9999968786919449 -0.0007284738194480354 -0.23120599042200307 -0.0007735976768961635 0.000726626805882359 0.9999994367799012 11.768004403769561
0.9999935980948852 0.0022627523414695747 0.0027719525765197654 -0.039920940903828805 -0.0022631390702015112 0.9999974297968741 0.0001363861945875571 -0.25028057668718895 -0.002771636843857445 -0.00014265863563274684 0.999996148831444 12.747581375319674
0.9999921162156598 0.0013388340658789274 0.003738319123694286 -0.033947620276700806 -0.0013421403800773543 0.9999987103048862 0.0008820701582080929 -0.2681896250936092 -0.0037371333568260784 -0.0008870805532067171 0.9999926234339759 13.775940217623532
0.9999909115069734 -0.000668600839959874 0.004210685973779302 -0.027006070308188936 0.0006607585323742347 0.9999980452072914 0.0018635932381970996 -0.2871341308644631 -0.004211923742765467 -0.0018607940542586256 0.9999893985157408 14.777317279110024
0.9999854286335653 -0.002653331216608794 0.004701314071632457 -0.018406927589416873 0.0026430628558018667 0.9999941111978208 0.0021890153997062276 -0.30502108557354257 -0.004707094569417588 -0.002176557634164516 0.9999865528383768 15.794670512614912
0.9999769765682057 -0.004332882527550586 0.0052223043298120836 -0.008318023197067061 0.004316886352001306 0.9999859683494243 0.0030704391359615934 -0.3204913900507864 -0.005235534904346646 -0.003047824349628204 0.9999816498021348 16.809479302241765
0.9999676947006274 -0.005389023742230188 0.0059638895210347405 0.0012779806124810326 0.005365133413271428 0.9999775488924052 0.004014605160530746 -0.3348416015009108 -0.005985390427635203 -0.003982478404566808 0.9999741571496666 17.826969734839768
0.9999705882759777 -0.004284939348117784 0.006360965160923622 0.009089548931202916 0.0042569139979673825 0.9999812025269804 0.004412853488138439 -0.34991608109205646 -0.0063797544004014365 -0.004385645616875376 0.9999700319741157 18.858354450964395
0.9999704046402321 -0.003692543287378292 0.006749442030397813 0.01751982201327872 0.00366369211189186 0.9999841208816462 0.0042819790599745375 -0.3653545477773148 -0.006765146248243596 -0.004257124455737299 0.9999680543335414 19.927785142323334
0.9999591316255181 -0.0036873595046266238 0.00825460226927169 0.02848621824335995 0.003648534562468748 0.9999822351255863 0.004713557974925885 -0.3802169534410718 -0.008271836210098495 -0.004683248137794553 0.9999548209357229 20.967435690938686
0.9999355149200179 -0.0038187079353089754 0.010695020866922034 0.04098432421905974 0.0037813822596721343 0.9999866972614432 0.0035080547824875527 -0.39253872216986213 -0.01070827483049097 -0.0034673866031213196 0.9999366530337308 21.95227216738995
0.9999097413203849 -0.0037035349686353517 0.012914838029846644 0.05504322365952508 0.0036547122835798138 0.9999860941819565 0.003801910156655487 -0.40517575913539283 -0.012928738945671729 -0.003754366984076608 0.999909372112205 22.985264339730335
0.9998801409781554 -0.0023664987893476292 0.015300436627241842 0.07037136488728556 0.002273971964535813 0.9999790409647346 0.006061904218502343 -0.41747249723567764 -0.015314461433845229 -0.0060263848806566935 0.9998645658069207 23.998167321633755
0.9998340239164907 -0.0006282285168255779 0.01820796385895934 0.08567754642105821 0.0004936091421225633 0.9999725201027464 0.0073969851545943955 -0.42770147792915303 -0.018212110502995954 -0.007386769814548441 0.9998068586795823 24.954966243953937
0.999782704150354 0.0012819270396961602 0.02080627657392253 0.10442801736868886 -0.0014484977309640683 0.9999670087930811 0.007992695399012336 -0.4364197009376124 -0.02079534409739483 -0.008021096463881787 0.999751576980696 25.937237517631267
0.9997476427014258 0.00029394339220472 0.02246251344405688 0.1305941098901295 -0.0004716871680260522 0.9999686198869864 0.007908018242976336 -0.44630356960550494 -0.02245948405813849 -0.00791661787620864 0.9997164091567392 26.95683669624198
0.9997254047026511 -0.0012140548626532023 0.023401736322569536 0.15908132246466938 0.0010306982790131952 0.9999686913070719 0.007845639978963613 -0.45696825093301285 -0.023410528682160127 -0.007819365473767105 0.9996953559312006 27.992058966602556
0.999703355548784 -0.0016685565656466427 0.024298494263825233 0.1865838989725575 0.001466651109657107 0.9999642724035404 0.00832483339054413 -0.46853630680978126 -0.02431151659243932 -0.008286726461336493 0.9996700857410564 29.00502170655834
0.999680915229723 -0.0030986461695515157 0.025069226501423902 0.2133761721422218 0.002859836834291655 0.9999502485072213 0.009556246314700784 -0.4783931688182048 -0.025097590696021008 -0.009481503164684775 0.9996400412343404 29.91123233832773
0.9996724458036939 -0.005318690896636486 0.02503422912748032 0.2383861107299301 0.005054443559558048 0.9999309706561166 0.01060690921143513 -0.48773112546280467 -0.02508891590253335 -0.010476900775631194 0.9996303220936097 30.755978826334275
0.9996702528072743 -0.007231636806534458 0.024639177773198642 0.2617844926127298 0.006970272647544505 0.9999187042340767 0.010677088651111914 -0.49827132141372105 -0.024714387539645877 -0.010501826124212214 0.9996393903286314 31.61621698207752
0.9996518119780822 -0.00827539806033346 0.025055390555341003 0.28394001307377414 0.00802309714074955 0.9999162640169893 0.010153564230168626 -0.5087892168204405 -0.02513731730331896 -0.009949007048398989 0.9996344994734545 32.46500307071438
0.9996198901438808 -0.009481451078503192 0.02588778310675108 0.30844416204555186 0.009223898146241862 0.9999069524940495 0.010050176966101783 -0.5166414268487148 -0.025980664574332818 -0.009807570520172552 0.9996143339452314 33.35463388036708
0.9995804150461468 -0.008640972350825511 0.027646472704589864 0.3377907322195208 0.00832699335359633 0.9998997517327644 0.011451972164001237 -0.5230036179442332 -0.02774265736843762 -0.011216955094327774 0.99955216216091 34.342336059958335
0.9995201513454308 -0.009049652205334175 0.029623822328833503 0.37335890825210555 0.008703839896918523 0.9998927120290992 0.01178166381039896 -0.5286265995889164 -0.02972726400892981 -0.011518169388186023 0.9994916815804369 35.37623822052876
0.999447486733007 -0.010807261006372151 0.031431264254191814 0.41076959489739423 0.010485333714383344 0.9998910560415495 0.010389120511983948 -0.5333562707456394 -0.031540117944844535 -0.010053813090298513 0.9994519207057295 36.362171563517585
0.9993825872682511 -0.012800972553001888 0.032719709147768644 0.4496120423105302 0.012412606632664561 0.9998504092553167 0.012045177813462616 -0.53656008708521 -0.032869004572697584 -0.011631604088537952 0.9993919823196145 37.35057475898536
0.9993143655594537 -0.014375789932860593 0.03411942922021785 0.4898229690665264 0.013985508769941533 0.9998343287874278 0.011649915134421313 -0.5395171628709886 -0.034281253345714774 -0.011164749974790953 0.9993498606729518 38.364685033092556
0.9992750149518059 -0.013765283232125006 0.035495935973125926 0.5293976350330212 0.013424661344290881 0.9998616964721172 0.009816638716508598 -0.543648542661998 -0.035626155572275546 -0.009333000880677754 0.9993216059576127 39.40199804073058
0.9992206413443391 -0.01184141117734572 0.03765489201601197 0.5707391345596463 0.011407910395679871 0.9998663989807407 0.011706569509893188 -0.5482876141715436 -0.03778848358710138 -0.011267882259539888 0.9992222302058603 40.48292159960389
0.9991508506892606 -0.010911768653504239 0.03973047787001663 0.6118725483158757 0.010375872615027154 0.9998527308089539 0.013669599897358201 -0.5512626421470684 -0.03987378630634679 -0.013245753988713823 0.9991169256733005 41.51115276218764
0.9990988793751207 -0.009021147076957814 0.04147346304318587 0.6480392152006079 0.008443945490187149 0.9998653366085324 0.014071546939285612 -0.556893091770039 -0.041594819580536194 -0.01370866711688871 0.9990405114057899 42.43234203747913
0.9990048435495217 -0.008107735529907397 0.043858718508106576 0.6822753479077585 0.007484776948499994 0.9998690281916331 0.014349375496861756 -0.5628428687510437 -0.04396931519397883 -0.01400682289799549 0.998934686670594 43.28268055379067
0.9988825462957162 -0.00927014216160738 0.04634353428570815 0.7206639139420193 0.008635950700909754 0.9998665666986731 0.01386611530670743 -0.566588973450982 -0.04646589137505569 -0.013450400087396626 0.9988293185906246 44.1004951356213
0.9987881947118212 -0.0091689274416834 0.048353623172113856 0.7617660149899661 0.008472834814102843 0.9998577890384337 0.014581247182170923 -0.5694703698305948 -0.048480441154289934 -0.014153885287926632 0.9987238428898865 44.94742441407891
0.9987233730016958 -0.008757015643506824 0.0497487577446451 0.804461251426583 0.008034492889419573 0.9998595966277826 0.014704895624844002 -0.5738264190291072 -0.04987054385231705 -0.014286416917725276 0.9986535070521347 45.79758030279662
0.9986759496353137 -0.009509170705831661 0.0505561400078375 0.847165064999062 0.008768724726054106 0.9998513165949234 0.014847699150935036 -0.5787876389108983 -0.05068981245460871 -0.014384727174518913 0.9986108463948468 46.632588879734314
0.9986898071889013 -0.01089777272297209 0.04999907565819404 0.8910008699040916 0.010138072523590344 0.9998296635480064 0.015422819942750462 -0.584632829192436 -0.05015863337952691 -0.014895718819799354 0.9986301763207142 47.49423995389287
0.9986687224922625 -0.013555591757138065 0.04976975635651343 0.9365117559616729 0.012797872702557443 0.9997977797917156 0.01551173677720526 -0.5926396911810013 -0.04996996267721276 -0.014854139344639866 0.9986402542329089 48.37004726612435
0.998659279885903 -0.014199703545546736 0.04977962552077721 0.9764578087891522 0.013442740742496536 0.9997893712653892 0.015508250258740669 -0.6017797211951597 -0.049989353057428666 -0.014818283435549955 0.9986398164788567 49.195605801370135
0.9986650233793716 -0.016502380551431405 0.0489473443080967 1.019563548874732 0.015822732099017044 0.9997733997573592 0.014240445447182504 -0.606860342742063 -0.0491712540779912 -0.013446954069497821 0.9986998383892187 50.0182128658266
0.9986436215065267 -0.02037638709888279 0.047913673133314454 1.067949956585005 0.01962876220269382 0.9996789406869062 0.01602271017946893 -0.6103628676919285 -0.04822477494732057 -0.015060491223782913 0.9987229609282947 50.90091317193696
0.9986203332700346 -0.0203121293013795 0.04842362422299149 1.110744192520181 0.019705977002190702 0.9997217859645429 0.012962451089740808 -0.6154103510876132 -0.0486734470736826 -0.011990332401932497 0.9987427734301049 51.79159136337128
0.998577957240017 -0.01796693043731273 0.05019215800317838 1.1547180932805636 0.01738871764902089 0.9997775929644014 0.011933025803646847 -0.6200670873013028 -0.05039539475862741 -0.01104327926698577 0.9986682883571275 52.75369021635482
0.9985261049686233 -0.017703272729027848 0.05130508581877723 1.2066728682467853 0.017009461805497006 0.9997583084859547 0.013928489594717252 -0.6254956782489323 -0.0515392656649062 -0.01303528856544678 0.9985858928238167 53.79325922910705
0.9984116121449962 -0.0179433139160013 0.053406836825841936 1.2644241894540102 0.0172307699781042 0.9997566794294869 0.01377252707705458 -0.6292082972942348 -0.05364096662059641 -0.012830410041708451 0.998477855176654 54.847309101428046
0.9982664848145211 -0.01559957542881797 0.05675102239167698 1.325034243472755 0.014840099467412294 0.9997949269653047 0.013779530552175458 -0.6331117565003771 -0.05695433911351546 -0.012913452709544667 0.998293266528059 55.935368784448606
0.9981244881567988 -0.01272013284663556 0.05988075118176769 1.390104431017557 0.011961058947721388 0.9998437220065273 0.01301785823333525 -0.6365122672831334 -0.0600369820242321 -0.012277205891326557 0.9981206495233558 57.07005298063599
0.9980171299671065 -0.010348552110729018 0.062086357289117246 1.4586399066313032 0.009527624175321898 0.9998634254947513 0.013503878534542978 -0.6399699413173584 -0.062217623466299506 -0.01288556661980353 0.9979794233866218 58.196983563226
0.997930192102178 -0.008150070808406467 0.0637879928883856 1.5273820766852706 0.007435477118975281 0.9999070069417781 0.011432022950822357 -0.6431309816264068 -0.06387523284438165 -0.01093406669784371 0.9978979911867368 59.29820554249903
0.9978032866578513 -0.0049340312392103965 0.06606251940791254 1.5953293624777591 0.0041234191608374975 0.9999146012739324 0.012401111789545997 -0.6470253344497624 -0.0661180652258849 -0.012101466643480637 0.9977384206072571 60.39250763843705
0.9976513453625845 -0.0030090023860418072 0.06843054143338766 1.6630572538478174 0.0019459860487550382 0.9998764876207183 0.015595596864295147 -0.6498415762120554 -0.06846901660257616 -0.01542580331445843 0.9975339785478896 61.415027802095175
0.9975961802820662 -0.003932913606773007 0.06918376454915845 1.731442147685844 0.0028148330487943463 0.9998639800566762 0.016251095351703153 -0.652718516297768 -0.0692382683314593 -0.01601728990136573 0.9974715578013632 62.38445267672425
0.997623051702592 -0.004346731449140181 0.06877028891401349 1.7944716023493257 0.003538157152267293 0.999923229370108 0.011875049895481821 -0.6555776630095904 -0.06881662702845658 -0.011603503426266515 0.9975618429714844 63.29554696535058
0.997615785343945 -0.0032796259880617856 0.06893467114567829 1.851767081380112 0.0024256054377273877 0.9999193183053634 0.012468894016624758 -0.6563603551845092 -0.06897000268845042 -0.012271957183586618 0.9975432510904181 64.14449498178584
0.9975184939569733 -0.001421272349204033 0.07039058316793284 1.9087666994656614 0.0003271500422665559 0.9998789962517031 0.015552679111223275 -0.6583343865401364 -0.0704041702363016 -0.015491056761764965 0.9973982554495187 64.99308065900401
0.9974534670640637 -0.0006571953739559232 0.07131724290884905 1.9688146935214108 -0.0005289210508759331 0.9998618813966524 0.01661139285154725 -0.6590975776202491 -0.07131830960140095 -0.01660681258360393 0.9973153525798214 65.87284269502499
0.9973537878010991 -0.001163187636753153 0.07269160166981288 2.0310670716305492 -8.856711582819309e-05 0.9998518159624139 0.0172144785726766 -0.6593184766661747 -0.0727008536034278 -0.01717536349498469 0.9972058928697471 66.75258731724692
0.9972231067270881 -0.0020081066802425905 0.07444489852996047 2.094856606972375 0.000681023215057259 0.9998404890048483 0.01784748592733008 -0.658679668891264 -0.07446886340582824 -0.0177472266595786 0.9970654062442139 67.60550325109406
0.9971140065083327 -0.0022227600270430343 0.07588621325882405 2.164147944973783 0.0009530048616018325 0.9998590122240857 0.016764470048566803 -0.6596494061176883 -0.07591277762429269 -0.016643767966951172 0.9969755439233344 68.49465138859549
0.9969956486361143 0.0011990017039743349 0.07744829885522685 2.2307107527388776 -0.0024060423854324305 0.9998770708006284 0.015493684106586256 -0.6616811997462714 -0.07742020124421128 -0.01563347952533433 0.9968759736081707 69.42324173713594
0.9968648719938046 0.0038031385944776027 0.07903140591946929 2.299352005534817 -0.00528681734842758 0.9998135379880683 0.018572528586761106 -0.6649481480845374 -0.07894603566425044 -0.018932125940128556 0.9966991010632484 70.37150360792307
0.9968099536228212 0.00438506650221631 0.07969120120967675 2.373408393299096 -0.005902992060427296 0.9998054245287583 0.01882200222090596 -0.6687817562210636 -0.07959315952520407 -0.019232375688936543 0.9966418838691039 71.33424750155983
0.9968229233120706 0.003995593831831309 0.07954932299843818 2.451470575731517 -0.005449173140773494 0.9998219835495955 0.01806398967653761 -0.6708815793852999 -0.07946298554459613 -0.01844007703029509 0.9966672451161709 72.32146111597939
0.9968409697625075 0.00539697675837958 0.07923984884396165 2.5295059288012376 -0.006907605567117674 0.9997993593787309 0.018802286329275456 -0.6727448786085364 -0.07912247460913688 -0.019290246959239393 0.9966782431577301 73.32817261319212
0.9968621533241679 0.005904894226398886 0.07893655359894355 2.61001607987601 -0.007375507707801282 0.9998043881124271 0.01835176823052773 -0.6738267518004605 -0.07881274742042696 -0.0188763803550862 0.9967107068295873 74.35570524075614
0.9969145489436912 0.005255635983918113 0.07831832732382513 2.6893866290361372 -0.0067218788588701535 0.9998068241098589 0.01846972679721629 -0.6748713389830633 -0.07820612795046145 -0.018939185667860174 0.9967572968367153 75.37155883150301
0.9969475206355188 0.0061031937174889405 0.07783567385935156 2.762181976093779 -0.007601549947193465 0.9997911841482608 0.018968514380886304 -0.6767523821380987 -0.07770365201901946 -0.0195022851446791 0.9967857359217397 76.33939479139083
0.9969764898651605 0.00596497330954443 0.07747449741405699 2.833019978240616 -0.007469935743791883 0.9997887162905117 0.019150008829074923 -0.6784898600194578 -0.0773438990233097 -0.01967083810076352 0.9968104029414456 77.2782444907014
0.9969887265235042 0.006629687832001785 0.07726271043842835 2.903162111178603 -0.008146858988441747 0.9997798129300999 0.019337899215690315 -0.6793940982925649 -0.0771174939534777 -0.01990911591969763 0.9968232136289931 78.21315257859023
0.9969939771560904 0.007043395786889881 0.07715827946676491 2.977737156106392 -0.008581909691938141 0.9997705530011491 0.019626313403569615 -0.6796072421985634 -0.07700233983796596 -0.020229481643505843 0.9968256656667279 79.19576247498046
0.9969931797465417 0.00789451676418158 0.07708616052146418 3.0546269537519266 -0.009486703005848177 0.9997487149490784 0.020310328006817882 -0.6804719892176292 -0.0769064496967564 -0.02098055201194086 0.9968175432005179 80.22021577841053
0.9969650446320663 0.008665104313920095 0.07736676126743247 3.132945758265391 -0.010272893274590397 0.9997389638552419 0.02040764105464795 -0.6808392996989965 -0.0771697314077993 -0.021140485256383318 0.9967938164121879 81.25789700120914
0.996887033192096 0.01006061551236302 0.07819863853657583 3.2119837932798734 -0.011783707459016518 0.9996971451596304 0.021604680006984168 -0.6802357072450527 -0.07795759932156687 -0.022458895235435414 0.9967036724788484 82.28762495449935
0.9967646715843619 0.011222326255987668 0.07958799453890221 3.2938822538333112 -0.012942173382137401 0.999693037394755 0.021126550418718783 -0.6794977093132436 -0.07932647495928996 -0.022088240714283756 0.996603943396113 83.32948414148538
0.9966268456508238 0.012622013876015935 0.0810901676765049 3.380429561301949 -0.014312597585570758 0.9996914648946535 0.020300851389396447 -0.6785579300548868 -0.08080891088514643 -0.021392984422340583 0.9965000050873377 84.41876045301521
0.9965489454025864 0.014873605241387026 0.08166379420598341 3.4661526251443338 -0.01667103620431821 0.9996325779152763 0.021372545995565387 -0.6772754873357419 -0.08131590231232842 -0.022660208242238886 0.9964307497230063 85.497686431748
0.9964700210062065 0.01642545995085864 0.08232679698187083 3.5547521931700574 -0.018260357791942072 0.999600248543208 0.021584773468034585 -0.6724884839559919 -0.0819393468926968 -0.02301189643986016 0.9963716154392603 86.58970189997021
0.9963852519374901 0.01873564910430002 0.08285774058050482 3.6454910267164573 -0.020626728613389034 0.9995445858254015 0.022026325472838847 -0.6646240553600525 -0.08240732848585308 -0.02365578998398434 0.9963179391198677 87.69289273571637
0.9963877857263035 0.019840207810031183 0.08256964702292163 3.728828878652653 -0.0217826257840975 0.9995052055061472 0.02269055706816325 -0.6575012117317406 -0.08207860664865764 -0.02440717763626881 0.9963269503583894 88.71877652772169
0.9964044917882916 0.021156822169782274 0.08203948817364615 3.8104849743343325 -0.023143957040808842 0.9994594970479389 0.0233467559453787 -0.6509859171489556 -0.08150120242432508 -0.025161530882601132 0.9963555848024513 89.72060781192093
0.9963909987828424 0.021893879935735397 0.08200997235635939 3.9002636563035873 -0.023937555329990635 0.9994248518816262 0.024019968488986933 -0.641180024699672 -0.08143691416891277 -0.025896398644365423 0.9963420123370784 90.77421805153381
0.9963915150046241 0.021881957022845 0.08200688253824598 3.9882725034945157 -0.02398079383923747 0.9994073301067221 0.02469635713606432 -0.629977298859841 -0.08141787490245185 -0.02657383084544661 0.996325730451928 91.7827033922889
0.9963200453624145 0.0230320201585791 0.08255842329194935 4.068880531001071 -0.025151165709025505 0.9993779548631985 0.024720885844293317 -0.6205191186132095 -0.08193769628513495 -0.026706354690677055 0.9962795714791217 92.7313058775579
0.9961159961437427 0.02591858149588856 0.08414956541659328 4.148519422571122 -0.028170854201012393 0.9992729803021311 0.02568878766467271 -0.6125765277989256 -0.08342257008835097 -0.02795957745274993 0.9961219487736025 93.6786047885981
0.9958699344209295 0.027578451307091627 0.08650146091227168 4.224361229183059 -0.029987983582305765 0.9991941102567131 0.026680533520929393 -0.6026461931251178 -0.08569594247758902 -0.029164345557486013 0.9958943952001552 94.55739120070442
0.9957253519212484 0.0291055233019074 0.08765781228521258 4.297544427936194 -0.03161713309988588 0.9991243778722679 0.02740135828560904 -0.5935402464484061 -0.08678352629302141 -0.030055715840324633 0.9957737059741414 95.37598500519249
0.9955634912261218 0.029279247122113942 0.08942069461606494 4.371789903066869 -0.03199544573041798 0.999064465794135 0.029094409084741944 -0.5854152223546767 -0.08848517610407543 -0.031826386465331244 0.9955689100882932 96.18725351600074
0.995440055707685 0.028736831499236736 0.09095762754198744 4.445420180701905 -0.03155043776509871 0.9990623527510765 0.029647684434250945 -0.5773895670783931 -0.09002036086082454 -0.0323822456118591 0.995413343691766 96.96843144709511
0.9953436423894046 0.02837623914252375 0.0921185247771616 4.520226892155703 -0.03127931261027468 0.9990535793792621 0.030224991846348193 -0.5688258053259535 -0.09117367030904781 -0.03296565760923642 0.9952892178963707 97.79817671637227
0.9953536044614406 0.028320250985407722 0.09202806892325228 4.600570770762522 -0.03126938054235993 0.9990374553290122 0.030763431054222287 -0.559424478424712 -0.09106825970730112 -0.03349815269316086 0.9952810888588364 98.68866020363376
0.9954163537020959 0.028708149993089176 0.09122568117805108 4.6759930154637965 -0.03170594267381646 0.9989981059408033 0.03158350084856025 -0.5507495804805275 -0.09022757883036536 -0.03433112946963202 0.9953292709288476 99.53293426303244
0.9953602277586275 0.029393686782222993 0.0916189291229866 4.745857433150129 -0.03249566689978982 0.9989416619141164 0.032551309113459034 -0.5436188566458424 -0.0905651623364756 -0.035377496655510085 0.9952619675750495 100.33029814658343
0.9951579172142752 0.030000611328113616 0.09359852095886158 4.815921784323787 -0.033255826782209605 0.9988881436968419 0.03341446343887372 -0.5364647875814306 -0.09249199852300015 -0.03636536404074102 0.9950491397450718 101.11812242815881
0.9948336059519858 0.028610084592239324 0.09740410426771227 4.894549721988731 -0.03202129482870605 0.9989209202757373 0.033639734139344964 -0.5263440184294741 -0.09633656183434999 -0.03658494355739309 0.994676233132591 101.93326714177083
0.9945734840257568 0.02724851975186634 0.1004046963254278 4.973423042865168 -0.030648849560976476 0.9990023337603604 0.03248053512399264 -0.5169315098916979 -0.09941947944672544 -0.03538156741418387 0.9944163674205384 102.74585244893248
0.99445291762295 0.02666795615372332 0.10174583404634782 5.053411870930392 -0.029996038724003637 0.9990591735098442 0.03132100711493628 -0.5076469213018784 -0.10081484162598253 -0.03419923888639783 0.9943172430203152 103.58333576436274
0.9943511998287023 0.027748288695657344 0.10244864017488971 5.136844740327527 -0.03134475795736415 0.9989415777913595 0.03366348627671175 -0.4980281203132365 -0.10140610212317518 -0.03668455579900837 0.9941685198285124 104.46551363195691
0.9942011351857787 0.027488890930792206 0.10396376133396502 5.2281186735389396 -0.03136335391969922 0.9988660667880218 0.035817881711984495 -0.487241308938544 -0.10286127952839359 -0.03887083089954518 0.9939359213143281 105.3815068922835
0.9940236095267329 0.027564581071932402 0.1056279204272037 5.316901932768441 -0.0314460235591917 0.9988833673695958 0.03525855916923998 -0.4754745352220962 -0.10453808543187298 -0.038369418326382056 0.9937804467947309 106.26781785920065
0.9936908513577951 0.028554259311609938 0.1084580389043949 5.406892954407808 -0.03265184594138577 0.9988112204839806 0.03619396071059614 -0.46234636824843517 -0.10729561446975322 -0.039506962809933974 0.9934419213044585 107.1478964080378
0.9934014179220141 0.029660352663443437 0.11078757308657641 5.505374944587883 -0.03379934799155764 0.9987918953715194 0.03567006890255074 -0.44783080510235923 -0.10959574328357348 -0.03917924476106316 0.9932037856523076 108.07053717052962
0.99305420767908 0.03077302646281109 0.11356214797719769 5.59699469742627 -0.03516271445397968 0.9987017801015108 0.03685563639798867 -0.4353055223111243 -0.11228055986279951 -0.04059279818381568 0.9928470680887895 108.91719938102722
0.9928094947716369 0.033266852757162776 0.11498966735720884 5.680163903625564 -0.037681882466833856 0.9986252870751384 0.03643640690096162 -0.4232151200397216 -0.11361946499189304 -0.04050743785689214 0.9926982243628864 109.70724955298529
0.9926654298954106 0.0354751605160452 0.11557187061271282 5.773220418483434 -0.03968624150192659 0.9986218891127391 0.03434129904873036 -0.40784908044696705 -0.11419433666347717 -0.03867603355134029 0.9927053026466242 110.57375582424935
0.9924445523030369 0.03813061650631996 0.11661846632876761 5.875995698270913 -0.04262259547684926 0.9984326858451702 0.036269631798737684 -0.39175559001760657 -0.11505270513483296 -0.04096618020815582 0.9925143057509608 111.51751777282307
0.9922897710331124 0.040196499129059066 0.11724014568748131 5.9875432638418875 -0.0447653630068664 0.9983268583716306 0.036599810500783855 -0.3757223458859017 -0.11557280206829705 -0.041565915262356104 0.9924289405849099 112.51474269979597
0.9923480862391815 0.04112272130940296 0.11642249580533977 6.105807007804226 -0.045599701311236564 0.9983089273721982 0.036054857776682915 -0.3590428033554041 -0.11474294304122233 -0.04108780014894933 0.9925451373621054 113.54417904317233
0.992449861039112 0.041070686829679126 0.11557020380178717 6.220847145302022 -0.04546529281303193 0.9983296399108281 0.03564880397631023 -0.34194863924577945 -0.11391303908189558 -0.04063408370880965 0.9926594032034722 114.54366809308021
0.9923770896329572 0.04249315686577121 0.11568078315434831 6.325417224391976 -0.046871095693030135 0.9982738181806299 0.035390455261292295 -0.3266230771336433 -0.11397724492264764 -0.04054276205005875 0.9926557671646283 115.47917282894817
0.992202563883738 0.0428446063802104 0.11704021499750782 6.428129302543503 -0.047190249376429946 0.9982860411829536 0.03461300829249897 -0.312136513748485 -0.1153566321731368 -0.039866272504349924 0.9925238172105908 116.39053396961798
0.9920082203350671 0.04417145695077663 0.11818871849081014 6.5353013603808225 -0.04847432997260372 0.9982529836361036 0.033781947772801864 -0.2988779584178632 -0.11649004301381907 -0.039241088828712044 0.9924163475206248 117.33517509149895
0.9919189246698566 0.04426523703782709 0.11890094899445242 6.645002766986344 -0.048467089147125594 0.9982899628729799 0.03268166606323836 -0.2850520560248558 -0.11725096226215365 -0.03818034595245868 0.9923681136713087 118.2785731004725
0.9919611853474104 0.04259832117111455 0.11915699642725386 6.755930856449142 -0.04692009113523038 0.9983299741233136 0.033701154502563016 -0.2713454606416479 -0.11752238855649462 -0.03902109429970567 0.9923033016107685 119.21830870250874
0.9919381872340353 0.042689296034420246 0.11931578567374633 6.862394609531113 -0.0469317570382635 0.998353689037508 0.032974562415601955 -0.25872559513430765 -0.11771169393122823 -0.03830842713143751 0.9923086321918994 120.1387309206465
0.9917252577060324 0.043559049945333723 0.12076266971115412 6.9702120842515605 -0.047891094451672014 0.9983005296684011 0.03320384821087621 -0.24458440864917616 -0.11911110905422055 -0.038712551345136126 0.9921259406286209 121.08225756229594
0.99146310265123 0.04506204223198878 0.12235329350320089 7.089020919034464 -0.04937967845323903 0.9982515973845913 0.03248685387917027 -0.2289571305328797 -0.12067544670334845 -0.03825128323330213 0.9919547751253355 122.10013038333246
0.9913180355447634 0.046647513371200953 0.12293316029434927 7.213960627666888 -0.05086967066743794 0.9982105657120152 0.031431562275601385 -0.2125233347647979 -0.12124697526065942 -0.037412243947432956 0.99191708070431 123.12778220003939
0.9911502483891667 0.04939618405864847 0.12321202099851601 7.3380976714456905 -0.053590817382628296 0.9980828065391457 0.03096345560825076 -0.1970414713087867 -0.12144632316524209 -0.0372924696337807 0.9918972034935166 124.14641819711287
0.9908748837295878 0.05281135938715839 0.12400776231170928 7.462273334754959 -0.0568612640940892 0.9979506726381001 0.02934708889797636 -0.1824576131344049 -0.12220377015255802 -0.03613053142210734 0.9918471773714227 125.17580199702829
0.9904526587142285 0.05669503031051172 0.1256551009072333 7.589511180122972 -0.060751733244686926 0.9977405623636786 0.028687926414728466 -0.16754450626509115 -0.12374472818541898 -0.03604779816161641 0.991659114057859 126.22391534682126
