0.9999991102610142 -0.00031957209493682946 -0.0012951258071040865 -0.005910373994527816 0.00032206350088604904 0.9999980973883243 0.00192392693026283 -0.021291502490371466 0.001294508509622995 -0.001924342331221558 0.9999973105735389 0.8293432539844513
0.999997793102615 -1.247848336804626e-05 -0.0021008651044134067 -0.011330165618375607 1.511510588732018e-05 0.9999992123650211 0.0012550063232224882 -0.04082893220185474 0.002100847789123033 -0.0012550353083508237 0.9999970056579879 1.6382854484704104
0.9999965179065021 0.000903900685885391 -0.0024793423363404835 -0.014308096292243498 -0.0008987451269779027 0.9999974334819132 0.00207973238266199 -0.0593344001508405 0.0024812158445906797 -0.002077496843996487 0.9999947637736888 2.434666980389115
0.9999917820352312 0.001910162459331704 -0.003575911265875161 -0.01764663941082098 -0.0019075626684480359 0.9999979139322476 0.0007302984453457623 -0.07989223907578738 0.003577298794956391 -0.0007234711689424016 0.9999933397392201 3.2720344895788527
0.9999842417711179 0.0026262049319682114 -0.004961779630104046 -0.022011617561839322 -0.0026235747607395994 0.9999964144940392 0.0005365207738352305 -0.09893037845666913 0.004963170853115955 -0.0005234947194121834 0.9999875463666343 4.151347302024453
0.9999802652239572 0.0028694215658325757 -0.005588880254751516 -0.02714075931403844 -0.00285381600277593 0.9999920127939431 0.002798228464766554 -0.11512345370125059 0.005596864912316221 -0.0027822236064458765 0.9999804669767092 5.046283079688359
0.9999814720486877 0.0023763090280131643 -0.0056043478428356615 -0.03295770480811529 -0.002362674984294581 0.9999942366300383 0.0024381291241682337 -0.13167560615547996 0.005610109291154871 -0.0024248426981789742 0.9999813232314044 5.9459776637489465
0.9999824578263773 0.003934424954320938 -0.004427678827209128 -0.03838119174902663 -0.00393171068598566 0.9999920776255954 0.0006215602365504998 -0.14701152190953698 0.004430089231585012 -0.0006041409808738628 0.9999900046115839 6.867727072848586
0.9999854927763296 0.004578305250061383 -0.0028378438855696008 -0.04166433300052157 -0.0045692648818618 0.999984491906042 0.003183985844039119 -0.1634320248543354 0.0028523771351258703 -0.0031709727928377757 0.9999909043967482 7.821005286418087
0.999990475315949 0.0036673250321444103 -0.0023664328622451446 -0.043738494389354 -0.003661358108221309 0.99999011968745 0.002520909415988539 -0.17806315296686104 0.00237565447535386 -0.0025122210469750877 0.9999940224877472 8.77991428608963
0.999989451434839 0.004017139181583161 -0.002227018600246457 -0.04585479080822902 -0.004017275466216671 0.9999919291074207 -5.6726082253030096e-05 -0.19442965500995207 0.0022267727496509257 6.567203105983169e-05 0.9999975185820741 9.799902674614223
0.999991388017966 0.0038957275670998366 -0.0014308027902728635 -0.04614380523814206 -0.0038978965907779505 0.99999125357737 -0.0015163017273998741 -0.21297609886271862 0.0014248831774274862 0.0015218657903549174 0.9999978268138621 10.827467123646477
0.9999968852653175 0.00238548337138219 0.000734117666560344 -0.043215296367108885 -0.002384948839832443 0.9999968909078693 -0.0007281439602727305 -0.23122892191173688 -0.0007358523594300868 0.0007263908592203177 0.9999994654386695 11.767812984501624
0.9999937241926635 0.0022574621431694624 0.0027304651543652364 -0.04018457995837793 -0.002257843539159696 0.9999974417372315 0.00013660726632715338 -0.250305083164852 -0.0027301497833856756 -0.00014277137211395538 0.999996262942265 12.747385599340404
0.9999922914971306 0.0013335369192272774 0.0036930509883576707 -0.03425662567796121 -0.0013368027771085732 0.9999987175181607 0.0008819979416485912 -0.2682174737323122 -0.003691870075268976 -0.0008869280235821694 0.9999927917010343 13.775738603645225
0.9999911126872031 -0.0006732538913182855 0.004161883684946742 -0.027363763895777486 0.0006655026705842383 0.9999980421692803 0.0018635352966135457 -0.2871663045984557 -0.004163130169073066 -0.0018607489900854658 0.9999896029261459 14.777112546722122
0.9999856635620041 -0.00265800441086521 0.004648406502228649 -0.018816137093510515 0.0026478520913712058 0.9999940989227579 0.002188835070065321 -0.30505802480909017 -0.004654197004893717 -0.0021764953970885882 0.9999868005719005 15.794467697673287
0.9999772520685472 -0.00433769552848211 0.0051652437444260815 -0.008783585885265309 0.004321873577525041 0.9999859469617776 0.0030703888576439366 -0.3205327731173598 -0.005178489569076816 -0.0030479954821881605 0.9999819463216939 16.80929430685427
0.9999680314643873 -0.005393839597485414 0.005902757290849266 0.000750178321321026 0.005370194011398653 0.9999775225554289 0.004014399106570236 -0.33488854638537396 -0.0059242776368105725 -0.003982571820255378 0.9999745207034918 17.82681293986685
0.9999709780171631 -0.004290273121219177 0.0062957668272955085 0.008495973270852964 0.004262532575481068 0.9999811777492197 0.004413044677623626 -0.3499671229786079 -0.006314581493756579 -0.004386080691127755 0.9999704437415784 18.85821597140611
0.999970845012217 -0.0036984558738989487 0.006680609979761747 0.01685416771930172 0.003669894154656526 0.9999840957923652 0.0042825272000901905 -0.36540883218647935 -0.006696342467831807 -0.004257885211547725 0.9999685142098618 19.92764883518935
0.9999597037884044 -0.003693653495523239 0.008182158838705218 0.027746033445717723 0.0036551646715320286 0.9999822090006197 0.004713963668210589 -0.3802750989101625 -0.008199425018303244 -0.004683866575409063 0.9999554144176993 20.967304724184366
0.9999363039621137 -0.003825283860060468 0.010618626181251608 0.04016715732455675 0.003788215474221422 0.9999866687680331 0.003508804601740561 -0.3926024374849761 -0.010631906795493959 -0.0034683554607749254 0.9999374645788051 21.95215836603858
0.9999107560130371 -0.0037105179711057696 0.012834019862172232 0.05414216154724777 0.003661991275814326 0.9999860651793494 0.0038025342889265457 -0.405245275101152 -0.01284795039422203 -0.003755196866837139 0.9999104103204238 22.985168701630784
0.9998814322918571 -0.002373824136370724 0.015214674395269702 0.06938506577615072 0.0022818081069284867 0.9999790203742199 0.006062356239876407 -0.4175460231270668 -0.015228746164660016 -0.006026920472811696 0.9998658717647414 23.998068156911472
0.9998356548598533 -0.000635437797995451 0.01811793282284958 0.08460524467917016 0.0005014799772893918 0.99997251427131 0.007397244064359847 -0.4277784081320858 -0.01812213532674307 -0.007386942582706857 0.9998084923076411 24.954852020180937
0.99978465523831 0.001274660243977641 0.020712759142049297 0.1032640611700597 -0.0014404771587376785 0.9999670211594822 0.007992597762139198 -0.43650040832261705 -0.020701888212655353 -0.00802071285451738 0.9997535196185786 25.937112411224184
0.9997498219350994 0.00028649819528224523 0.02236540765382105 0.12932881300315982 -0.00046346307575800003 0.9999686266075408 0.0079076546843274 -0.44638683400291046 -0.02236244044631323 -0.007916041903202393 0.9997185891729089 26.956680707336464
0.9997277394098197 -0.0012221546771531678 0.023301360313876113 0.15771093155417537 0.0010395993765181836 0.9999686868103469 0.00784503868234414 -0.4570545948753253 -0.023310218524679488 -0.007818678707828167 0.9996977052967537 27.991889689886335
0.9997058685782457 -0.00167680218607271 0.024194310584193933 0.18510770044456562 0.0014757815542149196 0.9999642654453487 0.00832405557101284 -0.4686255408746673 -0.02420740380585856 -0.008285901687435877 0.9996726191279852 29.004826319892963
0.9996835857166751 -0.0031072086827641423 0.02496144432626308 0.21180214108354062 0.002869443929210585 0.9999502285170969 0.009555458133613482 -0.4784841490684339 -0.024989892760644096 -0.00948080918528997 0.9996427459432711 29.91096881339675
0.9996751746652979 -0.005326751069274844 0.02492329996113577 0.23671883590860074 0.005063688267373413 0.9999309321700492 0.010606127977148579 -0.4878245078819418 -0.02497807476643537 -0.010476479016481074 0.9996331022772201 30.75569837509939
0.9996729947328792 -0.007239825122450057 0.024525263178888184 0.26002235591405914 0.0069796751847979845 0.9999186452097237 0.010676473962213006 -0.4983670093707379 -0.024600563735656594 -0.010501804328182759 0.9996421981737966 31.615950563108633
0.9996546712086658 -0.008283843913798175 0.024938248950291477 0.2820809342029417 0.00803272513732386 0.9999161922776807 0.010153016683382076 -0.5088875926988043 -0.02502026493790763 -0.00994918845517856 0.9996374342688052 32.464746821167466
0.9996229255150204 -0.009490016275710106 0.025767156922705575 0.3064796500418969 0.009233667345555065 0.999906869188778 0.01004949433794123 -0.5167431435998289 -0.025860127071308178 -0.009807779574574465 0.9996174574744441 33.35439367918412
0.9995837909269655 -0.00864984381224836 0.02752135749015883 0.3357047929405669 0.008337302770925897 0.9998996785094548 0.01145086456105307 -0.5231096845405652 -0.027617644696521892 -0.011216644717266324 0.9995556275579179 34.342121246211846
0.9995238958397814 -0.009059154732487138 0.029494293698945295 0.3711390440691794 0.008714872720512232 0.9998926292493554 0.011780533361323219 -0.5287378202511349 -0.02959784854904254 -0.01151788558481258 0.999495525589246 35.37601040408905
0.9994515634237208 -0.010817361398051322 0.031297876321966046 0.4084157776163735 0.010496808297737664 0.9998909446659103 0.010388252532294449 -0.5334721473845893 -0.03140683660354348 -0.01005402742676413 0.999456115668447 36.36190559125877
0.99938694272626 -0.012811366405554137 0.032582320345280386 0.44712321413011846 0.012424630300172181 0.9998502691527353 0.01204441103198883 -0.5366782872520509 -0.032731747129719116 -0.011632203833585864 0.9993964801638086 37.350299708130386
0.9993190442060312 -0.014386402200816325 0.03397762968280014 0.48719112700966116 0.013997736918624467 0.9998341662850893 0.011649175514095791 -0.5396380153671752 -0.03413958477049962 -0.011165633019116222 0.9993547004897612 38.364415203823384
0.9992800359933733 -0.013776408727988874 0.035349967859146396 0.5266122251892298 0.013437183012692852 0.9998615353271141 0.0098159200277116 -0.543773221412181 -0.03548030126375321 -0.00933384893098356 0.9993267871354029 39.40174223934204
0.9992261743069879 -0.01185226637322855 0.03750435123608831 0.5677926015788801 0.011420514007182166 0.9998662683571724 0.011705437254352448 -0.5484147068880034 -0.037638071677937965 -0.011268060317635059 0.999227905123273 40.48271632390801
0.9991568783437964 -0.010922913334429426 0.03957552807694697 0.6087721731993252 0.010389136750065859 0.9998526122963706 0.01366819379849532 -0.5513898672197641 -0.039718991627042885 -0.013245514275155145 0.9991230945462714 41.51102161029021
0.9991053486231478 -0.009032930040797676 0.041314749515118404 0.6447959942737054 0.008457982870592018 0.999865240306404 0.014069959231604114 -0.557021757352064 -0.04143627490954865 -0.013707932079503632 0.9990471098600526 42.432246679382544
0.9990118492893433 -0.008120183843037794 0.04369653983832541 0.6788950902317099 0.007499590821493704 0.9998689429747691 0.014347578612055437 -0.5629743165152139 -0.04380731807583358 -0.01400569487295119 0.9989418198244222 43.28258454917906
0.9988900634824426 -0.00928333359128821 0.04617857504812386 0.717148964597925 0.008651463946942693 0.9998664580956734 0.013864275920100984 -0.5667240987433454 -0.04630111497164074 -0.013449375176817737 0.9988369842270239 44.10038877280792
0.998796158988306 -0.009182519141159404 0.04818624422414622 0.758108993415406 0.008488918095909159 0.9998576834889349 0.014579130210775363 -0.5696090199292124 -0.04831325966820873 -0.014152530175344548 0.9987319634565964 44.947310416377995
0.9987317366716791 -0.00877104017364422 0.04957809011089917 0.8006605591248555 0.00805108843473506 0.9998594958720555 0.014702669468362422 -0.5739694682227547 -0.04970008188914972 -0.014284865023939155 0.9986620271600697 45.79747724807041
0.9986845728278172 -0.009524043624546787 0.050382701284850624 0.8432215571910266 0.00878624062634715 0.999851199288351 0.014845243591904332 -0.5789346205204552 -0.050516591050630874 -0.014383041218211795 0.998619648391688 46.63250564458921
0.9986984578780571 -0.010913171126147158 0.04982261462390827 0.8869084973435102 0.010156261512316713 0.999829521442786 0.01542006496690977 -0.584783154376493 -0.04998240274421067 -0.014893983599484448 0.9986390382257515 47.49420137166466
0.9986774707081005 -0.013570927513784917 0.04958971089335873 0.932265053076927 0.012816054597427599 0.9997975928361785 0.015508775049614192 -0.5927932418072837 -0.0497901420426479 -0.014852719798049656 0.9986492569816361 48.37006149527569
0.9986682532610465 -0.01421528539681698 0.049594814140367476 0.9720602561367072 0.013461248875538437 0.9997891729854378 0.01550497854902781 -0.6019377339675599 -0.04980476590891037 -0.014816721708328033 0.9986490625092364 49.1956466432732
0.998674024768061 -0.01651804820299036 0.04875803869236669 1.0150073050234139 0.015841143250223684 0.9997731588114804 0.014236892239563306 -0.6070242118363135 -0.048982144033193634 -0.013445631397548124 0.9987091491331362 50.018255719731286
0.9986525663069178 -0.020390456433719503 0.047720866453075536 1.0632198548927811 0.01964594521906844 0.9996786659280977 0.01601879285929493 -0.6105329535439106 -0.048032162610661615 -0.015059687069930203 0.9987322550014588 50.90094859183132
0.9986295831187457 -0.020326041631595945 0.04822662907223723 1.1058357853995995 0.019722460480461983 0.9997215111175686 0.012958578679880924 -0.6155878215867897 -0.048476595101936956 -0.011989672238917852 0.9987523554349829 51.791640884656395
0.9985878148947717 -0.017981379853086597 0.04999045831220819 1.1496143698043573 0.01740559687691505 0.9997773417961269 0.011929460525506953 -0.6202540605169267 -0.05019383568770106 -0.011042500153964897 0.9986784477745106 52.75375138899659
0.9985364113988592 -0.01771752832028155 0.051099161450153294 1.2013563971051688 0.017026606323089763 0.9997580653587758 0.013924992897563392 -0.6256919593202553 -0.05133351524888321 -0.013034567131235781 0.9985965002301451 53.79334645858893
0.9984225657190552 -0.017957991859958587 0.053196717862448596 1.2588872030259313 0.01724834494507754 0.9997564210058493 0.013769286627546182 -0.6294122558362323 -0.05343102899659437 -0.01283001114315825 0.9984891165928809 54.84740954485231
0.9982783780964171 -0.015614933938094728 0.056537188321459875 1.3192647434502949 0.01485841783715314 0.9997946951278616 0.013776611105921589 -0.6333227692461165 -0.05674070183355017 -0.01291283982306642 0.9983054398945946 55.93548430299145
0.9981373492432506 -0.01273643539048484 0.059662511338374115 1.3840877614604812 0.011980260765751557 0.9998435316711295 0.013014819529628362 -0.6367304918068918 -0.05981893845298662 -0.012275805022409207 0.9981337581774347 57.07018428294434
0.9980307859636105 -0.01036538190512502 0.06186363331408305 1.4523729851225902 0.009547561435660549 0.9998632777739503 0.013500734415784926 -0.6401947698193899 -0.06199511544864402 -0.012883501740372406 0.99799329709343 58.197142246561285
0.9979445424606144 -0.00816795963953473 0.06356079458599097 1.5208629422518012 0.0074560714932836065 0.9999068851035692 0.011429265959183248 -0.6433620505630832 -0.06364822991225007 -0.010931859759694735 0.9979125198489254 59.29837166460947
0.9978185353116928 -0.00495204222495152 0.0658304478659437 1.588554806998463 0.0041444872897888445 0.9999145514508407 0.012398105579883537 -0.6472616868046656 -0.06588621869202396 -0.012098226095897602 0.9977537968415853 60.39263347116831
0.9976674319152866 -0.0030269369171551518 0.0681948161406499 1.6560403530873433 0.001967850702162752 0.9998764988755331 0.015592131349540602 -0.6500831303288603 -0.0682335904021727 -0.015421564424755759 0.997550175425538 61.4150945370714
0.9976125961356911 -0.003950562821609666 0.068945638620579 1.7241900066737172 0.0028365913846526846 0.9998639741944153 0.01624767237075793 -0.652965539226292 -0.06900044768494959 -0.016013312010433437 0.9974881012111038 62.384460308181275
0.997639510150701 -0.004366020808493322 0.06852988872433435 1.7869963267055535 0.0035605182228217206 0.9999231888194214 0.011871780455601279 -0.6558311637976612 -0.06857645730317943 -0.011599755320731783 0.9975784255787835 63.29552421093316
0.9976324752326875 -0.00329885029570895 0.06869178952267761 1.844084421774681 0.002448126403258754 0.999919310055836 0.012465153612202452 -0.6566204027607582 -0.06872736746169605 -0.01226747586867964 0.9975600523264735 64.14445857035837
0.9975357771562205 -0.0014397439127836241 0.07014485320250596 1.90087429745006 0.000349790678399877 0.9998790549538783 0.015548411848855399 -0.6585998638758294 -0.07015875526131289 -0.015485561081404982 0.9974156337546437 64.99302029306232
0.9974711966217146 -0.0006748869064529678 0.07106867409561486 1.9607011280605142 -0.0005067197163704592 0.9998619671281367 0.016606924031354185 -0.6593702625043627 -0.07107007207801501 -0.01660094028414131 0.9973331708293415 65.87276522478827
0.9973720805507904 -0.001180536642147802 0.07243990109756294 2.0227301248661465 -6.650470412672603e-05 0.9998518945249509 0.017210014293777567 -0.6595994430019214 -0.07244948940408392 -0.017169605356683222 0.997224285773759 66.75247774889469
0.9972420937414113 -0.00202537856079744 0.07418965097594228 2.086298997988648 0.0007032576692875345 0.9998405605234387 0.017842616423267916 -0.6589685610108973 -0.07421396026959648 -0.017741233718733974 0.9970845183469856 67.60534580024182
0.9971335701499032 -0.002240508369438424 0.0756281918490368 2.1553584663817085 0.0009754668376958653 0.9998590669677849 0.01675991249263015 -0.6599456369408844 -0.0756550840628492 -0.016638098586032615 0.9969952266339519 68.49446897526447
0.9970158971136058 0.001180551409863439 0.07718748085746022 2.221677838292594 -0.0023830805764786236 0.9998771971801765 0.015489076346957004 -0.6619862426707047 -0.0771597163662368 -0.015626799335901182 0.9968962740991651 69.42305288186691
0.9968858986853572 0.0037853134400566454 0.07876659447030215 2.290070338033748 -0.005263517860211916 0.9998137497050625 0.018567748394444073 -0.6652610484711058 -0.07868163942130159 -0.01892451592154146 0.9967201524576054 70.3713183866212
0.996831507575611 0.004367366020801349 0.07942211038857885 2.3638685703363005 -0.005879659572067701 0.999805649811667 0.018817337962324484 -0.669103201169454 -0.07932449248404827 -0.019224690341123694 0.9966634518098056 71.3340692585336
0.9968447234600581 0.003977793783118758 0.07927656946702355 2.4416609778692155 -0.005425890925681495 0.9998221937759937 0.018059361578513258 -0.6712115426202256 -0.07919063718334018 -0.01843252531748851 0.9966890613390503 72.3212879160305
0.9968629893179273 0.005379251832760505 0.07896356234268083 2.51941765965834 -0.006884098937511356 0.999799608651546 0.018797652035178917 -0.67308320398219 -0.07884662142378225 -0.019282276575572018 0.9967002579010996 73.32798996609708
0.9968843948989007 0.005887003971245711 0.07865650889338918 2.5996395623912116 -0.0073519022327855725 0.9998046420759514 0.018347403547636865 -0.6741736210065432 -0.0785331314835517 -0.01886851524690833 0.9967329263106366 74.35551644757842
0.9969368435499069 0.005237788595881925 0.07803521989059861 2.6787214006481155 -0.0066982287880473675 0.9998070671421232 0.018465162435525984 -0.6752269180136808 -0.07792344771538401 -0.01893129851046238 0.9967795855819159 75.37137113266965
0.9969699232332142 0.006085385779418262 0.07754959863387877 2.751237312962925 -0.007577729191414682 0.9997914504134457 0.018964010664451834 -0.677115750125007 -0.07741802237632789 -0.01949419811368281 0.9968081189733776 76.33918977001608
0.9969990274080158 0.005946985920930564 0.07718531405602944 2.8217992780147214 -0.0074458360332193335 0.9997889802144325 0.0191456148387212 -0.6788613441062749 -0.0770551677257148 -0.019662868565967218 0.9968329211690994 77.2779947755337
0.9970114655404485 0.006611279463539295 0.07697030963133217 2.891665174395723 -0.008122209595986295 0.9997800973135175 0.01933356477873708 -0.6797735452001171 -0.07682556405368604 -0.019900954741663462 0.996845918238222 78.21286578843129
0.9970169344972049 0.007024609432884327 0.07686278155331655 2.9659488151997357 -0.008556713049571642 0.9997708570766218 0.01962182463650097 -0.6799955809087955 -0.07670733333642034 -0.020220984214269534 0.9968485826893781 79.19546643626215
0.9970163761371531 0.007875627339746276 0.07678750033921813 3.042533675000063 -0.00946110633572035 0.9997490507126878 0.020305739730058333 -0.6808695101231474 -0.07660831013176156 -0.020971649746410442 0.9968406877358439 80.21993561931964
0.9969885689715452 0.008646050982469256 0.07706516166517811 3.120541082555483 -0.010247019562684046 0.9997393231295578 0.020403048265800305 -0.6812460753822542 -0.07686866676451107 -0.02113129411236207 0.9968172733650756 81.25764277473303
0.9969110722043708 0.010041205223969556 0.07789408394726126 3.199267109170669 -0.011757009621972934 0.9996975571542869 0.02160016075174688 -0.6806508097980115 -0.07765363379186885 -0.022449240909273433 0.996727618129204 82.28739168373771
0.9967894533910139 0.011202579490440746 0.07927980714662013 3.28084722396547 -0.012915166726603288 0.9996934806271383 0.02112210358896143 -0.6799212519560264 -0.07901888430539211 -0.022078202018260756 0.9966286012947714 83.32929644942824
0.996652470840191 0.012601521273787407 0.08077780654195765 3.367056075370195 -0.014284973558349833 0.999691946321923 0.020296600442534955 -0.6789901729625047 -0.08049715459928307 -0.0213825658112619 0.9965254607789741 84.41862288470358
0.9965751029284655 0.014852744329394827 0.08134777322708489 3.452438106347831 -0.016642558242225516 0.999633143194384 0.021368300879373095 -0.6777166341885379 -0.08100055233313974 -0.022648951702074736 0.9964566902322066 85.49757171913039
0.9964967243881827 0.016404280050087188 0.08200718187855219 3.540687724695972 -0.01823136954675622 0.9996008669157053 0.02158064006977817 -0.6729376826866303 -0.08162043523574972 -0.0230001403780502 0.9963980620688286 86.58961453065454
0.9964124926265263 0.01871415554912179 0.0825343862876398 3.6310699541841815 -0.020597119131302695 0.9995452894416432 0.022022103408020872 -0.6650793416840984 -0.08208473196207058 -0.02364306953646062 0.9963448710369365 87.6928371207047
0.996415301844624 0.019818303131694026 0.08224221003151794 3.7140695461752666 -0.02175223867544984 0.9995059695106671 0.0226860535384385 -0.6579619031439408 -0.08175198078636543 -0.024393683065968504 0.9963541347653371 88.71872863447739
0.9964321774476921 0.021134232336227285 0.0817083837216895 3.7953905697193338 -0.02311254376372776 0.9994603298013736 0.02334222513173348 -0.6514536047760117 -0.08117096813283818 -0.02514743280911839 0.996382898566354 89.72054365247398
0.9964190012347814 0.02187059832457431 0.08167527720924601 3.884813359158236 -0.02390509539303516 0.9994257421716876 0.02401525137954069 -0.6416531651360522 -0.0811031466253432 -0.025881708086943702 0.9963696185622939 90.77414748768425
0.9964198103525407 0.021858677806009197 0.08166859703448573 3.972479732377864 -0.023948005807120303 0.9994082349279103 0.024691556778418753 -0.6304539181598696 -0.08108054362712572 -0.026558956358502184 0.9963536356546693 91.78266660054317
0.9963487987156932 0.02300860899976057 0.08221724399232092 4.05276484790658 -0.025118106603437093 0.9993789085412991 0.024715943911995112 -0.6210018668410818 -0.08159750007478807 -0.026690842525080635 0.9963079076805759 92.73130327937074
0.996145656024068 0.025894805007978687 0.08380507775773083 4.132079027033511 -0.02813687140876155 0.9992740714290311 0.025683586918017264 -0.6130653626704079 -0.0830791697822465 -0.027942606235769954 0.9961511242301772 93.67863136742285
0.995900743575142 0.02755446415093831 0.08615370248477754 4.207615212398561 -0.029953255594749047 0.9991952907667231 0.026675332966622584 -0.6031398386706133 -0.0853493492989637 -0.029146567807534374 0.9959246789588482 94.55742530748175
0.9957568802892931 0.02908158443962013 0.08730691154208499 4.280509510347201 -0.03158203871877852 0.9991256297779197 0.027396181325900607 -0.594038960535971 -0.08643384861789827 -0.030037266309657612 0.9958046758505111 95.37602272451859
0.9955959610938228 0.02925631595967018 0.08906598806579881 4.354467676628996 -0.031960623834988856 0.9990657231625614 0.02908950542287258 -0.5859186420776867 -0.08813172401438304 -0.031807998650291325 0.9956008489571091 96.18733115413505
0.9954734702115485 0.02871325636474372 0.09059867004493734 4.427819836942954 -0.03151461297368427 0.999063630774362 0.02964271973130892 -0.5778991361557004 -0.08966269722743 -0.032363723099831085 0.9954462266506515 96.96854360673343
0.9953778164306438 0.02835262631633592 0.09175582345950374 4.502323010596323 -0.03124308790177484 0.999054868412456 0.030219850425390538 -0.5693411967734094 -0.09081229000596418 -0.032946903987130835 0.9953228770110412 97.79830947330692
0.9953880518736781 0.028296634260933946 0.09166202417920198 4.582340737943955 -0.03123282811922973 0.9990387629642529 0.030758097186444597 -0.559943254247291 -0.09070356462014208 -0.03347910668400597 0.9953150319275006 98.68882535496601
0.9954507523366546 0.028684789455724058 0.09085693438737143 4.657451338663043 -0.031669240616336074 0.9989994438586303 0.03157800451157189 -0.5512728913102677 -0.08986021851283756 -0.03431171846511076 0.9953631734722744 99.53314359673477
0.9953949720910528 0.02937046897803614 0.09124815114765088 4.727016339576678 -0.03245864798737518 0.9989430430771135 0.032545857780502084 -0.5441496481168117 -0.09019581867628874 -0.03535777481470257 0.995296208198076 100.3305240421822
0.9951936147104128 0.029978093646143813 0.09322544256246498 4.796782380612878 -0.033219033897432755 0.9988895517494043 0.03340896874786768 -0.5370032963709644 -0.09212038333911562 -0.036345251508523274 0.9950843470109644 101.11835092351043
0.994870926469893 0.028588394584890993 0.09702856981321198 4.875098856781956 -0.03198513340735175 0.998922259163394 0.03363437807981465 -0.5268881922019063 -0.09596244528904346 -0.036565336631303916 0.9947131170599831 101.93352023802154
0.9946122041358173 0.02722664540238603 0.10002636234626502 4.9536622959416166 -0.030612842202694987 0.9990036068966066 0.03247533371413381 -0.5174801964959902 -0.09904250237330658 -0.03536245449207657 0.9944546643944763 102.74614010527168
0.9944924047805911 0.026645164260198747 0.10136514221006322 5.033331595706607 -0.029959481240967322 0.9990604284889423 0.031315965756530006 -0.5082023317537916 -0.10043548335867862 -0.03418033716976846 0.9943562833479107 103.58364997354295
0.9943913610956812 0.02772573939231054 0.10206421681192 5.1164270666861436 -0.0313073416984157 0.998942922276043 0.03365840742487535 -0.4985911469304905 -0.10102312276929251 -0.03666498888244666 0.9942082313359668 104.46584294006904
0.9942423028038093 0.027466467447211505 0.10357526964170657 5.20734917200571 -0.03132508198382011 0.9988674356576107 0.03581319898440629 -0.4878110163351816 -0.10247430192047113 -0.038851501242049793 0.9939766487685473 105.3818764452957
0.9940658737992623 0.027540742090128745 0.1052356692041093 5.295786812607551 -0.03140639828074164 0.9988847673347494 0.03525421582783616 -0.47605107661222906 -0.10414737968255902 -0.03835008620237027 0.9938222145804191 106.26822057729224
0.993734551102102 0.028530003195615283 0.10806331876989897 5.385429153149033 -0.032611234936228715 0.9988127008834685 0.036189721051776765 -0.46293012235813474 -0.10690252242973822 -0.03948705448029132 0.993485089584454 107.14831429364921
0.9934464268679045 0.029635928080045133 0.11038980347038592 5.4835418982661155 -0.033758570462829235 0.9987934202486081 0.03566598643517097 -0.44842136200121335 -0.10919961475986165 -0.03915884874357254 0.9932482210914735 108.07097559704238
0.9931007897398709 0.030748782134161216 0.11316065489079376 5.574818968497485 -0.03512141740160835 0.9987033678870858 0.0368519878798177 -0.43590208050633017 -0.11188077340521652 -0.04057210086078992 0.9928930441764577 108.91764953796655
0.9928571553617473 0.03324184418124632 0.11458467978927794 5.657663547670781 -0.03763974111786324 0.9986269943592002 0.03643317205089373 -0.42381874607216813 -0.11321624854923354 -0.04048587324659704 0.9927451712961888 109.7077113591055
0.9927138353351543 0.035448816209486374 0.11516346019253028 5.750363663716445 -0.039643424977964435 0.9986236834607923 0.03433857433289455 -0.4084606223450895 -0.11378769700713219 -0.0386538518202943 0.9927528593508399 110.57425037923542
0.9924938757025557 0.03810483775570552 0.11620640271746441 5.852747571971191 -0.04257922238903716 0.9984346415106836 0.036266740302619165 -0.39237466000780885 -0.11464255978329793 -0.0409424959063814 0.9925627413495277 111.51803032962343
0.9923398323176371 0.040171028742270846 0.11682442229942214 5.963877964686581 -0.04472194369615325 0.9983288935745841 0.03659737703968548 -0.37634768590723333 -0.11515904197171895 -0.04154165023123712 0.9924780533332827 112.51528981698829
0.9923982354103991 0.04109709051821857 0.11600332540606663 6.081705734481779 -0.04555620693203533 0.9983109944725543 0.036052604970863246 -0.3596741199464262 -0.11432573797834837 -0.04106321305203577 0.9925942968653154 113.54475308587124
0.9925001066480514 0.041045078816949805 0.11514703560456577 6.196323666348781 -0.0454219057456742 0.9983316800865422 0.035646977628024316 -0.34258365019915404 -0.11349180050576253 -0.040609826895619115 0.9927086446573682 114.54430683448894
0.9924278589391016 0.042466774723041834 0.11525414459435043 6.300492775487741 -0.046826896983654664 0.9982759351119248 0.035389251126489156 -0.327261477297928 -0.11355257161524422 -0.040518272680778594 0.9927054361987405 115.47985662946355
0.9922542088595285 0.04281786985190992 0.11661138461530246 6.402809028396575 -0.04714591426610104 0.998288169234377 0.03461204898136989 -0.31277894096334813 -0.11492975145090367 -0.0398417016205407 0.9925743251985788 116.39122952036048
0.9920607155682774 0.04414389293006601 0.11775760418392733 6.509572652327772 -0.04842937644110794 0.998255185474822 0.03378135832310174 -0.29952424773984293 -0.11606089834084965 -0.03921608585271098 0.9924676148301811 117.3358979062657
0.9919721265488037 0.04423691416971663 0.11846685433059882 6.618866268981598 -0.04842176475119541 0.9982921673604106 0.032681512896947734 -0.2857008475939702 -0.11681880348910458 -0.038155523998427684 0.9924200336247653 118.27935161220468
0.9920147645629486 0.042570290575749424 0.1187201636177104 6.729380553852133 -0.04687462755506762 0.998332101740036 0.033701393545312104 -0.27199560708921683 -0.11708747234735793 -0.03899724343615282 0.9923556513789242 119.21910911746862
0.9919922527403249 0.042659903611469874 0.11887599895284809 6.835430535377279 -0.04688518074158153 0.9983558531346857 0.03297529891514185 -0.25937733965210513 -0.11727382627852909 -0.03828476375235739 0.9923613890788076 120.13951270234683
0.9917803551358776 0.043529418023853975 0.12032006039334926 6.942823446844509 -0.04784399787418789 0.9983027574554202 0.033204763578725253 -0.24523831455472409 -0.11867046403368148 -0.03868842492799244 0.9921796847056599 121.08304992937536
0.991519271766787 0.045031860785723424 0.12190842968899965 7.061175677310138 -0.049332166597875496 0.9982539087027953 0.032488014687733505 -0.22961231860844572 -0.12023257068624105 -0.03822649962743322 0.9920095078538373 122.10096333354441
0.991374878114704 0.04661639068210613 0.12248576718472709 7.185654657457089 -0.050821473536999284 0.9982129881995258 0.03143259482290817 -0.2131769976301423 -0.12080160955296061 -0.037386392037027025 0.9919723931742598 123.1286922484432
0.991207715846982 0.04936411168593577 0.12276175513110527 7.30932920410326 -0.0535416897863139 0.9980853903036504 0.030965159732116467 -0.1976930013854379 -0.12099814668100112 -0.037265777059761064 0.9919529778975894 124.14739153403463
0.9909333173150513 0.0527781144905472 0.12355416328806186 7.4330353948197185 -0.056811410850893085 0.9979534492335125 0.029349220774427063 -0.18310799705861336 -0.12175230688624068 -0.03610240703551113 0.9919037211212192 125.17683939283035
0.9905124228020307 0.05666068144661445 0.12519867192929407 7.559796594821129 -0.060700657264647954 0.9977436178633381 0.028689775541416357 -0.16819343933011702 -0.12329059364969173 -0.03601722075594383 0.9917167888699496 126.2250442745365
