0.9999988320355087 0.0015271105226379639 -6.213750899339572e-05 -0.004438643491922378 -0.0015273820201981746 0.9999881010162742 -0.004633026012250135 -0.019862641182720662 5.506162684522485e-05 0.004633115508754283 0.9999892655468356 0.9397847944164276
0.9999959092170859 0.0028546705826383747 -0.0001800137718949661 -0.008149609183492834 -0.002855124739447064 0.9999926081783321 -0.0025752381285864493 -0.03846649717636244 0.00017266098473630207 0.0025757415556198924 0.99999666786626 1.9075800144521002
0.9999891953490571 0.004449597292329059 -0.0013454624043125207 -0.013540098136846812 -0.004450023792477195 0.9999900492450593 -0.00031416414554315383 -0.05829279739806478 0.0013440511120144977 0.00032014809082029727 0.9999990455154487 2.8282307073394928
0.9999836652228565 0.005293095213758315 -0.0021569493549786828 -0.018332125303928908 -0.005292095906591051 0.9999858869018479 0.00046874090942701665 -0.07516903926239882 0.0021594000040049076 -0.00045731846979651583 0.9999975639227527 3.6599380639712433
0.9999754680639005 0.006317256860453142 -0.0030258116501162826 -0.025772771212314558 -0.006307493698221512 0.9999749059308631 0.0032253731269748145 -0.09231781203823382 0.0030461112307034427 -0.0032062087144122528 0.9999902206682072 4.443633882191515
0.9999651867867625 0.007105924272064154 -0.004373906120941131 -0.03448023961062759 -0.00708781872629438 0.9999663064065875 0.004141120291658507 -0.10852251194802194 0.004403185235520701 -0.004109974672243691 0.9999818598694554 5.178714341144151
0.9999514130190025 0.007477039019993007 -0.006423821977134246 -0.043692999332054255 -0.0074573893771354175 0.9999674579532002 0.003077397974321889 -0.12260051189467532 0.006446622757552885 -0.0030293435110720977 0.9999746317446827 5.85696140117673
0.9999349672456431 0.006600153009150868 -0.00930049782057791 -0.052196477749352925 -0.006577069466966458 0.9999752197865496 0.002510372495912753 -0.13441850500266342 0.00931683619483971 -0.002449039219231569 0.9999535983085522 6.489794534636324
0.9999116920774512 0.006690571869042275 -0.011482347097780513 -0.06320326174649865 -0.006663886983402387 0.9999750095853067 0.002360681074969055 -0.14634377996829526 0.01149785445555686 -0.0022839555447637144 0.9999312890843993 7.153817391546018
0.9998983945109919 0.006250737237821221 -0.01281128168157759 -0.07484301433905631 -0.006204126893017667 0.9999740021858486 0.003674746509794887 -0.15947862559354675 0.012833918491105727 -0.0035948903181640766 0.9999111797053597 7.908432708211591
0.9998932488540684 0.00501077538041209 -0.013725269620064193 -0.08655054715747787 -0.004957951363327874 0.9999801819813329 0.003879995213781153 -0.17286310919718637 0.013744439396907988 -0.0038115318006210312 0.9998982761316262 8.755304858767005
0.999884801466719 0.004486511063284953 -0.014500172907218369 -0.10042275148470642 -0.004433672110624407 0.9999834215720148 0.003674116593303309 -0.1876239717981754 0.014516416481889716 -0.00360940432824269 0.9998881166675199 9.656262186817768
0.9998887443034066 0.003058478031622335 -0.014599476959370434 -0.11286986807310281 -0.00296606661394187 0.9999754572120565 0.006347237381713996 -0.20268383272890914 0.014618531533596806 -0.006303228194207446 0.9998732758955672 10.526726247179194
0.9998887457801037 0.001684172004933639 -0.014820918559566514 -0.12475846518757346 -0.0015813166231741882 0.9999746060434861 0.0069488636417643496 -0.21844614097129256 0.014832245279416682 -0.006924653986471765 0.9998660178579623 11.360170875131042
0.9998648729730042 0.0010413407583402103 -0.016405834453137976 -0.14059223026530193 -0.0009584216217704405 0.9999867322535925 0.00506129872431736 -0.23504749366190456 0.01641088732133862 -0.00504489109960493 0.9998526050629261 12.205171495706729
0.9998224634787465 -0.00022131682082252428 -0.018841245769748875 -0.1568442832516036 0.0003127159845688832 0.9999881984798086 0.004848206866443934 -0.252245069649509 0.01883995042467613 -0.004853238091383938 0.9998107332630634 13.003778698570365
0.9997719390779138 -0.0009582761381501879 -0.021334280846367477 -0.17490210388314056 0.0010487687765158224 0.9999904998683781 0.004230869537663604 -0.2682808278222486 0.021330023826569813 -0.004252279369276707 0.9997634461229936 13.774144314777345
0.9997411403462562 -0.0014553416177755804 -0.02270537997795402 -0.19499038438881838 0.0015891969563088663 0.9999814593553734 0.005878384006820932 -0.2832203486594728 0.022696403948682352 -0.005912945651125153 0.9997249173255237 14.555746287232466
0.9997071013583934 -0.002374172979034927 -0.024084741980450082 -0.21555959225190863 0.002538251777773834 0.9999737650669268 0.006784280049293875 -0.2992324512359066 0.024068003064480904 -0.006843426082032258 0.9996869003582812 15.335698078978155
0.9996251887054369 -0.00269213984218077 -0.027243980779065265 -0.23712762162763748 0.002854998593095461 0.999978278553411 0.005940656898870021 -0.3142486203071694 0.027227395921265735 -0.0060162118003617504 0.9996111614557532 16.068502938285015
0.9995629681999805 -0.0025340816411427783 -0.029452521682885438 -0.26150084824148484 0.0027679997744155943 0.9999649306401739 0.007904155049145963 -0.3313219628213029 0.029431459027605973 -0.007982225255411398 0.9995349285039911 16.754279493942352
0.99955950873032 -0.0020794725056794187 -0.029605139771661355 -0.28705573180664307 0.002305351752458617 0.9999684800848508 0.007597643719653984 -0.35086001439851483 0.02958840752894481 -0.007662547284779718 0.9995327966150036 17.40147233848536
0.9995926727145431 -0.002061787053435232 -0.028464674414834995 -0.30904041547461375 0.0022035387035695846 0.9999853235966226 0.004949445275962353 -0.36640491382959167 0.028454051953599624 -0.005010152243611172 0.9995825455168362 18.006429578479224
0.9996561128366026 -0.0012326953683618137 -0.026194207957912097 -0.32809534448248323 0.0014154390383026801 0.9999747834409503 0.006959095814367503 -0.38121306022013346 0.02618496898494202 -0.006993778975169136 0.9996326497543506 18.622465411272685
0.9997623413719484 0.001257817713987028 -0.02176416019693362 -0.3469075770010759 -0.0010556271498455146 0.9999562055543674 0.009299065793529297 -0.39603736948373497 0.02177490357728178 -0.009273880951913175 0.9997198851209722 19.261747278250258
0.999864273202764 0.0034183096457229348 -0.016116771757210237 -0.3610672766933284 -0.0032453567566984257 0.9999370021246894 0.010745205508087054 -0.4075456484809169 0.016152486874466243 -0.010691442421639372 0.9998123775122586 19.88713472106869
0.9999436816277768 0.0053205925705496725 -0.00918285725606549 -0.37209689264396806 -0.005215255906579452 0.9999207649838691 0.011457087758384556 -0.41754644473084024 0.00924308814823008 -0.011408551563307614 0.9998921993258632 20.51195760933491
0.999966464015997 0.00786227210312639 -0.0022924922507747323 -0.3789535759464554 -0.00783497168440254 0.9999010453923087 0.011683862463810979 -0.4269523035172039 0.002384127104009411 -0.01166550902211477 0.999929113406149 21.11258983412894
0.9999426484254534 0.009669365722347889 0.004604696126449909 -0.37917475032056586 -0.00971138260706564 0.9999105980581618 0.009191568899195972 -0.4346445825604454 -0.004515407816426144 -0.009235759714120282 0.999947154521055 21.6507725565307
0.9998923062800231 0.008994719860366842 0.01159615697760982 -0.3732591015066844 -0.009116750408949369 0.9999031677150098 0.010513803092628992 -0.4457398047878955 -0.011500465381747314 -0.010618390090930713 0.9998774870392273 22.194311586409736
0.9997536943475753 0.009856350248997591 0.01988474284831241 -0.3643894770882012 -0.010089604766575026 0.9998810648878804 0.011664302565236758 -0.46255340789426086 -0.019767410402699023 -0.011862058777807806 0.9997342352082993 22.72601111037995
0.9995095616974745 0.010890672527799123 0.029360335951996393 -0.3509082430307891 -0.011216494279926098 0.9998770752144434 0.010955579248922338 -0.4786205573041645 -0.02923741321304326 -0.011279526253494595 0.9995088523650535 23.27088492257919
0.9991369745652346 0.009373986072437196 0.04046522509195924 -0.3255679693789752 -0.009832229263088967 0.9998896049982211 0.011140246147203355 -0.4947725889799285 -0.040356329421135824 -0.011528495201715422 0.9991188420173231 23.860235599949757
0.9984424591839259 0.009938680885612165 0.05489880072467799 -0.2899601550204706 -0.01041309838956706 0.9999108149493426 0.008362387773312956 -0.5077949531558958 -0.054810793468833635 -0.008921029626451495 0.9984569055045495 24.462414502148008
0.9972366996673109 0.012333173442192107 0.07325884021395508 -0.24156033910683852 -0.012966362004332736 0.9998825238386865 0.008173859452650955 -0.5214153795039603 -0.07314942442030282 -0.009101173266337807 0.9972794645194266 25.048769689500862
0.9955856688907158 0.011998830836136717 0.09308707728783386 -0.17573699420036482 -0.012881118565618363 0.9998775768026025 0.008883028304285504 -0.5371147812624278 -0.09296909531626016 -0.010042881355568717 0.9956183444724961 25.639827766360003
0.9933166372446203 0.012735602772461906 0.11471644430970152 -0.09468286852773916 -0.013986689733825119 0.9998510936158267 0.010107576639613139 -0.5537814263027528 -0.11457063621769983 -0.01164452735228023 0.9933468549803806 26.266966413300107
0.9902357496486212 0.01500512210946795 0.1385929523039044 0.0026155280326987246 -0.01654219999091272 0.9998137057758927 0.00994531860414884 -0.5693523391075304 -0.1384179025173154 -0.012140842357815925 0.9902994921787799 26.892919485578318
0.9863186727358344 0.01740338950318999 0.1639286364440982 0.10562494284729859 -0.01948284845002618 0.9997487302192256 0.011085803593798255 -0.583845423276207 -0.1636945155736575 -0.014127931867305047 0.9864099082593697 27.44690271703707
0.9812234309948131 0.01819719674795399 0.19201416743897423 0.21708289178635684 -0.02081264787507158 0.9997159474649554 0.011612840852934956 -0.5977554828638094 -0.19174830417814515 -0.015391114799245981 0.9813234438400225 27.942651335363696
0.9744603840794893 0.01665992047275243 0.22394063255580665 0.35550495678223804 -0.01982998922014247 0.9997323756824515 0.011914215872288247 -0.6124631344596689 -0.22368221070791994 -0.016050671704449487 0.974529960827605 28.429818884966274
0.9652291353658324 0.016332496017499296 0.2608945492239441 0.5171857049226503 -0.019715649757193292 0.999751998407559 0.010355425377299879 -0.6273136240556826 -0.26066071701654303 -0.015139063839336669 0.965311762774333 28.91370131577728
0.9536524772927008 0.017316249738857856 0.3004115511235801 0.6960609743201344 -0.021002182861548275 0.9997385187950458 0.00904446529867703 -0.6407600364796516 -0.30017638292934373 -0.014934575068290006 0.9537667941373225 29.38972631291546
0.9392197399371628 0.019221022970983024 0.3427781095523988 0.8981308194437111 -0.023862606173261684 0.9996717260712475 0.009328243154708463 -0.6553212801518937 -0.34248628605973 -0.016940849142899943 0.9393700822845756 29.860839617060314
0.9207542319041216 0.017244240084878838 0.3897618254967321 1.1375611730228623 -0.02268903712779285 0.9996986619904138 0.009369781683200745 -0.6680580466182977 -0.38948280067913615 -0.017470586666516484 0.9208680288600881 30.335119059115655
0.8991360369586059 0.015939796903119374 0.4373789088617086 1.4109728577599379 -0.021949089703197554 0.9997213409327644 0.00868780437147464 -0.6806091925243435 -0.4371185474257213 -0.01741158689733167 0.8992353485813067 30.82592727535642
0.876281414311462 0.014797868065967012 0.48157232689701435 1.7476369001385677 -0.020905828241959513 0.9997546512381787 0.007320086962993648 -0.6939114242710774 -0.481345852041773 -0.01648212450900473 0.8763757814395884 31.377468491305716
0.853373168111809 0.010490929787751797 0.5211949504158703 2.1452760919652296 -0.01801796089786886 0.999793690586092 0.009377065069900355 -0.706575168104592 -0.5209890488598548 -0.0173930059630513 0.8533861343563494 31.965024505512105
0.82842572846348 0.009291556654005391 0.5600218561758967 2.529645274424776 -0.01769699685643082 0.9997973973479992 0.009590649531241828 -0.7169108238980025 -0.559819282199189 -0.017855845852634344 0.8284223198628051 32.49510303939921
0.8022863608823274 0.0058124770880297995 0.5969110572374178 2.923111132349544 -0.014545532031667432 0.9998460443594055 0.00981402449386608 -0.7243422110820299 -0.5967621156207111 -0.016556046899897175 0.8022473899433649 32.97751618659396
0.7768677912076944 0.006025011267707147 0.6296349213816693 3.2955906384065594 -0.01407451294946658 0.999870542358442 0.00779785926206898 -0.7336329980309096 -0.6295064281397869 -0.01491971055549467 0.7768520188347505 33.40878460331791
0.7540190250590372 0.0039631105010545275 0.6568406226811604 3.6723223538458343 -0.010788900127824469 0.9999216229440425 0.0063519763054389645 -0.7419658131944403 -0.6567639678629228 -0.01187609885903027 0.7540026848711086 33.802756169204415
0.7371713427488805 0.0019055869437176228 0.6757031746027329 4.097156559579767 -0.009151512240089192 0.9999324607931188 0.007164054434358117 -0.755381682256366 -0.6756438864176388 -0.011464841499945883 0.7371389937832957 34.24175018485208
0.7260591065310253 0.002113624001002333 0.6876290471009425 4.533586322856436 -0.009099678819230066 0.9999372451457851 0.006534647323753281 -0.7735439683922234 -0.6875720832529162 -0.011001743672771468 0.7260327760971974 34.691441686130126
0.7189625713408399 0.002285494639179755 0.6950450327318516 4.951205874382428 -0.007829538121418449 0.9999577762099884 0.0048108346449288525 -0.7906447237139931 -0.6950046901595499 -0.008900691626490214 0.7189501083836052 35.11631063162483
0.7151280445608372 0.001565609373653152 0.6989917229480482 5.328090133745447 -0.006907467754959804 0.9999644919030479 0.004827196110988141 -0.8038834749510753 -0.6989593455787013 -0.00828032610281007 0.7151134661211633 35.497165953818254
0.71320409502866 -0.0011123074995189944 0.7009555489518399 5.734216105167916 -0.008714309980219683 0.9999073905597984 0.010453282042695354 -0.815541863025657 -0.7009022611148559 -0.013563667495261271 0.7131283526043259 35.912569803506784
0.7124388520132107 -0.004875625329597475 0.7017172581743607 6.220891273170001 -0.008338866384963825 0.9998464342867537 0.015413343293352363 -0.8266530552130367 -0.7016846481500868 -0.01683259105754064 0.7122887886445902 36.40589668947199
0.7136705825369436 -0.001608820005704596 0.7004796294822336 6.743107701057943 -0.009000137330021425 0.9998937571852781 0.011466118347088067 -0.8366125811256083 -0.7004236554753267 -0.01448744422242651 0.7135802805644801 36.94316344148837
0.715966776873107 0.0016863585070379468 0.6981323159752161 7.30501456368099 -0.009394431187031383 0.9999298124401235 0.007219061998076468 -0.8405713148403016 -0.6980711418448735 -0.011727164552681963 0.7159323672910367 37.525203682938816
0.717424096427391 -0.0017984302496392858 0.6966343599866269 7.901978224771197 -0.010134377882836762 0.9998639029043128 0.013018066441809594 -0.847660714186188 -0.6965629621579575 -0.01639943040451961 0.7173082311197454 38.14419321329703
0.7189172027996334 -0.001523640158641205 0.6950940469025872 8.473219388149507 -0.009767191516747672 0.9998767262697948 0.012293666412973128 -0.8563789946042223 -0.6950270911904258 -0.015627244948015206 0.7188136975091036 38.73605196168865
0.7208289982502748 0.0019782835981339794 0.693110122329424 9.04356646076064 -0.011601451098933499 0.9998902711209282 0.009211517253772006 -0.8620828663558553 -0.6930158451391303 -0.01468101194478223 0.7207728534527178 39.33575829407128
0.7225692706045913 3.043617430539382e-05 0.6912985232528612 9.632092896586146 -0.012496473844089705 0.9998371751817747 0.01301772891075702 -0.8696815371383289 -0.6911855664866068 -0.018045004798261224 0.7224519987393058 39.95721121710195
0.7253210927330653 0.0013102814097926455 0.6884094679761004 10.21588698968639 -0.011971140427928918 0.9998709864146861 0.010709917038811186 -0.8779310034243993 -0.6883066207972761 -0.016009175142728743 0.7252432020211447 40.5759242961069
0.7281857166791973 0.0031122127633866547 0.6853728008581297 10.787746584547227 -0.014228597359180657 0.9998428223820846 0.010577218359205406 -0.8826577656912898 -0.685232157039928 -0.017454072955714592 0.7281155446051559 41.19163837144865
0.7310350488307823 0.0009165668756872507 0.6823392977735756 11.344677166701373 -0.012460377849162062 0.999850279620383 0.012006553497940381 -0.8905685789504525 -0.6822261328656577 -0.01727941689424691 0.7309370187553531 41.78796824942734
0.733566031099772 -6.378668169438498e-05 0.6796181824729131 11.886051681251244 -0.011100815525438136 0.9998654639618654 0.012075838314376511 -0.8992538340447702 -0.6795275196128532 -0.01640274085584511 0.7334666319480513 42.37381498447472
0.7358474122460098 -0.0012000976533612076 0.6771463251443307 12.421183621253464 -0.01066399267912723 0.9998538778641286 0.01336047080776328 -0.9087547960284179 -0.6770634129466668 -0.017052351324318024 0.7357270908178671 42.95942159037172
0.7381642518891748 0.0003185863673946196 0.6746209570830274 12.94638291339213 -0.011910398050559018 0.9998501822144461 0.012560077388997871 -0.9180651126110401 -0.6745158853957188 -0.01730640426162771 0.7380574562460306 43.541242049524406
0.7395911167133191 0.0010140386164426665 0.6730556825437466 13.45912527323569 -0.01320033198815958 0.999828375186043 0.012998900270464712 -0.9266013923291616 -0.672926988100601 -0.018498429623172864 0.7394775701718944 44.112954488586105
0.7405859260710058 0.002186054202440738 0.6719581142248179 13.972893261592077 -0.015208456384296971 0.9997930817758668 0.013509126082895506 -0.9363912038108554 -0.6717895421632851 -0.020224114322773733 0.7404659318563563 44.69043932012125
0.7427366585243292 0.004229388820183603 0.6695702863436522 14.499594269576745 -0.01592153018256878 0.9998088686670871 0.011345968944379541 -0.9449203371013788 -0.6693943239681363 -0.01908765058484095 0.742662036618536 45.281556245209664
0.7449836562377907 0.006514516510569344 0.6670509073625532 15.039898697504977 -0.017658899157097334 0.9997944808234599 0.009957881075301525 -0.951613523964647 -0.6668489448286856 -0.01919784335762484 0.7449455870003416 45.88979125826657
0.7466684621440234 0.007009919583506519 0.6651594310140319 15.58428757366715 -0.01908127998914185 0.9997586996267326 0.010883348503232632 -0.9598136066564528 -0.664922636397238 -0.020818346430483196 0.7466220490036747 46.5057874915958
0.7484189491826005 0.010279541186069028 0.6631465958122794 16.132250181685514 -0.02244582583709869 0.9996996780973234 0.009835573933462556 -0.9697378027186591 -0.6628463331775329 -0.022246002901957128 0.74842491537093 47.13338839146296
0.7511887149001105 0.010898162805277804 0.6599975338243234 16.689418870798388 -0.02433669415354721 0.9996411592710069 0.01119276592250782 -0.9783128524105059 -0.6596387192428864 -0.024470037572284387 0.7511843830490713 47.77541142830917
0.7549457814367413 0.016825497740606557 0.6555713307616857 17.242103310801134 -0.026876580018345177 0.9996247363908844 0.005294888287235528 -0.9887904826330348 -0.6552362295671569 -0.021616868904576758 0.7551146895944859 48.42095971182223
0.7597907660517788 0.02136505787878032 0.6498165326646331 17.813871402080718 -0.02907431970448359 0.999576613724112 0.0011301458139293494 -0.998843082671672 -0.649517263632131 -0.01975164797366614 0.7600902555921577 49.099101194782406
0.7646242653751492 0.021817949137181762 0.6441069087464901 18.377088535548655 -0.03091213663101115 0.999518073307023 0.0028391797273461038 -1.0120907170238276 -0.643734551355151 -0.022081626481439767 0.7649302119563033 49.77606758903286
0.7688738834372374 0.020132190109348445 0.6390834423528285 18.946588518495076 -0.032414750297737 0.9994462616295331 0.007513592874801824 -1.0226027524235646 -0.6385782922487072 -0.026492735535500366 0.7691007083812688 50.46813297178833
0.7738355548798216 0.01842630634869318 0.6331184764624875 19.525930216341628 -0.03488612620096816 0.999299347330399 0.013556276174927172 -1.0327275636952873 -0.6324250882140329 -0.03257737956596388 0.7739361873811605 51.187519700439104
0.7783803878958203 0.022482539547928723 0.6273902351444647 20.075807160286516 -0.0361914378044158 0.9993035210473246 0.009091350398630868 -1.0403545322372265 -0.6267488744056903 -0.029782683524111796 0.7786519377702092 51.87613945738496
0.782380604076916 0.025899277198670537 0.6222618562991186 20.583421710706684 -0.03784862131945443 0.9992654885092758 0.0059971108491546354 -1.0455003043043962 -0.6216494769791532 -0.02824377656948392 0.7827861884682414 52.51913815036781
0.7854391258143274 0.027043886856977273 0.6183478048992256 21.0883847912095 -0.03988212540667266 0.9991801560503368 0.006959297972721803 -1.0525745039002166 -0.6176526497256123 -0.03012712961590769 0.7858737559863131 53.16766282736973
0.7868447608677233 0.024347843552930473 0.6166704993830467 21.61915835749656 -0.042470263968701454 0.9989888844233769 0.014747388818637377 -1.0587994214672949 -0.6156879071197051 -0.037794064518932975 0.7870832292163866 53.85463270337661
0.7875386381480666 0.024665351267603053 0.6157714786109643 22.15716528258363 -0.0450137653463872 0.9988320047315143 0.01756095821322589 -1.0663157322374053 -0.6146191132345523 -0.04154812596101082 0.7877290770791054 54.55306818723489
0.7887482193575418 0.027885676987369858 0.6140835736927523 22.674960325715272 -0.04695567074069246 0.9987849992248083 0.014956279911571176 -1.0729774949767192 -0.6129203956841355 -0.040631445242049334 0.789099280326591 55.22923677046976
0.7901567453382186 0.031979943633176196 0.612069931463498 23.207614028019428 -0.04858441568645342 0.998763506858339 0.010536219456728306 -1.077117655655587 -0.6109761634866926 -0.03806232485349926 0.7907334488168738 55.92418635593722
0.7913842289227461 0.03305216033529459 0.6104248986644624 23.769518516731253 -0.04952769254224045 0.9987213458326925 0.010133165822124366 -1.082467745152448 -0.609309453302499 -0.03825216432186996 0.7920093194154353 56.65744640636379
0.7913023139908747 0.03255966277323425 0.6105575453900958 24.30483667588781 -0.051142723573656686 0.9986063599234118 0.01302918823193689 -1.0911785962286644 -0.6092824219507353 -0.041535602567050314 0.7918647132062627 57.357757929808336
0.7903900699833999 0.0336550584166466 0.6116787345613763 24.802161888900756 -0.05343374899158618 0.9984717242818599 0.01410851793474182 -1.1010805093567693 -0.6102690978087769 -0.04383552044384626 0.7909804519753172 58.007157043537134
0.7888524195197054 0.037176921292711274 0.6134572004150742 25.300707532961727 -0.05665472065565065 0.998317411306052 0.01235268839623594 -1.1099967668643929 -0.611965769341174 -0.0444996944526572 0.7896313534481034 58.65873745261199
0.7874507948904074 0.03993600441133689 0.6150824019414974 25.822349533129668 -0.05842364232264859 0.9982419703428969 0.009982317550926934 -1.1168876195683972 -0.6136024149595724 -0.043795938140311456 0.788399639877004 59.33695230393799
0.7861290721176923 0.03988446127812477 0.6167741172584406 26.355929678964937 -0.05994770549609942 0.9981310258384464 0.011862877578598179 -1.1244582062656898 -0.6151482378883382 -0.0462999460825348 0.7870507991328296 60.027747843361745
0.7850394115161488 0.03914457215168981 0.6182077521654341 26.89130239609276 -0.060593129260487745 0.9980678674751285 0.013747894386865436 -1.132493455574028 -0.6164751374165865 -0.048251781155846676 0.7858945034560859 60.71623543763165
0.7841916447523121 0.040891820350746164 0.6191698662960471 27.4095460273737 -0.06084522581340015 0.9980849872625102 0.01114525445707209 -1.1397164033223866 -0.6175283983723977 -0.04641354575551011 0.7851779798071399 61.38214638913557
0.783764057709095 0.04346077776117153 0.6195361673379265 27.89481085411261 -0.06270717624003487 0.9979884476485347 0.009320322315823694 -1.1462801426228582 -0.6178848694468688 -0.046154297269741656 0.7849127779264146 62.0100178267543
0.7838084395386621 0.043334529446493346 0.6194888608083422 28.35714281124748 -0.06318313622228132 0.9979504987327171 0.010133774037321422 -1.1521906345199564 -0.6177800752736228 -0.047084186695469626 0.7849400346256663 62.60704666237674
0.7845846689471172 0.0429823228083583 0.6185300454942667 28.79175538575565 -0.06307213527059936 0.9979520794132699 0.010656122518980387 -1.158798472197342 -0.6168053201825909 -0.047372641057158466 0.7856888887299605 63.168704833943494
0.7863855214384567 0.0436722643530326 0.6161903480242485 29.209287830637503 -0.06438557386771866 0.9978594490333741 0.011446303007403956 -1.1658426139479825 -0.6143714752083547 -0.04867497612831041 0.7875140869528732 63.71264486416059
0.7902344002773245 0.04451683885234553 0.611185604932684 29.65313442193788 -0.06585035241402036 0.9977516082357495 0.012468333887352781 -1.172092734345067 -0.6092563694417037 -0.05009969382712307 0.791389093286698 64.29800755662448
0.79538520025453 0.04597709851052536 0.6043579151699878 30.086773578411396 -0.06912701097860444 0.9974937090585476 0.015091611636516454 -1.178319657660399 -0.6021493498869068 -0.05378110078063641 0.7965699929256674 64.88622324979134
0.8015388700479672 0.04815510342878555 0.5960004411206341 30.493426228967262 -0.07166829477968516 0.9973032954603593 0.015804821646607764 -1.185367715420059 -0.5936321212043697 -0.055382514186987565 0.8028285506860902 65.4494804732384
0.8085189043667361 0.05086389706136836 0.5862678954687375 30.896151975431103 -0.07456895545117606 0.997082111263615 0.016332001745476856 -1.1937571228019137 -0.5837265217244565 -0.05692211673703153 0.8099526038365719 66.02013887571376
0.8156685083089069 0.05311639528654877 0.5760759785869265 31.278192223906736 -0.07729489134708253 0.9968541788414326 0.01752843113395093 -1.20010071226874 -0.5733326995076806 -0.05882511944856582 0.8172081870595134 66.57892727497105
0.8220524810068778 0.0556483195566981 0.5666859650643836 31.665624815697168 -0.08041963846091635 0.9965838771771678 0.018795145658943732 -1.2041866450294574 -0.5637041779340043 -0.06102327655117347 0.8237194665046508 67.15986157549955
0.8282599074977443 0.05541859671746581 0.5575969016858813 32.06472642842095 -0.08335702640265077 0.9962109145954556 0.02480765587868305 -1.2059759006548165 -0.5541093139274372 -0.0670268064191801 0.8297410894008501 67.7749201467513
0.8339485757009115 0.05647434813970185 0.5489448251770083 32.45085014902222 -0.086367670045764 0.9958481952055624 0.02875756729439633 -1.2096865793428584 -0.5450416485529215 -0.07139341782000232 0.8353637418721805 68.38588787673878
0.8382853134515547 0.05688544690092729 0.5422561933093157 32.841050074398375 -0.08726508774463063 0.9957196751127795 0.030448859653927803 -1.207731247670622 -0.5382030636408065 -0.07284486614844202 0.8396612934769975 69.00150188720808
0.8419220681025861 0.05537553780372105 0.536750203590844 33.22464551899246 -0.08751029883249208 0.9955641404088709 0.03455415937620138 -1.2034220929054698 -0.5324557998933916 -0.07606308003819347 0.8430333498830226 69.61412929679739
0.8457810100812077 0.05994518515946772 0.5301519195119533 33.58551933490497 -0.08984640020109655 0.9954800048649527 0.03077635918980871 -1.2012913063444228 -0.5259107408647552 -0.07366230169002887 0.8473439431262907 70.20914783339751
0.8491689714188828 0.06204894702800113 0.524463522232111 33.949174573476824 -0.0899781070299326 0.9955528189522755 0.02790205962809116 -1.195569557357913 -0.5203998445759813 -0.07088379821155075 0.8509756100596525 70.80410172301781
0.8517572222342183 0.06414022124824308 0.5199958330506832 34.26740442752979 -0.09335753579350729 0.9951754964430899 0.030167893360580907 -1.1925002450122995 -0.5155521359498101 -0.07424125064597023 0.853635889486911 71.33998253524824
0.8540180082756933 0.06754660198400769 0.5158397988728972 34.56918949690998 -0.0955879614118934 0.9950282207238904 0.02796035758299618 -1.188363899187974 -0.5113865301060787 -0.07318672368308785 0.8562286612246749 71.85493599182395
0.8555978335568666 0.0696641617988522 0.512932014767707 34.882756133485174 -0.09797520420239755 0.9947858125692954 0.02832042500293439 -1.1842407520536788 -0.508284572433882 -0.07448551316673357 0.857961946565227 72.39479451759813
0.8567043051517852 0.06772226029268855 0.5113427705514627 35.194271598428315 -0.09789226189030961 0.994673554905447 0.03227420384396108 -1.1805340394031445 -0.5064334493261631 -0.07770594978900792 0.8587706019485017 72.92552881668873
0.8579311691706694 0.06761365883636163 0.509296084909562 35.51300667949314 -0.09808021849700078 0.9946254074098276 0.033174834956882795 -1.1781291029528007 -0.5043157539726755 -0.07841359622919926 0.8599517010980181 73.47367419890821
0.8591128356001357 0.06669640632460878 0.50742164428656 35.83314015505547 -0.09710192075425171 0.994705197238732 0.03365690972284481 -1.1764994974242913 -0.5024901518367584 -0.07818669944203653 0.8610403517474842 74.02472701906375
0.8598195391767985 0.06622491872453838 0.5062851174878888 36.13982433435408 -0.09698613504810683 0.9946841195261259 0.034600462005115636 -1.174954450903825 -0.5013023535335013 -0.07885279007406978 0.8616717401884004 74.5552455794511
0.8602221542104844 0.06715383605516854 0.5054781970654604 36.43263832813305 -0.09737606049594456 0.9946813701381045 0.03356895503995339 -1.1730696706272072 -0.5005354615287142 -0.07809823431589077 0.8621861269754787 75.06544561259015
0.8613435875258226 0.06803277580824514 0.5034468846303151 36.72775299213685 -0.0977168053980271 0.9946746415544641 0.032768634260577266 -1.1712862805824784 -0.49853650836317764 -0.07742027424599061 0.8634045696918251 75.57809241311853
0.8630944421220854 0.06819687109229815 0.5004169968648006 37.01634392283192 -0.09797057914253517 0.9946277755122054 0.033426842538879835 -1.169402794315981 -0.4954490383484879 -0.0778766650086099 0.8651389919814585 76.08238300523358
0.8652901821734833 0.06849866373837474 0.4965690623671963 37.29155301457273 -0.09824441857574576 0.9945813990772289 0.03399815918982394 -1.166469104331129 -0.49154952431356586 -0.07820341217389419 0.8673311313860848 76.57291631398732
0.8677822811928236 0.06983176587536097 0.49201365521955487 37.56208458249208 -0.0992664167765601 0.9944821629387801 0.033932375350816994 -1.1626118711539113 -0.4869292463470646 -0.07828634664700611 0.8699259491362141 77.06636968789688
0.8707605386737431 0.07263607855677884 0.48631274338691266 37.81855050016506 -0.10129566262633721 0.9943134688267471 0.03286205171338779 -1.1600259113529763 -0.48116034024190185 -0.07787634943688307 0.8731666514341236 77.55154183900291
0.8743279325409643 0.07907442171158759 0.47885060531403745 38.070759100989335 -0.10561036332353581 0.9939936053410888 0.028690829540028346 -1.1576929053054812 -0.4737057288415591 -0.07565678007952865 0.8774274523233723 78.05215293628679
0.8781555041456275 0.08542135677749703 0.4706868410578623 38.33880606595821 -0.11000679996368788 0.9936185291794822 0.02491430177531867 -1.1532959986517808 -0.465554953255238 -0.07365738440573359 0.8819485105276939 78.58827100570484
0.8812223212441186 0.0874250600982926 0.46454717673013196 38.63341039973434 -0.11323362301791896 0.9931769166289558 0.027888328986088517 -1.1483612016613305 -0.4589393937758691 -0.07717817788863882 0.8851091241753335 79.17361253267511
0.8838845566284772 0.0884290181352686 0.45926941908351726 38.94401774193087 -0.11708867538391897 0.9925311195840083 0.03423768032671624 -1.142710310248214 -0.45281158625913964 -0.08403740482039804 0.8876369651724362 79.8029219399727
0.8873552442794004 0.09049037608296777 0.45211963271484634 39.26192155445071 -0.11971738664203818 0.9921408733394981 0.036390036888397266 -1.1349097128596315 -0.4452734191319364 -0.08641747095061962 0.8912146783626558 80.46189098968755
0.8910503488021995 0.09458940692850823 0.44393932017381654 39.573768169772066 -0.12261961245314854 0.991843965636286 0.03478474482766325 -1.125192148726373 -0.43702826743966666 -0.08543062640411238 0.895381427957316 81.1248632755246
0.8945586496205742 0.09651476873857588 0.4364054557454024 39.88182953201823 -0.12439877168605977 0.9915899244516398 0.03569828187729275 -1.115409213935015 -0.42928984147311544 -0.08622250948174874 0.899041662475469 81.78488840619124
0.897625782464611 0.09806765286050885 0.42971000700149387 40.1741340981652 -0.12660722330173355 0.9912148839615248 0.038257872666495156 -1.1053575539349 -0.4221830949512522 -0.08874564369912173 0.9021561090309196 82.42367099897277
0.9012790639060206 0.09830322738150683 0.42193900560515313 40.468788938111196 -0.12706489340241117 0.9910665212224682 0.040517445336898494 -1.0928211214855428 -0.4141866268112957 -0.09013115997464133 0.9057183956243264 83.07578170717363
0.9054325178849219 0.100581089880647 0.4124019882529551 40.78114778567675 -0.12905694367122691 0.9907596613735421 0.041708496559161666 -1.0778631584108198 -0.4043961681900696 -0.0909875692246199 0.9100467028673758 83.79426511202821
0.9089488105170207 0.10195904834044738 0.4042479589573733 41.10669623833656 -0.13052775849377887 0.9904823266410234 0.04367224375246359 -1.0600785913670536 -0.39594767851609086 -0.09246141396980218 0.9136062186765265 84.559480106682
0.9110078779543347 0.10274364351258959 0.3993850147700797 41.43378736118592 -0.13149178287377541 0.9902871555456774 0.045180312060973525 -1.0411619417852114 -0.3908638603680505 -0.09367546786116895 0.9156693450035194 85.33632198380866
0.9126613219256603 0.10153743943560727 0.39590334660591764 41.772103933262095 -0.13052739898711493 0.9903343761631129 0.04690865062305778 -1.018129065813198 -0.38731370951021543 -0.09448794517015348 0.917093298766792 86.13967392467258
0.9140749614656379 0.10072283813026155 0.3928382296831309 42.12406043126057 -0.13052974741611864 0.9901908595966625 0.049840210781118895 -0.9918058539817622 -0.38396477684948593 -0.09683476364512475 0.9182559984496237 86.98665537984034
0.915407319915941 0.10211857519580202 0.38936003293133703 42.49616104402259 -0.13191702987250423 0.989973499921844 0.050501155255212364 -0.9638607137481608 -0.38029900851031606 -0.09759234628019517 0.9197001674859014 87.89135181600696
0.9165897574713804 0.10582682008848772 0.38556957951647797 42.88026817180764 -0.13542074278684768 0.9895086311138636 0.050337772837363556 -0.9330988188797181 -0.3761973403967834 -0.09835320585078244 0.9213046227916468 88.83794421840615
0.9175485357071211 0.10675437317695902 0.3830250493496622 43.24589447204188 -0.13780470318741092 0.9889600286051272 0.054478671062858655 -0.9010323149516654 -0.3729806273804932 -0.10276947809996946 0.9221300808291159 89.74806096308964
0.9187973803733015 0.10691965256137119 0.37997310656849514 43.613648781174405 -0.13956844367402288 0.9884320637821206 0.0593523783670782 -0.8664664811706639 -0.3692316662335024 -0.10756506488434496 0.923091400386146 90.67135985918964
0.9206096870638242 0.10855726474562852 0.37509082147553785 43.97167017625005 -0.1398489240895414 0.988522432774823 0.05714611388312492 -0.8330703609974024 -0.3645820655425114 -0.10506531383807349 0.9252249441691794 91.57419446289718
0.9221868893357407 0.11327013690406486 0.3697853664262599 44.30805522202407 -0.14218665023997462 0.9884832390381357 0.051805816605964054 -0.7988137065537259 -0.35965858481454893 -0.10035318742526332 0.927671784707708 92.43410611854422
0.9239776312250843 0.11477427104505515 0.36481804190823247 44.64579735703244 -0.14409543737764516 0.9880842011832085 0.054093588336194987 -0.7673277657531163 -0.3542623913466202 -0.10254988092736513 0.9295061484461281 93.31785057075828
0.9263005081101386 0.11781675846471822 0.3578918553135341 44.9688673959118 -0.14561592979298535 0.987992493237224 0.05164140100169777 -0.7389234232707881 -0.3475102439719179 -0.09995021126420893 0.9323339453236786 94.18049148206609
0.9278592114294038 0.12080767979670422 0.3528211845506739 45.28843705497925 -0.14811782719158786 0.9876355337832387 0.05135330249107681 -0.7070282200945867 -0.34225486560989427 -0.0999077419964742 0.9342804985953187 95.04430535058145
0.9285053020565195 0.12119653901168924 0.35098333718927205 45.62981885536281 -0.14958573159114422 0.9872276106383555 0.054824754423756915 -0.6747459602284798 -0.3398558708589164 -0.10340717443616342 0.9347753437686803 95.97270934538325
0.9285994141119697 0.12261663335505808 0.3502403308238167 45.98701956004735 -0.15190450289673554 0.9867328912395719 0.05729941837130893 -0.6386351498873326 -0.33856779248859614 -0.10641128967673416 0.9349056034267477 96.94961512247623
0.9285823923685652 0.12537584589360895 0.34930736873065343 46.336047509643805 -0.15491320658212754 0.9862341634509377 0.05782796268823139 -0.6000888492985292 -0.3372486308489834 -0.10781035251166911 0.935222053248208 97.9088293456028
0.9281254927860605 0.12922901989110908 0.34911735857532833 46.67892982820957 -0.15868861230793624 0.98568118985928 0.05701329916234347 -0.5601447537834761 -0.3367506406295505 -0.10831644554534012 0.9353430139045296 98.84964167684863
0.9273720985324169 0.1324660526771134 0.34990532398310864 47.02326778936848 -0.1625048927319159 0.9850138500313975 0.0577916523774094 -0.5201208982015673 -0.33700615825496216 -0.11045569308309539 0.9350007428680273 99.79394014680678
0.9264091869727895 0.13332422292996787 0.35212308909319506 47.3635215034746 -0.16466568594283268 0.9844944335217812 0.06046422279003349 -0.4818075856558023 -0.33860187560819927 -0.11399720147769662 0.9339986123597087 100.72121232584044
0.9254416462748373 0.13479464214660786 0.35410191158575494 47.70198152605407 -0.16627713075528802 0.9842586877394168 0.05988949321266117 -0.44468327783699074 -0.3404551000174719 -0.11430328104673278 0.9332872466792008 101.63444268563666
0.9243444085382578 0.14017877793363015 0.35487649206603034 48.04532378166227 -0.16940431747628107 0.984147255873866 0.05250100928871689 -0.40476774122457254 -0.3418911985185532 -0.10864662430546325 0.933437903345784 102.55213877423704
0.9228759701632535 0.14182399190618197 0.3580305839101292 48.40220192606423 -0.17281857984788063 0.98336428589802 0.0559322776189024 -0.3653715145487874 -0.34414195058811803 -0.11349289202444086 0.932033090241614 103.51034955326672
0.9215462364112162 0.14256013821834695 0.3611497489234737 48.762789101423486 -0.17454570885697243 0.982976413250297 0.05736868931043763 -0.328615981042472 -0.34682319656554034 -0.1159050386512434 0.9307414744918768 104.46245995852311
0.919830033327271 0.14456451974010182 0.36471058309495885 49.11507608176452 -0.17678859725351065 0.9826328535633104 0.056377894419363715 -0.29298744970505675 -0.3502263577606451 -0.1163347528915523 0.9294125690990911 105.37645727269603
0.9183826721523167 0.14609491937995375 0.3677356958764471 49.47090743277262 -0.17778034989058378 0.9826085393531887 0.05361534838993169 -0.2564922031679781 -0.3535073049926293 -0.11461558760289485 0.9283834619354709 106.28638252178706
0.9173753405336462 0.14746289081163938 0.3696987698305891 49.82742654829398 -0.17953618782260541 0.9822848099527997 0.05369645610389829 -0.22206720703811783 -0.35523125121940324 -0.1156341124818544 0.9275987872931 107.2004900545429
0.9162701267200559 0.14870416896965424 0.3719356463307285 50.174101682114554 -0.18112634170731415 0.9819984563127605 0.05359365763856714 -0.19198436165256907 -0.3572706302232774 -0.11647361044631138 0.9267100921266919 108.08459605362201
0.9144221375471338 0.15334558355892688 0.37458949046483175 50.51963925247576 -0.18442104058050043 0.9816580954905548 0.048334908183025084 -0.1610343787768151 -0.3603068610988913 -0.11328069368090987 0.9259300461072827 108.95894777582131
0.9123467708208995 0.15455069527002246 0.379127224509437 50.87760770034346 -0.1866942353128625 0.9811807266880028 0.04929141991206479 -0.1286307451563958 -0.36437430243311897 -0.11575173505202649 0.924030791456011 109.85312871963892
0.9102521489478681 0.1526327592732765 0.38489513654034835 51.24444469664731 -0.18795862808913766 0.9805993025013554 0.05564676145746268 -0.09879487268613138 -0.36893438368175535 -0.12299694602094992 0.921281266393104 110.75296148157751
0.9078131013055145 0.15479199527283266 0.38976250627467796 51.591067109308334 -0.19074977803113927 0.980094172880837 0.05504484050388856 -0.07288136905426755 -0.37348346051617093 -0.12431753892545774 0.9192688693937056 111.59320398766428
0.9055350301636533 0.15903617151984356 0.3933367581282253 51.91977301921004 -0.19303140438933686 0.9800103815914517 0.04815110478957746 -0.04616707247276833 -0.37781633906700157 -0.11952885894748339 0.9181327059922874 112.37721511112645
0.9031404723459387 0.15980992348531453 0.39849476228223146 52.271540721425765 -0.19422028492098364 0.9798200117441584 0.04723584984827071 -0.01738654088242694 -0.38290438510934593 -0.12005637401360358 0.9159534370931409 113.1992741275891
0.9002046833530118 0.15942732868219692 0.4052338274855173 52.64516448987617 -0.19566781334276742 0.9794283361378706 0.04933802987413969 0.004975702499330742 -0.38903166309564474 -0.12370554247672268 0.9128807719902833 114.05549502717791
0.8976879684019516 0.15987846305315923 0.41060344425995227 53.010251256395875 -0.19667949263267437 0.9792578398829039 0.04869558712678003 0.029333022157656177 -0.3943012662471806 -0.12447071976825531 0.9105127958223549 114.87516838026666
0.8954434449425253 0.15825657063465784 0.41609601627559445 53.374850039868235 -0.19710563325615954 0.9790118009442204 0.05181952287161405 0.05578425932246355 -0.3991621302780997 -0.1284163208588023 0.9078429612487708 115.68091445217922
0.8933164011960867 0.15922868260387277 0.42027614016299686 53.73940207468963 -0.1987830983338719 0.978677081717954 0.05173441346738583 0.08124802464790519 -0.4030770238687119 -0.12975899335407654 0.9059202594449896 116.48106246386459
0.8917628466237846 0.1633365543698545 0.4219954921418329 54.10081916857413 -0.20126973980742646 0.9784259551925422 0.04661697162419804 0.10715988410058927 -0.40527708696556625 -0.12650620621986855 0.9053986208121589 117.27475723251351
0.8903235987207121 0.1637959085697545 0.4248467840254986 54.46889697440073 -0.20298376096360035 0.9779889074399473 0.04832483532811034 0.1337850188218163 -0.4075800318294213 -0.1292617393516951 0.90397451313281 118.07598147102088
0.8888403138925431 0.16044212089445903 0.4292099978358995 54.84526416459576 -0.20264677355704805 0.9777527834705927 0.05416437558419398 0.1558794432679913 -0.41097102278180603 -0.13512150183592114 0.9015791691112212 118.88379026247023
0.8879126307126468 0.16098253125808887 0.43092433773307004 55.209119831349305 -0.20289263569763705 0.9777772944650492 0.052783906716662485 0.17642573338414005 -0.4128507461548455 -0.13429887214100397 0.9008429798477868 119.66335956255347
0.8869719256074469 0.16661763279230687 0.43071959280592936 55.589615759062795 -0.20596454277761025 0.9774769359197031 0.04601572408902685 0.20164029408024792 -0.41335143679758474 -0.12952761940109672 0.9013119246463211 120.48010354087441
0.8864208680130163 0.16644244184935209 0.4319200832356324 55.99892538075602 -0.20616806856163797 0.9774128255186023 0.046463921673756896 0.22972393823882575 -0.41443066037229254 -0.1302347191150125 0.9007142419660179 121.34592602278762
0.8855210048012148 0.16416993108602446 0.4346271779158052 56.39917245891173 -0.20829540115827633 0.9764876429879283 0.055541956647134426 0.2540066315168131 -0.4152897493463568 -0.13971441163705803 0.8988961604483299 122.20130396524493
0.8847956379398036 0.16599228382506273 0.4354115763197345 56.780599304430915 -0.20917949863964924 0.9764497401713507 0.052818957469511006 0.2795562717515393 -0.41638998118538023 -0.13781315840601263 0.8986806534796422 123.00538585571708
0.8840410037382059 0.16649090742976289 0.4367519678865339 57.17699595142629 -0.20967900473832177 0.9763748036275526 0.05222028162701049 0.30819417121638165 -0.41773941480484317 -0.1377425881289859 0.8980650091914474 123.83755529589888
0.8827923183792101 0.16717899430285396 0.4390090050039362 57.597654538462514 -0.21133644424871156 0.97595811446022 0.053316659231077326 0.3355602383043927 -0.41954097528485956 -0.13984613932153364 0.8968993407143802 124.72301396880407
0.8814501427129082 0.1676327042409305 0.44152567578824564 58.00801307408589 -0.2115786505708319 0.9759851515889374 0.05184070312548112 0.3606731196670609 -0.42223230635992354 -0.13911240184394436 0.8957497525085828 125.57205371872556
0.8796207609673723 0.16916217525670219 0.44458011127085106 58.389891563069085 -0.21285237767442747 0.975812288614442 0.04984217799602441 0.3816467955213131 -0.4253953246023336 -0.13847214828789628 0.8943513190883148 126.35438466362044
0.8774297300387821 0.17169887456722752 0.44792473175346986 58.74586996231565 -0.21469062922145346 0.9755699407189993 0.04659639996849774 0.39611136708335143 -0.4289813545698311 -0.1370503091491412 0.8928562091364746 127.07664602564036
0.8752466110702679 0.17414885171145664 0.4512377945801889 59.09804130394431 -0.21669771914237113 0.9752495949670694 0.04393547581465979 0.40699151919817556 -0.43241816373564373 -0.13623657718890136 0.8913215618997136 127.78562755944073
0.8726764275209409 0.17635473148067052 0.4553403798628772 59.45494034202642 -0.21968886066663895 0.9745962232872205 0.043577586593110645 0.41568294219798707 -0.43608790094232497 -0.13806234185565025 0.8892503204458512 128.50034448052628
0.8700393048822486 0.1783008384588291 0.45960898486092827 59.80330775564562 -0.22153253715962937 0.9742737329238504 0.041400825043022615 0.4222311351864589 -0.44040315954773995 -0.137838689559586 0.8871558784795728 129.18762703452674
0.8670863228678903 0.18149443787629327 0.46391925775441745 60.15689522886325 -0.22391610283446042 0.9738864937212401 0.03750568275309729 0.42960359501008794 -0.44499762649576996 -0.13639965677125737 0.8850831859468424 129.88180203230954
0.8640777855298637 0.1835542918950201 0.4686975597127908 60.54322004939695 -0.22537326109795905 0.9736728900038015 0.03417596309858722 0.4368079708172733 -0.4500849627968909 -0.13516258801370454 0.8826973439778537 130.6281004727991
0.860537884235483 0.1847899124011365 0.47468646291030797 60.950355361280586 -0.2261991654669851 0.9735857259061997 0.031060776772926863 0.4424237687415243 -0.4564082463513981 -0.13410265689567163 0.8796067246650414 131.39950546199904
0.8571343945816489 0.18455518869051002 0.48089501136169116 61.39470182334442 -0.22701166821395363 0.9733967865755027 0.0310547641949369 0.4506275909875409 -0.4623703408739241 -0.13578688527208865 0.8762280466112887 132.22366584882522
0.8539915559744028 0.1830002118164551 0.48704142000403955 61.87308100685 -0.22746625349718344 0.973220903795453 0.03316890012521614 0.4613208846931684 -0.4679289752135188 -0.1391114477341598 0.8727488065101728 133.09576918348907
0.8514014994716099 0.18085839189066527 0.4923471628639867 62.35745288668304 -0.22787448759750517 0.9730010661542686 0.036635272140807015 0.47787303131004644 -0.4724285179788252 -0.14338468309194985 0.8696275800910127 133.9642378712158
0.8497793092737773 0.17889440176073249 0.49585473532966456 62.83852463396081 -0.22715663160450392 0.9731081281718297 0.038215646063012323 0.4960572435837664 -0.47568370820144557 -0.14511155675750706 0.8675642027234258 134.81844268188706
0.8494499944906211 0.18266484479510822 0.4950436963903923 63.2821835448266 -0.22526924199236284 0.9739174011695424 0.027178379483533015 0.5124040013377222 -0.47716713578375286 -0.1346047925415121 0.8684429021834336 135.59782441418648
0.8489106811665031 0.18254826178796835 0.4960108743965348 63.698462354175206 -0.2228323250121125 0.9745926913554757 0.02269010546883738 0.5230282879770151 -0.4792665337065799 -0.1297891292623612 0.8680197990796044 136.32208068166486
0.8482488011337277 0.17937515783028227 0.4982956192146935 64.08423991867339 -0.2223856325119622 0.9745638925154714 0.027746168336317267 0.5230684031958377 -0.48064394496076657 -0.13434944048433511 0.8665631113854873 137.0073481908756
0.8492378048805447 0.18002860133026632 0.49637168882274263 64.44894819419792 -0.22018368989302484 0.97518674703601 0.02302066702806254 0.5226708706751083 -0.47991071405706953 -0.12884297073722148 0.8678048141286379 137.65276742854985
0.8490658327611879 0.17945809371094945 0.49687222123920594 64.84761238812462 -0.22060404578330528 0.9750478686825129 0.02480944904115766 0.5254301998675626 -0.4800219438958892 -0.13067687775318307 0.8674690121261336 138.36527342887786
0.8482179436902852 0.17821217942398618 0.4987652144113266 65.25881674627924 -0.22077465432319324 0.9749482299268296 0.027101678380053517 0.5247964358519772 -0.48144041376924174 -0.13310284770617836 0.8663133151015318 139.09505948241977
0.8481699054492773 0.1771360237655861 0.4992300477482112 65.6631059731482 -0.2185288224767938 0.9755065222372163 0.025143166458439427 0.5271089108798068 -0.4825484071438533 -0.1304218315972001 0.8661046014228074 139.80433319367685
0.8487496289379304 0.17622827791258164 0.4985656039496618 66.07327949028536 -0.21752182784960614 0.9757245020646295 0.0254155558604715 0.5318954483428455 -0.48198373601885364 -0.13002034507989962 0.8664793062033336 140.53042737760396
0.8494991161371279 0.17590776269944666 0.4974009556728992 66.51250578124325 -0.21745445938636998 0.9757155491082717 0.026319675555084607 0.5384662423959019 -0.48069201134949224 -0.13052059703517438 0.8671214240084024 141.31346316971616
0.8504552679356177 0.175931786420016 0.4957558307953812 66.9669068504185 -0.21850804283655692 0.9754131943465048 0.028693823559863406 0.5451958688948801 -0.47851862289392116 -0.13272944971561096 0.8679877998692694 142.13139799616562
0.8513417962840784 0.17763760575026094 0.49362133961480403 67.40563808448098 -0.22045556742429676 0.9749549406620811 0.02936335250323041 0.5501802030179915 -0.47604252823821397 -0.13381982178254584 0.8691810896508595 142.93004489375411
0.8517335167654686 0.17840999179392988 0.492666105233978 67.84699673184251 -0.22109354420566862 0.9748147466867612 0.02922078631045954 0.5567600453776109 -0.47504490432895274 -0.13381361840304307 0.8697276897977777 143.7248455750378
0.8510676421495733 0.17737154633073623 0.4941894404357598 68.30579672448455 -0.22198124079683032 0.9745084848557027 0.03251986590596705 0.5645137681071615 -0.4758237039285308 -0.13737739077623287 0.8687457943974444 144.54826997314072
0.8509238576028778 0.17730927574464425 0.494459310052048 68.75340263989149 -0.222330429709611 0.974406011456485 0.03319796473586966 0.5710200642719052 -0.47591781705182884 -0.13818229109540006 0.8685665696077917 145.3562332760443
0.8513971305005386 0.1797935138062797 0.4927445774117056 69.17892626891279 -0.22290629426002023 0.9743899200988685 0.029615326926877565 0.5772572055571622 -0.474800705722638 -0.13505027213194182 0.8696698878553701 146.12887778698834
0.8511960677245843 0.1809126466405171 0.4926823201371535 69.62466099204363 -0.2251208544396934 0.9738264327791357 0.031347722676548714 0.5850344756303364 -0.47411586683694557 -0.13759612315100556 0.8696444398185179 146.9383834033158
0.850815672418138 0.17963560308648474 0.49380536820839344 70.08142208607056 -0.2262037496019795 0.9734280724216643 0.03563216927788917 0.5926012770293224 -0.4742832015090539 -0.14201703392620885 0.8688421069683047 147.7633438122762
0.8503026674402674 0.18127570757651576 0.4940895582650984 70.54017836827833 -0.2277158343318328 0.9731031764260999 0.03486698759560402 0.6003636584120399 -0.47447958073928176 -0.14215950855313234 0.8687115756045881 148.59019491910718
0.8497474314110783 0.18203478771703865 0.49476523611818934 71.024563031301 -0.22844325061333093 0.9729501207941357 0.03437649918027837 0.6093198056159269 -0.4751241775151951 -0.1422371207086579 0.868346484666702 149.4592029357501
0.849103315899352 0.1825582187648712 0.4956773705648897 71.5144085760214 -0.2294088249210915 0.972710298988297 0.0347313300986569 0.618524135141887 -0.4758099935657618 -0.14320325067363227 0.8678120067269485 150.3383535145249
0.8485996073886917 0.1849038801678397 0.49567051701572434 71.98403239669908 -0.23170751643694168 0.9721902751749524 0.03402492736031266 0.6288672624901703 -0.47559471524227787 -0.14372412446811836 0.8678439046738118 151.1866203803438
0.847961589047392 0.18682512027048115 0.4960418509925771 72.43488685956676 -0.2342941259130524 0.9715498853349468 0.034598885361962164 0.6369009023112987 -0.4754654625342004 -0.14555821770539637 0.8676090128598053 152.0033440207946
0.8469787890655074 0.19123851762356767 0.4960390712940537 72.86604729310874 -0.23689048636600887 0.9710696883427951 0.0301090991413279 0.6444197456294029 -0.4759304868805982 -0.14300870518596687 0.8677780141825607 152.78408646073132
0.8469281497114395 0.19217788838870414 0.4957624112826792 73.3053111710051 -0.23787227545151046 0.9708320742139043 0.0300310547441932 0.6540451306296384 -0.47553074537602613 -0.1433622784835209 0.8679388038969872 153.57193014965318
0.8465297516995428 0.19127179767904645 0.49679218884774795 73.77578989890998 -0.23890800845691282 0.9704657385166126 0.03345465379521075 0.6624671377257472 -0.4757208666672746 -0.14700799222501984 0.8672244849168549 154.4145579979147
0.84482176901543 0.19212628324586703 0.4993632644516096 74.25895296491213 -0.2400513734313825 0.9702045696247491 0.03283947613714338 0.6712402809111585 -0.4781751945797136 -0.14761634179650893 0.8657701189826708 155.26877819925798
0.8419506978412591 0.195104681739402 0.5030439201182971 74.73004993255032 -0.24212283529352693 0.9698089588813117 0.02910525559018095 0.6836354776575392 -0.4821779288126338 -0.1463036104712135 0.8637706284246095 156.08891132181077
0.8394446756631148 0.19198318009789778 0.5084044601105958 75.20941216424046 -0.24138012048527147 0.9698929129899926 0.03230131214520998 0.6947133338829765 -0.4868965741667986 -0.1498338943339737 0.8605123649160129 156.91025545590756
0.8370246514363828 0.19611794430486462 0.5108106154040224 75.6854180564692 -0.24237202258130966 0.9698666131467756 0.024790227369821678 0.7023902350207437 -0.4905563530907004 -0.14455623343472992 0.8593357666346226 157.72131465422518
0.8348898242074495 0.20307338131458139 0.5115859490215862 76.16091825631914 -0.2450073416219759 0.9694045715403522 0.015039256231543705 0.7109787131062302 -0.49287968510193986 -0.13789843537229868 0.859100481629293 158.52984462345805
0.8326177257981583 0.2016190376561694 0.5158463786257528 76.6436717741873 -0.24669564922334877 0.9688969510826199 0.019492430250566416 0.7092517620676163 -0.495871938448804 -0.14348680022009913 0.8564593153335549 159.35002439150762
0.8298047198292446 0.20194354351496419 0.5202335361947835 77.10388369258362 -0.2485749149839019 0.968393964550253 0.02058254268521925 0.704845747688106 -0.49963450500326334 -0.1463964980976746 0.8537759815987332 160.12297407708058
0.8265148994576771 0.20262859947694697 0.525180703804393 77.5534561409778 -0.25137055196476193 0.9676348987825555 0.022260913346129216 0.7036948287556981 -0.5036724794739118 -0.15041393995266425 0.8506995239733692 160.87086560395693
0.8238925059246172 0.2026551841952313 0.5292749899627341 77.99464328938575 -0.2520353212024584 0.9674703703467074 0.021892450013146863 0.7003808292451794 -0.5076212520645975 -0.15143301760184644 0.8481678522747536 161.59221882365338
0.8217039578466272 0.2038312743272408 0.5322174529882706 78.40342802452908 -0.2517506590498832 0.9676228731593485 0.01809919906505096 0.6983158827392347 -0.5112965981963296 -0.14885827805325352 0.846414202224821 162.24954448430572
0.8186911603404071 0.20397839105459875 0.5367845004871652 78.77842560179414 -0.2535981534461864 0.9671175636648998 0.019276789658869767 0.6945308705252654 -0.5152016697849138 -0.1519092954155365 0.8434991436967738 162.85404711436314
0.8163742783188536 0.20437661614348374 0.5401511237358584 79.15146239805247 -0.25381849329100786 0.9670899158863249 0.017699351809117775 0.6882174690793178 -0.5187573711889352 -0.1515496399359602 0.841381896924592 163.4482782760363
0.8148455955124573 0.20616727921106923 0.5417764377090001 79.54102538065808 -0.2542470743190059 0.9670320868661455 0.014400283730989174 0.6838096487027561 -0.5209463318559557 -0.14947908199481252 0.8403992642618217 164.06570044992736
0.8138638692818962 0.20547290322175188 0.5435130985718053 79.94873606004548 -0.2543416733834335 0.9669936040889268 0.015286688052759312 0.6788236379732103 -0.5224326898826449 -0.15067931408369192 0.8392614782350318 164.70589935455513
0.8133598257999248 0.20528156693343924 0.5443392986475142 80.36816689751168 -0.2550606587101713 0.9667838992519264 0.016521274937906453 0.672652549943413 -0.5228669564555117 -0.1522772813803558 0.8387024355648173 165.36722368920445
0.8136513570721321 0.20682609319366987 0.5433179882066494 80.80355460034023 -0.2556133162793617 0.9666656051638113 0.014813518621480481 0.6669734818039695 -0.5221429896832335 -0.1509323522891136 0.8393962850508263 166.05428456008087
0.8149505857669055 0.2083256173649374 0.5407919931985816 81.24331010655473 -0.25617941806876493 0.9665318614771772 0.01372102428433072 0.6610134647621415 -0.5198342510032662 -0.1497217348916973 0.8410444420985682 166.75091118515618
0.8168912534961563 0.210055167414306 0.5371829358831361 81.69662064895903 -0.25782504616376833 0.9660857356557905 0.014303738429521012 0.6532709537710509 -0.5159601976239341 -0.15018381405783066 0.843344470820146 167.47890032928152
0.8192363234797753 0.21057883775521516 0.5333932877164868 82.16317201865311 -0.2589340891951982 0.9657553428005071 0.016424229203450717 0.6455526061684869 -0.5116688223294379 -0.15156903028632487 0.8457078959747669 168.23137432686963
0.8212076414168435 0.21110338699226144 0.5301446686320437 82.60747145201493 -0.26113827417229696 0.9650897868528491 0.020211508470072605 0.640374152518018 -0.507370487357019 -0.15503890902840098 0.8476662817679975 168.9610596138741
0.8230772463074292 0.21291647159741806 0.5265077613231208 83.03372796216875 -0.2638449218470605 0.9643025455597628 0.022504618247805905 0.6383332393585845 -0.5029211705888885 -0.15743943835477353 0.8498724136151459 169.67307289406207
0.8247182060895275 0.21502407639637539 0.5230722006705729 83.45414663444254 -0.2656211530450365 0.9638126345290942 0.022596649687758947 0.6378177103421642 -0.49928477204847393 -0.1575749094620443 0.8519887700601046 170.37984585698675
0.8262645122997055 0.2160585706496096 0.5201977025737198 83.88943792519885 -0.26811172869801797 0.9630403875635445 0.025871081462082474 0.6383508086335928 -0.4953817282144042 -0.1608474618087109 0.8536539330320007 171.11690986989035
0.8285204489477931 0.21763165634827186 0.515936360252361 84.33125076668131 -0.26982718316906357 0.9625218507678599 0.02729428543599635 0.6395717773602059 -0.4906599198002582 -0.16182752840453465 0.8561919727211192 171.87240930765222
0.8308473695903176 0.21975081875155722 0.5112750982620505 84.75134429407743 -0.2709961937209532 0.9622067991057477 0.026816762359138192 0.6416917515414883 -0.48605937027651847 -0.1608342420403406 0.858998623487664 172.59934623749513
0.8325895421479664 0.22199271551968064 0.5074582628768958 85.16130299461473 -0.27250624654490074 0.9617929510405159 0.026356496785140446 0.6437996628885279 -0.4822188298893453 -0.16022969008574284 0.861273154414542 173.32054124025825
0.8349414505628316 0.22367616728045084 0.5028337163742713 85.5701528559673 -0.27417622395495395 0.961281782237133 0.027653812699217628 0.6470907676912296 -0.47717939220992905 -0.16095436412141165 0.8639406925943659 174.05001294280692
0.8378304357296029 0.22491368106064477 0.49744748168715547 85.97509512375277 -0.27528167401478826 0.9609206887214585 0.029179272415413383 0.6510039289925661 -0.4714447591359555 -0.1613854580153595 0.8670032139642917 174.7791404107304
0.840438434149438 0.22639340673263902 0.4923507528098535 86.37633930535694 -0.27609145559026405 0.9606771326847733 0.029545809967084228 0.656191974935623 -0.4663011329114372 -0.1607652702686479 0.869895270317615 175.51060471792553
0.8428526936435953 0.22737825190763736 0.4877483648123914 86.78152359914435 -0.27718523204208567 0.9603060700776445 0.03131451595993228 0.6624786300757431 -0.46126747550148256 -0.1615901678056449 0.8724224514035792 176.2607190882262
0.8453778806222201 0.22881179543620156 0.48268146973334725 87.20006655027113 -0.27812510504492444 0.9600107669385591 0.032027383686292654 0.6701100534809897 -0.4560511647813577 -0.16132107621541855 0.8752101721702416 177.04497524156943
0.8476853249582769 0.23068285868502472 0.4777185453374032 87.60141724417402 -0.2791807321734687 0.9597064393346537 0.03196355866743093 0.6777473121351782 -0.451096119062741 -0.16046485287596488 0.8779312742794997 177.8091631272097
0.8493696063367332 0.2329101906137725 0.47362866777639 87.94173171103483 -0.2808580044797339 0.9592167836725891 0.03196784697903336 0.6823262241857413 -0.44686693002620437 -0.16017492010008635 0.8801442732983519 178.46964538159082
0.8503823950337057 0.23451016227444826 0.4710146133685765 88.23177092145008 -0.28171704967818534 0.9589916261599071 0.03115389021929308 0.6847424694814995 -0.44439316616860514 -0.15918556701280623 0.8815751069066388 179.03386537431996
0.8507685279838495 0.23497148142597654 0.47008649704993155 88.5083615784828 -0.28191553218069343 0.9589418402688034 0.030889799241130493 0.688053347226451 -0.4435273886779382 -0.15880475401688274 0.8820796481011021 179.56915751200822
0.8503772607878617 0.2351428270059591 0.4707083653841074 88.79424305681219 -0.28254921179158926 0.9587350152853062 0.03151370149372112 0.6913374802512791 -0.443874371022799 -0.15979681277650393 0.8817258765487056 180.12036268434335
0.8498661262671264 0.23518174271153394 0.4716111908329509 89.09438448007118 -0.28144999344974597 0.959141061101437 0.0288847035011145 0.6929428227269026 -0.4455485030957315 -0.1572830976436277 0.8813333980876792 180.68983916011516
0.8493655551745373 0.235834238673476 0.47218679095496907 89.37988533067228 -0.2790580720821924 0.9600108588647476 0.022488736459385452 0.6944443056352688 -0.448000832687642 -0.15086869367457073 0.8812116040884309 181.2196779379601
0.8488881346696158 0.23603106986647784 0.4729463699774273 89.65965094026346 -0.2779611386860013 0.960392089313872 0.019612245249263693 0.6973404904592383 -0.4495848531673662 -0.14810931382266715 0.8808729141944676 181.7438094864063
0.8491974176094779 0.23056512019667633 0.47508259416030546 89.98831857899785 -0.2734174636655262 0.9616432605909544 0.02202566509117275 0.7012225156289679 -0.451781624779168 -0.14860001584350446 0.8796655039293075 182.34808681172885
0.8478777840021962 0.2314411921995397 0.47700968328617815 90.35341680511178 -0.2736658261007059 0.9616196314189636 0.01986706053433305 0.7013239643380953 -0.4541038196493654 -0.14738608829503594 0.8786734671975373 183.02532896795853
0.8471120510665263 0.2304159468683211 0.478862886812746 90.71423846416462 -0.27217858201196954 0.9620676509622266 0.018564871827645674 0.7008708127769268 -0.4564208501282738 -0.14606274816255574 0.8776933867629303 183.68398900015995
0.8465632324821727 0.22873170790286182 0.48063759654148325 91.05835064723149 -0.27052797590384375 0.9625357494162873 0.018426756334081588 0.6958270451888293 -0.458416085737296 -0.14562533054199736 0.8767257013694918 184.31018459902097
0.8455285596473953 0.2298287419428951 0.48193381723795486 91.38745147982854 -0.2709169297916598 0.9624643451558296 0.016321809214097375 0.6897051290426586 -0.4600928949384701 -0.1443645859645171 0.8760555886166294 184.9134495013413
0.845068127159602 0.2295797864494949 0.48285917420379026 91.71869845631217 -0.2679825969469313 0.9633613362765634 0.010966471675654538 0.6834977381229446 -0.46265017906896067 -0.13866527114327673 0.8756293476044631 185.50595935074824
0.8445543287374131 0.22810516945641626 0.4844543502520711 92.06701912706056 -0.2663249981309479 0.9638264255923814 0.010469799442432209 0.6734252026993207 -0.4645416893901431 -0.13786461836553124 0.8747538887146921 186.14301796574898
0.843646412288139 0.22788412218451104 0.48613738581757465 92.41364931582922 -0.2640938546270271 0.9644770745456116 0.006197469175215946 0.6569243958356792 -0.4674560588778266 -0.133614368733807 0.8738604199105677 186.7853993608048
0.8418271376986045 0.2299992382960552 0.4882903036282905 92.7511750764386 -0.2625599606914962 0.9649139208040273 -0.0018418686922994877 0.6399659087659654 -0.47158173976083356 -0.12665494787742776 0.8726793150420773 187.40475752599477
0.8407205756285384 0.2251364141829082 0.49244543730618534 93.13340263255003 -0.2586972522000379 0.9659584515427778 3.996534769193969e-05 0.620412391173292 -0.4756728344345186 -0.12742788117967319 0.8703433171335825 188.08074221353039
0.8399466154906575 0.22261890856150418 0.4949045409739875 93.51815617671872 -0.25578609600982327 0.966733119820862 -0.0007403576678402682 0.5984817057402758 -0.478605428525255 -0.12596783951591511 0.868947033595171 188.76030276424393
0.8399791898133484 0.22218383351970267 0.49504475030344364 93.87171282559176 -0.25343259839970156 0.9673441826363679 -0.004141302687892961 0.5782494726587865 -0.47979878985767177 -0.12198186931698524 0.8688576090528558 189.38603592878874
0.8406200074733505 0.21995402636015832 0.4949527546377108 94.20955143469293 -0.251151527210916 0.9679411054400024 -0.003595383040852783 0.5547442970772529 -0.4798759354407435 -0.12128578930583991 0.8689124489252806 189.9876177773961
0.8415913332648612 0.21906118378175768 0.49369649131182525 94.53431809637308 -0.24973793032289796 0.9683054843673018 -0.003931297780662399 0.529222726929095 -0.4789102148957657 -0.11998619380720324 0.8696253902480937 190.5767931023148
0.8429154161032568 0.21787435256910495 0.4919597217131352 94.84863054453814 -0.24822366399406012 0.9686956645271599 -0.0037043433490447967 0.5044013096810407 -0.4773663309543698 -0.11899359654568345 0.8706100792273677 191.15246988970557
0.843505969692239 0.21781408343602207 0.49097322141892824 95.15313072091904 -0.24751612146213695 0.9688729096906372 -0.004588516529202177 0.4798359812057236 -0.47669009713848254 -0.11765334642297083 0.8711625803290555 191.71747558164108
0.843702486039896 0.21803560284984305 0.490537043392243 95.48223440281342 -0.24692097049004721 0.9690169299862327 -0.0060186154811050835 0.4519205096575924 -0.4766509722872198 -0.11604596197180478 0.8713995555011972 192.3349095838235
0.8441751286852563 0.21832304418566062 0.4895951393618361 95.83534344262874 -0.24680462930478422 0.9690429667354808 -0.006572942584980988 0.4218789286155579 -0.4758737511808764 -0.11528563222710528 0.8719251091344001 193.0014833235843
0.844535374060273 0.21972498873660345 0.48834509446248453 96.1978840841341 -0.24740652610760872 0.9688781204796781 -0.00807455850997593 0.39296623863559127 -0.4749210595459414 -0.11400051307106153 0.8726132420604747 193.68572335525064
0.8452997267713378 0.2211873603027574 0.4863584311622434 96.57187405937074 -0.24808322573157332 0.9686933893633513 -0.009371793550834132 0.3642773216173596 -0.4732051194048082 -0.11273539393659951 0.8737091311890007 194.3906944547031
0.8463289169567332 0.22280426270308037 0.48382396059329114 96.94572301778575 -0.24922294315171056 0.9683945172328146 -0.009999179977514677 0.33697434036399837 -0.47076033066693507 -0.11211743626555212 0.875108217054094 195.0934451432381
0.8474152840697702 0.2220596870836666 0.4822622022274329 97.33182169329221 -0.24918253360518938 0.9684230042199414 -0.008059146587659117 0.3107472420667177 -0.46882342227223345 -0.11334187341810918 0.8759898506598246 195.8115708812826
0.8482681393971393 0.22133553727467495 0.48109431884303616 97.72318092070013 -0.24917040661078027 0.9684397577923531 -0.0062083811501962285 0.28390209180276954 -0.4672850009931127 -0.11460809511731078 0.8766468572808811 196.5391309221742
0.8480557765264891 0.22184882026216335 0.4812322732821839 98.10738243602357 -0.24888223580476349 0.9685016499214878 -0.007885860775921797 0.25519743180866034 -0.46782371957915436 -0.11308251433197504 0.8765576491888487 197.25237226619822
0.8465619217603373 0.22137486132991227 0.4840723947888427 98.49222958645609 -0.24861166460493267 0.9685688415811478 -0.008163292259696357 0.22332949499201143 -0.47066458635402825 -0.1134353114744908 0.8749898726630349 197.95803581892395
0.8449120302846693 0.22286129315591874 0.4862679354976105 98.85244899038705 -0.248610409720065 0.9685302741833669 -0.011915207472500395 0.1910710435084458 -0.47362065543962406 -0.11082396854093804 0.8737285177546714 198.6237078986636
0.8444055518113466 0.22454931564945732 0.48637112261269616 99.1889922298919 -0.2492184005629208 0.9683403963086065 -0.014389777543436032 0.16073684330980653 -0.4742040203235676 -0.10906182521052107 0.873633827979842 199.24956667113264
0.8447738817654401 0.22633170870571742 0.48490313086357684 99.52655788864398 -0.25065699885687 0.9679578996138483 -0.01511864740025566 0.13120423245310742 -0.47278764536630713 -0.10877252506720764 0.8744371790926342 199.88236364500574
0.8453060738552591 0.22677109577823776 0.4837690684851018 99.88207039780751 -0.2511471395927184 0.9678351021265291 -0.014843495751522483 0.10066851962892467 -0.471574761599688 -0.10894992065746086 0.87506980236489 200.54689001520362
0.8464665944722526 0.22768728742243588 0.4813032345504845 100.25671525382226 -0.2509874810533207 0.9678506415197773 -0.01644445390590718 0.07175307365474093 -0.46957383742821074 -0.10688140556695286 0.8763998952230505 201.24458444405525
0.8478708539219129 0.22608836402283328 0.47958217932196334 100.63789665449876 -0.25081166845089287 0.9679499536056755 -0.012899390824723755 0.043076495919103244 -0.4671279503932573 -0.10934778904142621 0.8774021535152188 201.95843765552593
0.8495987590043877 0.2281536774845655 0.47552901924958474 101.02048527742582 -0.25048935172518166 0.9679720376455114 -0.016888428248180397 0.016038675273229212 -0.4641519507343499 -0.10476656807715153 0.879537908701399 202.67522439038245
0.8518656167310842 0.22982619795936202 0.4706430598265661 101.4187231941628 -0.2511512885562413 0.9677803647848656 -0.018005437884464563 -0.009268498800197075 -0.4596172334540005 -0.10286439747753194 0.8821399630691676 203.4241273218112
0.8537842949169363 0.23109120443446926 0.4665289197747717 101.8182708955574 -0.2518969851262737 0.9675811629802473 -0.018292127543974523 -0.04058366342903281 -0.45563174454539923 -0.10189969714781956 0.8843167786962407 204.1878093974072
0.8557239258032375 0.23073702511885 0.4631381954095317 102.21735369073338 -0.2522351241257261 0.9675339734857318 -0.01598287546687829 -0.07222731617223035 -0.4517897796156692 -0.10314279126634701 0.8861419523104688 204.96089127165578
0.8577041676705595 0.23039011947957197 0.4596345870435999 102.61525503381039 -0.2534798893266024 0.9672682949521401 -0.011831791383904156 -0.10371153167416133 -0.44731589114129006 -0.10635994747350745 0.8880293098236699 205.74765006023375
0.860537025875086 0.23200913548346364 0.4534840550121656 102.97274775830337 -0.25581909591627233 0.9666816228132266 -0.009123063069319051 -0.1310591304773604 -0.4404913361947578 -0.10815914740511502 0.89121769594749 206.47661965498298
0.8650215204882002 0.23343721946550433 0.4441225435175468 103.28000592572613 -0.2571658143538799 0.9663416566882208 -0.007038925824950491 -0.15686007932930063 -0.4308172617479343 -0.10812431325690441 0.8959384018238821 207.12819309624078
0.8707110897171836 0.2347062512332734 0.43217493434434306 103.55327490334516 -0.2582073247082751 0.966079304436159 -0.0044446605203354445 -0.18242090579357312 -0.41855844957485944 -0.1077207183979434 0.9017788371420778 207.73889674794756
0.8766561941868107 0.2363919018464099 0.4190379289937048 103.80340072804728 -0.2599702772689458 0.9656162383223252 -0.0008574525923468961 -0.20878146146882876 -0.40483252355832827 -0.10818571546039614 0.907968324799778 208.33663219856913
0.8829438864234799 0.2371602654572565 0.40517292840914704 104.05424759994631 -0.26086040698105767 0.9653705446213977 0.0033999480968458728 -0.2323542730045037 -0.39033567797099744 -0.10869553838878462 0.9142337438736831 208.9561680947391
0.8882559676495296 0.23758835530037511 0.3931324323439362 104.27595728315485 -0.2613994114364292 0.9652031424624754 0.0072966760411146536 -0.25460981725615695 -0.3777190538425172 -0.10924590246880254 0.9194529075260394 209.52461718208465
0.8917966370627685 0.23869994175304013 0.3843450219927811 104.47351541163228 -0.26261538300163006 0.9648475002416129 0.010122345993693226 -0.27575833600065564 -0.3684181303009455 -0.1099619892717659 0.9231340326198296 210.05281350462923
0.894829243430457 0.23914897047150183 0.37694614339995025 104.6954201292659 -0.2632252762000258 0.9646487003294091 0.012858418339747418 -0.2898233412614318 -0.3605455298171042 -0.11072784146365527 0.926145920497251 210.6496696746592
0.8976449417110923 0.23927430938898447 0.37010993432615874 104.9329223238035 -0.26317944007943617 0.9646353693110216 0.01466923970972217 -0.29653330455006643 -0.3535111609835884 -0.11057309410797528 0.9288721386280361 211.29035154543917
0.9002608601881382 0.23942136722311633 0.3636038950978473 105.18061492495839 -0.26355079181357993 0.9644876452026339 0.01745171584432987 -0.3003660770627656 -0.34651315090159107 -0.11153919117731521 0.9313901680196967 211.9681393141572
0.9028853762630469 0.23916579458487158 0.3572082306315499 105.42606157030505 -0.2639217270600595 0.964305560492969 0.02145012792442245 -0.3023518327648894 -0.3393277461628684 -0.11364201997027967 0.933778438378773 212.65367580997437
0.9051487392281666 0.23909816087808397 0.3514794863692299 105.65487292032641 -0.26448659563580196 0.9640572198708044 0.02530844807484052 -0.30347094390517537 -0.3327951330813668 -0.1158695226523816 0.9358534357032953 213.30421750759277
0.9078442185305688 0.23937720710796995 0.3442636019067483 105.87832817738158 -0.2639435179202303 0.9641984024591 0.02559804764449382 -0.30685792655360994 -0.32581082583074833 -0.1141051857388809 0.9385240073429014 213.94902793667228
0.9101151311141362 0.24013017603963543 0.3376802432365149 106.07680641772751 -0.2639238410697252 0.9642019671067199 0.025666568577269403 -0.3119693450584026 -0.319428637150932 -0.11248139927429189 0.9409108781309699 214.5392452753434
0.9113706238719791 0.23966953946254227 0.3346073785752671 106.24801683036661 -0.2649415245072611 0.9637559832432734 0.03131123367990303 -0.31686724633391133 -0.3149755141831961 -0.11718752756416437 0.9418373048719332 215.06688827122494
0.912128550732083 0.2416832483151812 0.3310750887989186 106.43164541774631 -0.2662435027976751 0.9634321727401858 0.030213337239487152 -0.31719910423853465 -0.31166633465521254 -0.1157050388399088 0.9431205860491211 215.63393266305206
0.9128809067691304 0.24253559713811368 0.32836707230967693 106.6331117290265 -0.26609469916034884 0.9635378166644416 0.028080009549181696 -0.3115029286298579 -0.30958369003410796 -0.11301044189975111 0.9441327125391248 216.2425281898373
0.9131129921273514 0.24221025847770827 0.32796166589465403 106.8406406068272 -0.26737565645861 0.9630199917832274 0.03320773643532348 -0.3055561636730734 -0.3077903863696257 -0.11801138129007746 0.9441071930371264 216.87421829185675
0.913340696505088 0.2421679749726581 0.32735828079528145 107.06229268285112 -0.2679106924939937 0.962799214216067 0.035235407650694696 -0.3007747186584305 -0.30664740819871644 -0.11988471546683359 0.9442430947814463 217.54317055003284
0.9134896145859831 0.24254849653390434 0.3266602988927399 107.29707840260251 -0.2678737437884846 0.9628478288053708 0.03417185908788622 -0.29412227451216344 -0.30623582650025455 -0.11871935559934364 0.9445238658571734 218.25258508324657
0.9142639132382333 0.2397641107346006 0.3265496411787308 107.52101731248682 -0.2655310352949554 0.9634283338439569 0.03604323572938237 -0.29089195301598586 -0.30596530235551533 -0.11966209404109812 0.9444925711746995 218.9193375750247
0.9146571987764954 0.24091728587514508 0.32459370002032906 107.7185884378375 -0.2651860897019075 0.9636657202846005 0.03201120705270864 -0.29211574232277765 -0.3050877686092097 -0.1153570150225502 0.9453117012552726 219.52395790695462
0.9149608334152709 0.24113173161170373 0.3235771335029307 107.88691492790286 -0.2646267725756583 0.963884871062979 0.02997710079531616 -0.29567807752546915 -0.3046626733819292 -0.1130550456452198 0.945726816846139 220.03814924754187
0.9150585506148083 0.24015126529760997 0.32402965716533155 108.03280405801696 -0.26451907721388424 0.9638269034581445 0.032670444750525995 -0.30109259664629345 -0.30446265244959286 -0.11560739572466255 0.9454826404102388 220.49001925609906
0.9154285889341165 0.23982661748402404 0.32322390398648265 108.19203824809003 -0.26344330237357155 0.9641859505121988 0.030709595721724013 -0.30042569137719866 -0.3042829686272292 -0.11326361455055248 0.9458241002545567 220.9769576316506
0.9156565229939575 0.23994330719735948 0.32249083898586767 108.35535472160329 -0.2635646218334184 0.964143738861585 0.030992594789851224 -0.297298385757751 -0.303491057555941 -0.11337574760588812 0.9460650706153247 221.48122673087363
0.9160860245889015 0.23979454115296614 0.321379796480955 108.54084725456438 -0.26382112005801456 0.9640163514680664 0.032724466588921225 -0.2934977384607972 -0.30196823038895576 -0.11476520437585973 0.9463847714858511 222.05369970515318
0.9169677511986204 0.2390897448284274 0.31938415298762346 108.7446174468681 -0.26239399991770723 0.9644510472354901 0.03136186049248093 -0.28764069774889856 -0.3005320815968432 -0.1125623001019468 0.9471062224095165 222.67415217366346
0.917845014875381 0.23833152916629352 0.3174249688881879 108.9576043798692 -0.26129281036567614 0.9647561494443264 0.03117113024195298 -0.28346448578314076 -0.29880862758564863 -0.11155112870163995 0.9477709373924524 223.32959801723712
0.918561527467643 0.2376575727816093 0.3158537610285239 109.19565163036265 -0.2609469985140046 0.9647907759889317 0.03294575136803662 -0.27691318432400946 -0.29690298789813996 -0.11268379060994617 0.9482357191705697 224.0691573414311
0.9186103761009722 0.23616570165541662 0.3168291941744546 109.43042584856218 -0.26132436582259116 0.9644725644921557 0.038758846336574705 -0.2679028096287431 -0.2964195552709895 -0.11839946665220288 0.9476903574213571 224.80209039961144
0.9187318633901436 0.23690985440797482 0.31592005962911857 109.64249200528096 -0.2612601878777275 0.9645806712205739 0.03643134553868321 -0.2621417303622161 -0.2960994384016446 -0.1160079721056113 0.9480861105333055 225.4628702073946
0.9192644264902055 0.2365896072178203 0.314608124412181 109.83620279342074 -0.2605047131346868 0.9648151387532954 0.035623622318221214 -0.256882146191106 -0.2951105023957103 -0.11470442793970068 0.948552942954042 226.05667892485016
0.919567616730883 0.23633764097258045 0.3139106843027147 110.00266261800556 -0.2608921903508218 0.9646193056240965 0.03801131714679058 -0.25461915779308936 -0.2938208012953383 -0.11685082231973681 0.9486913207410319 226.570148795096
0.9195744296829265 0.237889546172657 0.31271621655278287 110.16515856079296 -0.2625066392946704 0.9641630304994847 0.03846966264818122 -0.25194747088399116 -0.292357884449075 -0.11746580115001153 0.9490672541820436 227.08109376764256
0.9201031824718285 0.23752473044200248 0.31143560495496675 110.33234433265335 -0.26265557659060507 0.9640289810094059 0.0407452065870415 -0.24660495009906752 -0.29055495468339554 -0.11929009264149999 0.9493933284506 227.60948802348216
0.9199303384069113 0.23795354875946065 0.31161880737741715 110.4851664205637 -0.263589147759203 0.9637093869828404 0.04224900738162169 -0.24451872495410637 -0.2902566685919947 -0.12100547952028425 0.949267475616825 228.09595105931402
0.9196195939061782 0.23927942460831808 0.3115207207601881 110.64773133686991 -0.2638728626886609 0.9637816083783824 0.038679758117994005 -0.24326997835408623 -0.29098267103098635 -0.11777252782668492 0.9494517980650633 228.61038424316396
0.9192046710258792 0.2422441669856568 0.31045214820585376 110.83065328630417 -0.26506310828814605 0.9636707472629 0.03286699703939155 -0.24008962644490484 -0.2912118153317821 -0.11250090857937851 0.9500206440809477 229.1937899147557
0.9186541844326535 0.24375798097685272 0.3108963430702647 111.02511665649386 -0.26713820512601927 0.9630483888907594 0.03427798151814869 -0.23499378330085668 -0.2910526907390233 -0.11454190222358637 0.9498255017889197 229.8222583979484
0.9181307693879925 0.24416114542605247 0.3121237340659152 111.20199563476015 -0.2689777252446462 0.9623812321619336 0.038384206448633565 -0.23021744345460232 -0.2910100919645725 -0.11919605298294651 0.9492657306192266 230.3922490915598
0.9182092797270119 0.24467834160702304 0.3114871229627926 111.37178846683312 -0.2690744835493178 0.962400589368015 0.03720252527399824 -0.2276698852564832 -0.29067273853230546 -0.11797294067934046 0.9495218503760696 230.92809297978198
0.9183384765540512 0.24438284473005126 0.3113381886020908 111.56364987669699 -0.26857236123125355 0.9625625177895719 0.03663722327451065 -0.22202061100371528 -0.2907289618580399 -0.11726220426140992 0.9495926738284675 231.5267702315861
0.9182733625380699 0.24408256026264896 0.31176551353325765 111.77375806887571 -0.2679459547358562 0.9627818442112511 0.03544130073614212 -0.21125354447850866 -0.2915115726583033 -0.11608111057708369 0.9494978561184171 232.17108697712413
0.9176175849335323 0.24552862314910054 0.31255985512419493 111.99513274691223 -0.26936226918479345 0.9624105202349326 0.034784457459363635 -0.19786707621875801 -0.2922703128276474 -0.11611066167940814 0.9492609643738626 232.8583594597424
0.9173113783005168 0.24543335538225064 0.31353198131325455 112.22228988275232 -0.26974367237508234 0.9622612754974129 0.03593868238671419 -0.18415405047228664 -0.29287913284153694 -0.11754023032093455 0.9488973115158919 233.5590051269379
0.9171816402525769 0.24548171146961992 0.31387349062566255 112.4494706227314 -0.27033534848130075 0.9620338065076994 0.03754669756179583 -0.16976644217186712 -0.2927398813709649 -0.11928824112312637 0.9487221286470875 234.26498557771046
0.9172328897022026 0.24578624377285976 0.3134851645940746 112.67720144597898 -0.27082709543043926 0.9618668814010252 0.03827253381440824 -0.1555183856904846 -0.29212413530767833 -0.12000510337436163 0.9488215136340694 234.97688144552356
0.917299529499041 0.24727656351436508 0.3121151619472574 112.90013330219766 -0.2720748448633367 0.9615318825392906 0.03783804504775694 -0.14086746300976477 -0.29075221748669283 -0.11962750518576654 0.9492904761081283 235.6745872567789
0.9174557722198038 0.24769227943864294 0.31132529728091707 113.09681067449078 -0.27266479478579503 0.9613310472260366 0.03868497542598586 -0.12842109252536932 -0.2897047043197328 -0.12037920229748017 0.9495156828347993 236.29009494502947
0.9175079634329361 0.24805354589919112 0.3108835399373577 113.273259843711 -0.2734242418675582 0.9610560968094021 0.04012932524508059 -0.11829428116243933 -0.2888223000329045 -0.12182207169602687 0.9496004748584468 236.84815919412267
0.9178966434897075 0.24781293099531143 0.30992660921876447 113.43107950511964 -0.27309776494993193 0.9611414832569294 0.04030707062065767 -0.1079570564331771 -0.28789470757497565 -0.12163798910776011 0.9499056989807653 237.33819605644027
0.9184804732998466 0.24625088174396204 0.30944163166453503 113.56498646379264 -0.27174651993034177 0.96147533731006 0.04146088096329103 -0.09906812780599426 -0.2873107186873441 -0.12217069609699649 0.950014143022373 237.74759940217564
0.9184744576435852 0.2465090983157416 0.30925383603745543 113.68699877288472 -0.2721109160029007 0.9613551492100487 0.041856020825979744 -0.0877958562929178 -0.28698487773467257 -0.1225950306288235 0.9500579658193122 238.13165059305786
0.9186123742997716 0.24653934177293643 0.30881978359797935 113.80517773233524 -0.2723011787540063 0.9612696366209746 0.042576446067700266 -0.07718169784220878 -0.28636231217203767 -0.12320324130778353 0.9501671366126788 238.50797568483293
0.918565547421751 0.24721771225665742 0.30841650059029385 113.92116401453852 -0.2732614628667772 0.9609515917053146 0.04359141327061122 -0.06745481702610914 -0.28559675768763276 -0.12431991451736304 0.9502520985784265 238.88128215873306
0.9183858451050477 0.24663279637862026 0.30941833051897333 114.03537224731052 -0.2732725682593754 0.9608739752108932 0.045202955648262835 -0.05918846957214555 -0.2861634898927759 -0.1260692964717243 0.9498510354468789 239.23480755022112
0.918756531580976 0.24494719769483425 0.30965675516407226 114.1518315765446 -0.27140494852829844 0.9614243980307721 0.044749086979708315 -0.054041489277187035 -0.2867503959747001 -0.12515589164163748 0.9497948268945962 239.57864424094458
0.9185683262561444 0.2457818144005526 0.309553758996652 114.265817275856 -0.27144358056734064 0.961536078961465 0.04203274228730926 -0.049434809321149194 -0.2873162239898191 -0.12263632645094069 0.949952482425751 239.9253310971055
0.9186555091585628 0.2446767768144304 0.31016984118434665 114.39248211332827 -0.2698730727633534 0.9620481848007892 0.040395726491428384 -0.04396971243156217 -0.28851443653635156 -0.12081624480675444 0.9498225386359824 240.3072739391784
0.91814093518204 0.2432562952346866 0.3127996131259496 114.53738776619937 -0.26881906328174654 0.9623318215540426 0.040666650228418796 -0.03712846462441157 -0.29112460280672675 -0.12142421526685213 0.9489481680194399 240.7497860645269
0.9171491288940897 0.24227932605195995 0.3164462095469312 114.68926446847384 -0.2684669809160536 0.9624052842998022 0.041249835267964385 -0.02983305808775781 -0.29455552197613416 -0.12278760898243199 0.9477131673421769 241.21364993979705
0.9161863409029847 0.24115673789205805 0.3200718927242144 114.85317214336872 -0.2677865626608367 0.9625943810799711 0.04126032442382344 -0.02124454054863644 -0.29814920023554464 -0.12351309761529858 0.9464943576780452 241.70242347912725
0.9154532504736524 0.2402346247456738 0.32285084988354806 115.03334241226698 -0.2673298922207435 0.9627036516418522 0.041670227269440356 -0.008856225817015556 -0.3007990607074281 -0.12445482790452962 0.9455320834793389 242.22963612590237
0.9150413506849051 0.2389892651104934 0.32493608248191036 115.20890355610176 -0.2664821987795625 0.9629150914566764 0.042210950932055985 0.0028705217478264336 -0.3027978934377775 -0.12521444727715975 0.9447935107327508 242.7376462166034
0.9145213659525127 0.2388526624163823 0.3264966720702618 115.37162580934661 -0.2666828499061846 0.9628422745666891 0.042602956155152756 0.012518103846495012 -0.3041889688701205 -0.12603237664920794 0.9442377408544321 243.21050199464938
0.9140345004980397 0.23861768843413725 0.328028246749648 115.53399641331595 -0.2666665181494897 0.9628446855219963 0.04265067010111566 0.022979833441310923 -0.3056630497743033 -0.12645833435719048 0.9437046093318997 243.67589376541818
0.9137882072344943 0.23804008777146618 0.32913223624087823 115.68836988704057 -0.2659207445597082 0.9630904083355004 0.04174952676340205 0.030731313717250998 -0.30704603878242825 -0.1256733145337941 0.943360455012879 244.11329094963494
0.9135980650304647 0.2374685272527776 0.3300716197084917 115.83307550415574 -0.2655120603977714 0.9631949330670309 0.041938844730470624 0.03643713151680923 -0.30796415595962123 -0.12595324322300266 0.9430237850476952 244.52842973062735
0.9134885727025515 0.23791456938721814 0.33005345811724096 115.9729777596381 -0.2663048821618403 0.9629321292101563 0.04293511699718228 0.043166846117899615 -0.3076041893060374 -0.12711558601559317 0.9429853076868613 244.93734508710057
0.9137533669537946 0.23899417581793456 0.3285370120788672 116.10718345228585 -0.2676182026086982 0.9625134154151412 0.044140942200727305 0.05133963144249966 -0.305671853485228 -0.12825641921940636 0.9434590658401232 245.33818899615912
0.9151450716505893 0.23889444772435667 0.3247136287255458 116.24129267424932 -0.26736908486506844 0.9625244087917433 0.04539311554100698 0.060146273840917724 -0.30170063024802274 -0.12835967172978346 0.944722458916567 245.7413846729507
0.9175951438797884 0.2391067796974035 0.31756432392661393 116.37526526921256 -0.2672354357655195 0.9624600231348638 0.047496586597866146 0.07026594154454947 -0.2942862106851835 -0.12844707770117944 0.9470464478739042 246.16654254480378
0.9209137370288295 0.24020498256876072 0.3069518778257219 116.50979944314416 -0.2676191450902955 0.9622310002626608 0.04991488069360867 0.08262482500047176 -0.28336880938581827 -0.12811349844048023 0.9504151984183552 246.6190209312788
0.9255469141072548 0.24056335569943946 0.2923904609955025 116.64707732925046 -0.26711557043755224 0.9621542001809418 0.05393113297522935 0.09831233462857991 -0.26835085581447254 -0.1280178384788444 0.9547770688568307 247.10468424260935
0.930958433972574 0.24197284509713862 0.27343287375684794 116.7705844222759 -0.26719434402457876 0.9618639970621966 0.05852207854142061 0.1180056549879133 -0.24884448303430087 -0.1275413399299577 0.9601091760171128 247.5920244897183
0.9374657877204596 0.24152820031696023 0.25064322313860415 116.88357444886485 -0.26475675950645683 0.9622556083188097 0.06299208326953676 0.14240203339304938 -0.22596848264591926 -0.12541241051286006 0.9660279354863666 248.06816610399184
0.9437818165235563 0.24099361552011844 0.22626966230150597 116.97719338231799 -0.26239869333808974 0.962461676321545 0.06938621870936282 0.17187908830095194 -0.2010542427653802 -0.12485831526518958 0.9715902390283545 248.52711333260714
0.9467677186404099 0.24340341047977512 0.21067906091315225 117.05024826388059 -0.26341608767754265 0.9619632325986224 0.07237889112900686 0.1961252174177626 -0.18504824152931534 -0.12402225161325407 0.9748721092593037 248.9421705175121
0.9459491273868499 0.2453925922205095 0.21204415596605342 117.13004335175917 -0.2654750701056299 0.9614517076219798 0.07164915256434429 0.21210341846942987 -0.18628804456665823 -0.12406889051682628 0.9746300194727492 249.32798057637893
0.9427036668044831 0.2457117744709225 0.22568899060373437 117.22781362255361 -0.2668732616811445 0.9613209509023914 0.06812262146885095 0.2203550779611621 -0.20022102485266238 -0.12444980209896374 0.9718146880781723 249.70984474444947
0.9369102692397954 0.24585236464452012 0.24850706668365058 117.34902657702258 -0.26878139554703967 0.961175203444432 0.06244028900749798 0.22497760593209346 -0.2235077376754581 -0.12529502417195876 0.9666154603134299 250.10071564480714
0.9295807715511166 0.24679252897293855 0.2738120464946202 117.48714862577745 -0.27147040851673304 0.9608390702725124 0.055606639330309696 0.2302391082447141 -0.24936600903529343 -0.12602273081073156 0.9601743929395394 250.5172164258167
0.9219246581058513 0.24736556164802795 0.2981026730624277 117.63874517583821 -0.27366065159628783 0.960564143239648 0.049258242865282846 0.23420654403175975 -0.2741619458354959 -0.1269913604653304 0.953261990128032 250.94276918546188
0.9151128329777812 0.24572251720145105 0.3196700603115061 117.80613752177962 -0.27320357574219184 0.9609760120125417 0.043415556407248354 0.23658621717121422 -0.2965270799118709 -0.12706513635396968 0.9465337511162945 251.37972960551872
0.9090238830375015 0.24618054746433887 0.3362598966834744 117.97264006533035 -0.274607516081623 0.9607665431685826 0.038966160182554034 0.2370613922445564 -0.3134745478964839 -0.12776066522231905 0.9409627624104169 251.81705542602268
0.9048573513254051 0.2460546371794196 0.3474050795179545 118.12874757201085 -0.27578223450933337 0.9604670294203188 0.038042667171830774 0.23586879823276144 -0.32431055006183884 -0.1302313361638113 0.9369431499293716 252.22392956630526
0.9032213674326078 0.2457318750575195 0.35186219887036096 118.26697317006928 -0.2758784094868073 0.960464325513034 0.03740832254755028 0.2343676436652784 -0.32875867226918987 -0.1308591800276447 0.9353040203111974 252.582982203857
0.9046661706190884 0.24519470016444392 0.34850922333370576 118.40276003499132 -0.27511078687588736 0.9606505936662362 0.0382686795334945 0.23817895628119265 -0.3254123148897806 -0.13049902643305614 0.9365238007750234 252.94805547685334
0.9090167736532941 0.24249749752981073 0.3389446398878953 118.56189832904553 -0.27210262028641036 0.961353224951523 0.041954033281379303 0.24869208942226298 -0.31567177455424567 -0.13036464462071284 0.93987041137738 253.39055170929078
0.9134818832259848 0.2438894904015611 0.325682000561245 118.70539519307401 -0.2725490751165754 0.9611018200412601 0.04472463713073417 0.2644245309492644 -0.3021056945358836 -0.12961947378786565 0.9444209555828085 253.83287934210247
0.9186614878540518 0.24317795640757345 0.3113286884487453 118.82352460170492 -0.27137575453751633 0.9611739137013725 0.049999074683230164 0.2804133270688306 -0.2870823411200601 -0.13041928207677614 0.9489860590543997 254.22160948917028
0.9245214949578033 0.24069232501763202 0.29551177648038807 118.9463141589491 -0.2678420373855068 0.9619214597003798 0.054477044496470506 0.2932980553353114 -0.2711469128907247 -0.1295156749026778 0.953784588669963 254.63732456167506
0.9302445671009144 0.239932942386113 0.2776278598000822 119.06168470498886 -0.26489053486155145 0.9626742994797339 0.05559854010640535 0.31043254244920193 -0.25392528412900167 -0.12526123214763796 0.959078502418263 255.05904481554595
0.9348140399615689 0.24082176438784691 0.2610126213190737 119.14252596108608 -0.2652786963202699 0.9621524668144431 0.062368612951537665 0.3306073871896126 -0.2361142180584408 -0.127544142946687 0.9633185182641528 255.4175753617183
0.9390014626231292 0.2398486794020014 0.24647284674125772 119.21355758450414 -0.26360300544902693 0.9622396496232012 0.06788455060805784 0.3472404592160724 -0.22088392587480182 -0.12871467547305357 0.9667692711334996 255.74077229298177
0.9425807797284113 0.2390929122883571 0.23318673414251453 119.27914213502501 -0.261981757969323 0.9623656885680979 0.0722346174500335 0.3656200912704486 -0.20714012691384515 -0.1291776325852177 0.9697453825936947 256.05700508275174
0.9455949659622264 0.23810354210657855 0.22171347181259915 119.34064459773153 -0.26030882538187583 0.9624847998383103 0.07656582467729778 0.3840017807195171 -0.1951652524790325 -0.130114231798475 0.9721012349072935 256.3695605388877
0.9479556772374155 0.23897419852149349 0.21040761971554695 119.39967790863207 -0.26025745753075424 0.9622479252114725 0.07965542182326911 0.40491998782536265 -0.18342870493186436 -0.13026996149237566 0.9743632009367917 256.70247778181323
0.9497440289791651 0.24177761667344871 0.19882118472167162 119.45297178159551 -0.2617123519889511 0.9617749264349694 0.080595506682565 0.42914289502665637 -0.17173504078910162 -0.12857906111305545 0.9767161823213781 257.03379631238926
0.9518856174809776 0.23969871222926492 0.19094056297311363 119.50867066129113 -0.25926020924871707 0.9620849803201799 0.08471501958111878 0.4530110041197972 -0.163394966670243 -0.13014229903436417 0.9779391938504547 257.3400172374854
0.9537658859650857 0.2371167817747678 0.18467882003633151 119.55655525198672 -0.2565528919470534 0.9623964161535777 0.08929586669242863 0.4699867779575649 -0.1565606860065417 -0.1325472367706152 0.9787338665958344 257.60480088023536
